Time	Channel A	Channel B	Channel C
(us)	(V)	(mV)	(mV)

-4.59999956	0.00000000	-3.16190900	3.15575800
-4.39999957	0.00000000	-3.16190900	3.15575800
-4.19999958	0.00000000	-3.11884800	3.15575800
-3.99999959	0.00000000	-2.78666300	3.15575800
-3.79999960	0.00000000	-2.37450800	3.15575800
-3.59999962	0.00000000	-2.41141700	3.15575800
-3.39999963	0.00000000	-2.37450800	3.15575800
-3.19999964	0.00000000	-2.78666300	3.15575800
-2.99999965	0.00000000	-3.06963600	3.15575800
-2.79999966	0.00000000	-2.78666300	3.15575800
-2.59999968	0.00000000	-2.41756900	3.11269700
-2.39999969	0.00000000	-2.78666300	2.78051200
-2.19999970	0.00000000	-3.11884800	2.41141700
-1.99999971	0.00000000	-3.16190900	2.78051200
-1.79999972	0.00000000	-3.16190900	3.11269700
-1.59999973	0.00000000	-3.16190900	3.15575800
-1.39999975	0.00000000	-3.16190900	3.15575800
-1.19999976	0.00000000	-3.11884800	3.15575800
-0.99999977	0.00000000	-2.78666300	3.15575800
-0.79999978	0.00000000	-2.41756900	3.15575800
-0.59999979	0.00000000	-2.78666300	3.15575800
-0.39999981	0.15871060	-3.11884800	3.15575800
-0.19999982	0.47736220	-3.16190900	3.11269700
0.00000017	0.79601380	-3.16190900	2.78051200
0.20000016	0.95533960	-3.16190900	2.36835600
0.40000015	0.95533960	-3.16190900	2.40526600
0.60000013	0.47736220	-3.11884800	2.36835600
0.80000012	-0.31803640	-2.78666300	2.78051200
1.00000011	-1.27399100	-2.41756900	3.11269700
1.20000010	-2.22994600	-2.78666300	3.15575800
1.40000009	-2.70792300	-3.06963600	3.15575800
1.60000008	-2.70792300	-2.78666300	3.15575800
1.80000006	-1.75196900	-2.41756900	3.15575800
2.00000005	0.00000000	-2.78666300	3.15575800
2.20000004	2.22994600	-3.06963600	3.15575800
2.40000003	3.98191400	-2.78666300	3.11269700
2.60000002	5.25652100	-2.41756900	2.73745100
2.80000000	5.09719500	-2.78666300	1.99311000
2.99999999	3.50393700	-3.11884800	1.61786400
3.19999998	0.63668800	-3.16190900	1.61786400
3.39999997	-2.70792300	-3.16190900	1.99311000
3.59999996	-5.73449800	-3.16190900	2.73745100
3.79999994	-7.64579200	-3.11884800	3.11269700
3.99999993	-7.80511800	-2.74360200	3.15575800
4.19999992	-5.73449800	-1.99926200	3.15575800
4.39999991	-2.22994600	-1.67322800	3.15575800
4.59999990	2.07062000	-1.95620100	3.11269700
4.79999989	6.21247500	-2.36835600	2.78051200
4.99999987	8.92039900	-2.37450800	2.36835600
5.19999986	9.39837600	-2.78666300	2.36220500
5.39999985	7.48646600	-3.06963600	1.99311000
5.59999984	3.66326300	-2.78666300	1.99311000
5.79999983	-1.11466500	-2.41756900	2.36220500
5.99999981	-5.73449800	-2.74360200	2.36835600
6.19999980	-8.60174700	-2.69439000	2.78051200
6.39999979	-9.39837600	-1.99926200	3.11269700
6.59999978	-7.96444400	-1.62401600	3.15575800
6.79999977	-4.45989200	-1.58095500	3.15575800
6.99999975	-0.15871060	-1.62401600	3.15575800
7.19999974	3.98191400	-1.95620100	3.15575800
7.39999973	6.84916400	-2.36835600	3.11269700
7.59999972	7.80511800	-2.37450800	2.73745100
7.79999971	6.84916400	-2.74360200	1.99311000
7.99999970	4.14124000	-2.74360200	1.61786400
8.19999968	0.95533960	-2.41756900	1.61786400
8.39999967	-2.07062000	-2.74360200	1.99311000
8.59999966	-4.30056600	-2.74360200	2.73745100
8.79999965	-5.25652100	-2.41756900	3.11269700
8.99999964	-4.61921700	-2.74360200	3.15575800
9.19999962	-3.18590100	-2.74360200	3.15575800
9.39999961	-1.11466500	-2.41756900	3.15575800
9.59999960	0.63668800	-2.74360200	3.15575800
9.79999959	1.91129400	-2.74360200	3.15575800
9.99999958	2.54859700	-2.41756900	3.15575800
10.19999956	2.38927200	-2.78666300	3.15575800
10.39999955	1.75196900	-3.11884800	3.15575800
10.59999954	0.79601380	-3.16190900	3.15575800
10.79999953	0.00000000	-3.16190900	3.11269700
10.99999952	-0.63668800	-3.11884800	2.78051200
11.19999951	-0.95533960	-2.78666300	2.41141700
11.39999949	-0.95533960	-2.37450800	2.78051200
11.59999948	-0.79601380	-2.36835600	3.11269700
11.79999947	-0.47736220	-1.99926200	3.15575800
11.99999946	-0.15871060	-1.99926200	3.15575800
12.19999945	-0.15871060	-2.32529500	3.15575800
12.39999943	0.00000000	-1.99926200	3.15575800
12.59999942	0.00000000	-2.04847400	3.15575800
12.79999941	0.00000000	-2.69439000	3.15575800
12.99999940	0.00000000	-2.74360200	3.15575800
13.19999939	0.15871060	-2.37450800	3.15575800
13.39999937	0.00000000	-2.41141700	3.15575800
13.59999936	0.00000000	-2.33144700	3.15575800
13.79999935	0.00000000	-2.36835600	3.15575800
13.99999934	-0.15871060	-1.99926200	3.15575800
14.19999933	-0.15871060	-2.04847400	3.15575800
14.39999932	-0.15871060	-2.74360200	3.15575800
14.59999930	-0.15871060	-3.11884800	3.15575800
14.79999929	0.00000000	-3.16190900	3.15575800
14.99999928	0.00000000	-3.16190900	3.15575800
15.19999927	0.00000000	-3.16190900	3.15575800
15.39999926	0.00000000	-3.16190900	3.15575800
15.59999924	0.00000000	-3.16190900	3.15575800
15.79999923	0.00000000	-3.16190900	3.15575800
15.99999922	0.00000000	-3.16190900	3.15575800
16.19999921	0.00000000	-3.11884800	3.15575800
16.39999920	0.00000000	-2.74360200	3.15575800
16.59999919	-0.15871060	-1.99926200	3.15575800
16.79999917	0.00000000	-1.62401600	3.15575800
16.99999916	0.00000000	-1.58095500	3.15575800
17.19999915	0.00000000	-1.53789400	3.15575800
17.39999914	0.00000000	-1.16264800	3.15575800
17.59999913	0.00000000	-0.46751960	3.15575800
17.79999911	0.00000000	-0.51058070	3.15575800
17.99999910	0.00000000	-1.62401600	3.15575800
18.19999909	0.00000000	-3.16190900	3.15575800
18.39999908	0.00000000	-4.74286400	3.15575800
18.59999907	0.00000000	-6.28075700	3.15575800
18.79999905	0.00000000	-7.43725300	3.15575800
18.99999904	0.00000000	-7.76943800	3.15575800
19.19999903	0.00000000	-6.97588500	3.15575800
19.39999902	0.00000000	-4.60752900	3.15575800
19.59999901	0.00000000	-1.11343500	3.15575800
19.79999900	0.00000000	3.11884800	3.15575800
19.99999898	0.00000000	6.93282500	3.15575800
20.19999897	0.00000000	8.83981200	3.15575800
20.39999896	0.00000000	8.46456700	3.15575800
20.59999895	0.00000000	5.67790300	3.15575800
20.79999894	0.00000000	0.60900590	3.15575800
20.99999892	0.00000000	-6.41609200	3.15575800
21.19999891	0.00000000	-14.09326000	3.11269700
21.39999890	0.00000000	-20.60162000	2.78051200
21.59999889	0.00000000	-23.58514000	2.36835600
21.79999888	0.00000000	-21.58587000	2.40526600
21.99999886	0.00000000	-14.19168000	2.36835600
22.19999885	0.00000000	-2.60826800	2.78051200
22.39999884	0.00000000	10.51304000	3.11269700
22.59999883	0.00000000	22.05339000	3.15575800
22.79999882	0.00000000	28.98007000	3.15575800
22.99999881	0.00000000	29.26304000	3.15575800
23.19999879	0.00000000	22.28100000	3.19881900
23.39999878	0.00000000	8.66141700	3.57406500
23.59999877	0.00000000	-8.69832600	4.31840500
23.79999876	0.00000000	-26.46407000	4.69365100
23.99999875	0.00000000	-39.87451000	4.69365100
24.19999873	0.00000000	-45.26944000	4.26919300
24.39999872	0.00000000	-40.94488000	3.11269700
24.59999871	0.00000000	-27.35605000	1.57480300
24.79999870	0.00000000	-6.88361200	0.04306102
24.99999869	0.00000000	15.86491000	-1.15649600
25.19999867	0.00000000	35.17470000	-1.90698800
25.39999866	0.00000000	46.71506000	-2.26993100
25.59999865	0.00000000	47.41018000	-1.43946800
25.79999864	0.00000000	36.20201000	0.51058070
25.99999863	0.00000000	15.77264000	3.66633800
26.19999862	0.00000000	-8.93208600	7.84940900
26.39999860	0.00000000	-32.14813000	11.70029000
26.59999859	0.00000000	-48.75738000	13.98253000
26.79999858	0.00000000	-55.31496000	14.30241000
26.99999857	0.00000000	-49.87696000	11.52190000
27.19999856	0.00000000	-33.68602000	5.75787400
27.39999854	0.00000000	-10.51304000	-1.58095500
27.59999853	0.00000000	14.19168000	-8.91978400
27.79999852	0.00000000	34.66412000	-14.67766000
27.99999851	0.00000000	46.29675000	-17.32899000
28.19999850	0.00000000	46.71506000	-15.74803000
28.39999848	0.00000000	36.33735000	-9.89788300
28.59999847	0.00000000	17.82111000	-0.55979330
28.79999846	0.00000000	-4.18922200	11.00517000
28.99999845	0.00000000	-24.70472000	22.15797000
29.19999844	0.00000000	-39.45005000	29.82899000
29.39999843	0.00000000	-45.64468000	32.14813000
29.59999841	0.00000000	-42.24286000	28.20497000
29.79999840	0.00000000	-30.33341000	18.49163000
29.99999839	0.00000000	-13.71801000	4.18307100
30.19999838	0.00000000	4.09694900	-11.56496000
30.39999837	0.00000000	19.58661000	-24.71703000
30.59999835	0.00000000	29.31225000	-32.43110000
30.79999834	0.00000000	32.09892000	-33.12623000
30.99999833	0.00000000	27.86663000	-25.78740000
31.19999832	0.00000000	17.81496000	-11.89715000
31.39999831	0.00000000	4.27534400	5.11195900
31.59999829	0.00000000	-10.00246000	22.15797000
31.79999828	0.00000000	-21.62893000	35.58686000
31.99999827	0.00000000	-28.24188000	42.18134000
32.19999826	0.00000000	-29.07234000	40.28051000
32.39999825	0.00000000	-24.05266000	30.98548000
32.59999824	0.00000000	-14.83760000	15.88336000
32.79999822	0.00000000	-3.62942900	-2.22687000
32.99999821	0.00000000	6.84055100	-18.81767000
33.19999820	0.00000000	14.60999000	-30.48105000
33.39999819	0.00000000	18.46703000	-35.12549000
33.59999818	0.00000000	17.35359000	-32.05585000
33.79999816	0.00000000	11.95866000	-21.97957000
33.99999815	0.00000000	3.90625000	-6.92052100
34.19999814	0.00000000	-4.97662400	10.07628000
34.39999813	0.00000000	-11.91560000	25.08612000
34.59999812	0.00000000	-15.85876000	34.79330000
34.79999810	0.00000000	-16.23400000	37.12475000
34.99999809	0.00000000	-13.16437000	32.14813000
35.19999808	0.00000000	-7.39419200	20.95226000
35.39999807	0.00000000	-0.51058070	6.31151500
35.59999806	0.00000000	5.25959600	-8.32308000
35.79999805	0.00000000	8.37844500	-19.55585000
35.99999803	0.00000000	8.37844500	-25.00000000
36.19999802	0.00000000	5.35187000	-24.20645000
36.39999801	0.00000000	0.37524600	-16.91068000
36.59999800	0.00000000	-4.65059000	-5.01968500
36.79999799	0.00000000	-8.88902600	7.67101300
36.99999797	0.00000000	-11.20817000	18.44242000
37.19999796	0.00000000	-10.83907000	24.16338000
37.39999795	0.00000000	-8.51377900	23.13607000
37.59999794	0.00000000	-4.23228400	16.67692000
37.79999793	0.00000000	1.07037400	7.43110200
37.99999791	0.00000000	5.30265700	-2.55905500
38.19999790	0.00000000	7.25885800	-10.59301000
38.39999789	0.00000000	6.93282500	-14.03789000
38.59999788	0.00000000	4.60752900	-12.12475000
38.79999787	0.00000000	1.11343500	-5.25344500
38.99999786	0.00000000	-3.16190900	4.27534400
39.19999784	0.00000000	-7.39419200	13.10285000
39.39999783	0.00000000	-10.51304000	18.86688000
39.59999782	0.00000000	-12.05093000	19.98031000
39.79999781	0.00000000	-11.62648000	15.74803000
39.99999780	0.00000000	-8.97514600	7.33882900
40.19999778	0.00000000	-5.11811000	-2.60211600
40.39999777	0.00000000	-1.20570900	-11.06053000
40.59999776	0.00000000	2.69439000	-15.66191000
40.79999775	0.00000000	5.77017700	-15.28666000
40.99999774	0.00000000	7.35113100	-9.89788300
41.19999772	0.00000000	7.30807100	-1.06422200
41.39999771	0.00000000	5.39493100	8.91978400
41.59999770	0.00000000	1.91314000	17.32899000
41.79999769	0.00000000	-1.95620100	21.60433000
41.99999768	0.00000000	-5.85629900	20.85999000
42.19999767	0.00000000	-8.93208600	15.88336000
42.39999765	0.00000000	-10.51304000	7.80634800
42.59999764	0.00000000	-10.51304000	-0.97810030
42.79999763	0.00000000	-8.97514600	-7.99089500
42.99999762	0.00000000	-6.32381900	-11.85408000
43.19999761	0.00000000	-3.53715500	-12.26624000
43.39999759	0.00000000	-0.87352360	-8.78444900
43.59999758	0.00000000	1.43946800	-2.73745100
43.79999757	0.00000000	1.86392700	3.85703700
43.99999756	0.00000000	1.62401600	9.25196800
44.19999755	0.00000000	1.53789400	12.77067000
44.39999753	0.00000000	1.16264800	13.56422000
44.59999752	0.00000000	0.41830710	12.07554000
44.79999751	0.00000000	0.04306102	8.96284400
44.99999750	0.00000000	0.00000000	4.73671200
45.19999749	0.00000000	-0.04306102	0.51058070
45.39999748	0.00000000	-0.55364170	-2.55905500
45.59999746	0.00000000	-2.46678100	-3.76476400
45.79999745	0.00000000	-5.53026500	-3.02042300
45.99999744	0.00000000	-8.23695900	-1.11343500
46.19999743	0.00000000	-10.55610000	1.58095500
46.39999742	0.00000000	-11.62648000	4.26919300
46.59999740	0.00000000	-10.42077000	6.22539300
46.79999739	0.00000000	-6.93282500	7.38188900
46.99999738	0.00000000	-1.48868100	7.38188900
47.19999737	0.00000000	4.65059000	6.26845500
47.39999736	0.00000000	10.04552000	4.68750000
47.59999734	0.00000000	13.12131000	2.73745100
47.79999733	0.00000000	13.07210000	0.41830710
47.99999732	0.00000000	9.58415200	-1.48868100
48.19999731	0.00000000	2.98351400	-2.60211600
48.39999730	0.00000000	-5.11811000	-2.22687000
48.59999729	0.00000000	-13.20743000	-0.33218500
48.79999727	0.00000000	-18.93455000	1.99311000
48.99999726	0.00000000	-20.51550000	4.73671200
49.19999725	0.00000000	-17.77190000	7.43110200
49.39999724	0.00000000	-11.20817000	9.33809000
49.59999723	0.00000000	-1.95620100	10.07628000
49.79999721	0.00000000	7.25885800	8.91978400
49.99999720	0.00000000	14.23474000	6.22539300
50.19999719	0.00000000	17.26132000	2.73745100
50.39999718	0.00000000	15.35433000	-1.11343500
50.59999717	0.00000000	8.83981200	-4.13385800
50.79999715	0.00000000	0.00000000	-5.33956700
50.99999714	0.00000000	-8.88902600	-4.55831700
51.19999713	0.00000000	-15.81570000	-2.22687000
51.39999712	0.00000000	-18.89148000	1.66707700
51.59999711	0.00000000	-17.39665000	6.17618100
51.79999710	0.00000000	-12.00172000	9.70103300
51.99999708	0.00000000	-4.27534400	11.24508000
52.19999707	0.00000000	4.14616100	11.28199000
52.39999706	0.00000000	10.65453000	9.29502900
52.59999705	0.00000000	12.98597000	5.89320800
52.79999704	0.00000000	11.11590000	1.99311000
52.99999702	0.00000000	5.72711600	-1.44562000
53.19999701	0.00000000	-1.53789400	-3.76476400
53.39999700	0.00000000	-8.46456700	-4.14000900
53.59999699	0.00000000	-13.07210000	-2.64517700
53.79999698	0.00000000	-14.23474000	0.04306102
53.99999696	0.00000000	-11.58341000	3.11269700
54.19999695	0.00000000	-6.23154500	5.75787400
54.39999694	0.00000000	-0.04306102	6.96358300
54.59999693	0.00000000	5.67790300	6.59448800
54.79999692	0.00000000	9.11663300	5.47490100
54.99999691	0.00000000	8.79675100	3.53100400
55.19999689	0.00000000	5.77017700	1.66707700
55.39999688	0.00000000	1.11343500	0.51058070
55.59999687	0.00000000	-4.27534400	0.55364170
55.79999686	0.00000000	-8.88902600	2.04232300
55.99999685	0.00000000	-11.58341000	4.31840500
56.19999683	0.00000000	-11.58341000	6.22539300
56.39999682	0.00000000	-8.88902600	7.33882900
56.59999681	0.00000000	-4.32455700	6.92052100
56.79999680	0.00000000	0.69512790	4.64443900
56.99999679	0.00000000	4.51525500	1.53174200
57.19999677	0.00000000	6.50836600	-1.90698800
57.39999676	0.00000000	6.14542300	-4.92125900
57.59999675	0.00000000	4.23228400	-5.62253900
57.79999674	0.00000000	1.11343500	-3.71555100
57.99999673	0.00000000	-2.69439000	0.51058070
58.19999672	0.00000000	-5.77017700	5.89320800
58.39999670	0.00000000	-7.35113100	10.86983000
58.59999669	0.00000000	-7.35113100	14.34547000
58.79999668	0.00000000	-5.85629900	15.05290000
58.99999667	0.00000000	-3.58021600	12.77067000
59.19999666	0.00000000	-1.62401600	7.71407400
59.39999664	0.00000000	-0.04306102	1.20570900
59.59999663	0.00000000	1.11343500	-5.33956700
59.79999662	0.00000000	1.44562000	-9.94094400
59.99999661	0.00000000	0.74434050	-11.47269000
60.19999660	0.00000000	-0.78740150	-9.52263600
60.39999658	0.00000000	-1.91314000	-4.14000900
60.59999657	0.00000000	-2.74360200	3.15575800
60.79999656	0.00000000	-3.06963600	10.49459000
60.99999655	0.00000000	-2.74360200	16.25861000
61.19999654	0.00000000	-1.95620100	18.90994000
61.39999653	0.00000000	-1.24877000	17.37205000
61.59999651	0.00000000	-0.83661410	12.03248000
61.79999650	0.00000000	-1.24877000	4.69365100
61.99999649	0.00000000	-1.95620100	-3.02042300
62.19999648	0.00000000	-2.78666300	-9.56569900
62.39999647	0.00000000	-3.53715500	-13.01058000
62.59999645	0.00000000	-4.32455700	-12.68455000
62.79999644	0.00000000	-4.65059000	-8.78444900
62.99999643	0.00000000	-4.27534400	-2.22687000
63.19999642	0.00000000	-3.11884800	5.85014700
63.39999641	0.00000000	-1.58095500	13.10285000
63.59999639	0.00000000	-0.04306102	17.42126000
63.79999638	0.00000000	1.07037400	18.21481000
63.99999637	0.00000000	1.11343500	15.92642000
64.19999636	0.00000000	0.37524600	10.86983000
64.39999635	0.00000000	-0.41830710	4.36146600
64.59999634	0.00000000	-1.62401600	-2.22687000
64.79999632	0.00000000	-3.11884800	-7.24655500
64.99999631	0.00000000	-4.23228400	-9.98400600
65.19999630	0.00000000	-4.27534400	-9.98400600
65.39999629	0.00000000	-3.53715500	-7.33882900
65.59999628	0.00000000	-2.74360200	-3.06963600
65.79999626	0.00000000	-1.58095500	1.95004900
65.99999625	0.00000000	-0.46751960	7.00664300
66.19999624	0.00000000	-0.13533460	10.82677000
66.39999623	0.00000000	-0.83661410	12.86294000
66.59999622	0.00000000	-2.36835600	12.86909000
66.79999620	0.00000000	-3.49409400	11.74951000
66.99999619	0.00000000	-4.32455700	9.38115100
67.19999618	0.00000000	-4.60752900	6.31151500
67.39999617	0.00000000	-3.85703700	3.15575800
67.59999616	0.00000000	-1.91314000	0.04306102
67.79999615	0.00000000	0.37524600	-2.69439000
67.99999613	0.00000000	2.69439000	-4.64443900
68.19999612	0.00000000	4.18922200	-5.80093500
68.39999611	0.00000000	4.18922200	-5.75787400
68.59999610	0.00000000	2.60826800	-4.18307100
68.79999609	0.00000000	-0.51058070	-1.07037400
68.99999607	0.00000000	-4.69980300	3.15575800
69.19999606	0.00000000	-8.55684000	7.43110200
69.39999605	0.00000000	-10.83907000	10.91289000
69.59999604	0.00000000	-11.30044000	13.23819000
69.79999603	0.00000000	-9.63336600	13.61343000
69.99999601	0.00000000	-6.18233200	12.03248000
70.19999600	0.00000000	-0.75049200	8.54453700
70.39999599	0.00000000	4.56446800	3.53100400
70.59999598	0.00000000	8.46456700	-1.48868100
70.79999597	0.00000000	10.00246000	-5.75787400
70.99999596	0.00000000	8.83981200	-8.40920300
71.19999594	0.00000000	5.35187000	-8.40920300
71.39999593	0.00000000	-0.04306102	-5.75787400
71.59999592	0.00000000	-5.85629900	-1.53174200
71.79999591	0.00000000	-10.88829000	3.11269700
71.99999590	0.00000000	-14.32702000	7.38188900
72.19999588	0.00000000	-14.70226000	10.45152000
72.39999587	0.00000000	-12.05093000	11.60802000
72.59999586	0.00000000	-7.39419200	10.49459000
72.79999585	0.00000000	-1.58095500	7.84940900
72.99999584	0.00000000	4.18922200	4.77977300
73.19999582	0.00000000	8.42150500	2.04232300
73.39999581	0.00000000	10.00246000	0.13533460
73.59999580	0.00000000	8.88902600	-0.65206690
73.79999579	0.00000000	5.77017700	0.09227362
73.99999578	0.00000000	1.16264800	1.53174200
74.19999577	0.00000000	-3.85703700	2.68823800
74.39999575	0.00000000	-7.72637700	3.11269700
74.59999574	0.00000000	-10.09473000	3.11269700
74.79999573	0.00000000	-10.46998000	2.68823800
74.99999572	0.00000000	-8.88902600	1.57480300
75.19999571	0.00000000	-5.53026500	0.51058070
75.39999569	0.00000000	-1.67938000	0.51058070
75.59999568	0.00000000	0.70743110	1.71013800
75.79999567	0.00000000	2.69439000	3.99237200
75.99999566	0.00000000	3.77091500	7.05585600
76.19999565	0.00000000	3.06963600	9.33809000
76.39999563	0.00000000	1.58095500	10.49459000
76.59999562	0.00000000	0.04306102	10.07628000
76.79999561	0.00000000	-1.16264800	7.75713500
76.99999560	0.00000000	-1.91314000	4.26919300
77.19999559	0.00000000	-2.32529500	0.00000000
77.39999558	0.00000000	-1.95620100	-4.22613100
77.59999556	0.00000000	-1.67322800	-7.25270600
77.79999555	0.00000000	-1.99926200	-7.99089500
77.99999554	0.00000000	-2.78666300	-5.67175200
78.19999553	0.00000000	-3.53715500	-1.11343500
78.39999552	0.00000000	-4.32455700	4.31840500
78.59999550	0.00000000	-4.65059000	9.33809000
78.79999549	0.00000000	-4.27534400	13.18898000
78.99999548	0.00000000	-3.06963600	14.72687000
79.19999547	0.00000000	-1.16264800	13.56422000
79.39999546	0.00000000	1.16264800	10.11934000
79.59999544	0.00000000	3.02657500	5.11195900
79.79999543	0.00000000	3.81397600	0.13533460
79.99999542	0.00000000	3.02657500	-3.80782500
80.19999541	0.00000000	1.16264800	-6.13312000
80.39999540	0.00000000	-1.20570900	-6.92052100
80.59999539	0.00000000	-3.53715500	-5.71481200
80.79999537	0.00000000	-5.85629900	-2.69439000
80.99999536	0.00000000	-7.35113100	1.15649600
81.19999535	0.00000000	-7.35113100	4.64443900
81.39999534	0.00000000	-5.81323800	7.43110200
81.59999533	0.00000000	-3.16190900	9.38115100
81.79999531	0.00000000	-0.41830710	10.53765000
81.99999530	0.00000000	1.86392700	10.49459000
82.19999529	0.00000000	3.43873000	9.00590400
82.39999528	0.00000000	3.40182100	6.68676100
82.59999527	0.00000000	2.32529500	4.31840500
82.79999525	0.00000000	0.33218500	1.58095500
82.99999524	0.00000000	-1.91314000	-1.11343500
83.19999523	0.00000000	-3.85703700	-3.06348400
83.39999522	0.00000000	-4.65059000	-4.22613100
83.59999521	0.00000000	-4.69980300	-4.18307100
83.79999520	0.00000000	-4.27534400	-2.64517700
83.99999518	0.00000000	-3.16190900	0.04306102
84.19999517	0.00000000	-1.99926200	3.19881900
84.39999516	0.00000000	-1.20570900	6.68676100
84.59999515	0.00000000	-0.46751960	10.11934000
84.79999514	0.00000000	-0.46751960	12.03248000
84.99999512	0.00000000	-1.16264800	12.07554000
85.19999511	0.00000000	-1.53789400	10.49459000
85.39999510	0.00000000	-1.53789400	7.38188900
85.59999509	0.00000000	-1.16264800	3.11269700
85.79999508	0.00000000	-0.46751960	-1.43946800
85.99999506	0.00000000	-0.46751960	-4.96432100
86.19999505	0.00000000	-1.16264800	-6.45915300
86.39999504	0.00000000	-1.58095500	-6.12696800
86.59999503	0.00000000	-2.04847400	-3.39566900
86.79999502	0.00000000	-3.16190900	0.41830710
86.99999501	0.00000000	-4.27534400	4.73671200
87.19999499	0.00000000	-4.65059000	8.91978400
87.39999498	0.00000000	-4.32455700	11.61417000
87.59999497	0.00000000	-3.49409400	12.03248000
87.79999496	0.00000000	-2.36835600	10.45152000
87.99999495	0.00000000	-0.79355310	6.96358300
88.19999493	0.00000000	0.33218500	1.99311000
88.39999492	0.00000000	1.16264800	-2.55905500
88.59999491	0.00000000	1.48868100	-5.29650500
88.79999490	0.00000000	1.11343500	-5.67175200
88.99999489	0.00000000	-0.04306102	-3.76476400
89.19999487	0.00000000	-1.58095500	0.09227362
89.39999486	0.00000000	-3.11884800	4.69365100
89.59999485	0.00000000	-4.27534400	8.96284400
89.79999484	0.00000000	-4.65059000	11.98942000
89.99999483	0.00000000	-4.27534400	12.77067000
90.19999482	0.00000000	-3.16190900	10.82677000
90.39999480	0.00000000	-1.99926200	7.00664300
90.59999479	0.00000000	-1.20570900	1.99311000
90.79999478	0.00000000	-0.41830710	-2.60211600
90.99999477	0.00000000	-0.04306102	-5.67175200
91.19999476	0.00000000	-0.04306102	-6.40994000
91.39999474	0.00000000	-0.37524600	-4.14000900
91.59999473	0.00000000	-0.74434050	0.04306102
91.79999472	0.00000000	-0.41830710	4.69365100
91.99999471	0.00000000	-0.41830710	8.91978400
92.19999470	0.00000000	-0.78740150	11.56496000
92.39999468	0.00000000	-0.79355310	11.61417000
92.59999467	0.00000000	-1.24877000	9.33809000
92.79999466	0.00000000	-1.95620100	5.80093500
92.99999465	0.00000000	-2.78666300	1.19955700
93.19999464	0.00000000	-3.53715500	-3.34645700
93.39999463	0.00000000	-4.32455700	-5.62253900
93.59999461	0.00000000	-4.65059000	-5.29650500
93.79999460	0.00000000	-4.23228400	-2.60211600
93.99999459	0.00000000	-2.69439000	1.57480300
94.19999458	0.00000000	-0.41830710	5.85014700
94.39999457	0.00000000	1.53789400	9.29502900
94.59999455	0.00000000	3.06963600	11.18971000
94.79999454	0.00000000	3.81397600	10.40846000
94.99999453	0.00000000	3.06963600	7.42495000
95.19999452	0.00000000	1.53789400	3.57406500
95.39999451	0.00000000	-0.46751960	0.09227362
95.59999449	0.00000000	-3.20497000	-2.60211600
95.79999448	0.00000000	-6.23154500	-3.76476400
95.99999447	0.00000000	-8.51377900	-2.97736200
96.19999446	0.00000000	-8.88902600	-0.69512790
96.39999445	0.00000000	-7.39419200	2.73745100
96.59999444	0.00000000	-4.65059000	5.80093500
96.79999442	0.00000000	-1.16264800	7.75713500
96.99999441	0.00000000	2.69439000	8.50147600
97.19999440	0.00000000	5.77017700	7.38188900
97.39999439	0.00000000	7.30807100	5.11195900
97.59999438	0.00000000	6.93282500	2.82972400
97.79999436	0.00000000	4.60752900	0.87967510
97.99999435	0.00000000	1.11343500	0.09227362
98.19999434	0.00000000	-3.11884800	0.04306102
98.39999433	0.00000000	-6.97588500	0.41830710
98.59999432	0.00000000	-9.30733200	1.24877000
98.79999430	0.00000000	-10.09473000	2.36835600
98.99999429	0.00000000	-8.93208600	3.90009800
99.19999428	0.00000000	-6.23154500	4.64443900
99.39999427	0.00000000	-2.74360200	4.73671200
99.59999426	0.00000000	1.11343500	4.73671200
99.79999425	0.00000000	4.18922200	4.73671200
99.99999423	0.00000000	5.81323800	4.77977300
100.19999422	0.00000000	6.18848400	5.15501900
100.39999421	0.00000000	5.35187000	5.85014700
100.59999420	0.00000000	2.69439000	5.85014700
100.79999419	0.00000000	-0.74434050	5.06274600
100.99999417	0.00000000	-3.49409400	3.90009800
101.19999416	0.00000000	-5.85629900	1.95004900
101.39999415	0.00000000	-7.35113100	0.09227362
101.59999414	0.00000000	-7.39419200	-1.11343500
101.79999413	0.00000000	-6.28075700	-1.43946800
101.99999411	0.00000000	-4.69980300	-0.64591530
102.19999410	0.00000000	-2.74360200	1.66707700
102.39999409	0.00000000	-0.41830710	4.68750000
102.59999408	0.00000000	1.48868100	7.38188900
102.79999407	0.00000000	2.69439000	8.96284400
102.99999406	0.00000000	3.06963600	9.38115100
103.19999404	0.00000000	2.69439000	8.91978400
103.39999403	0.00000000	1.48868100	6.96358300
103.59999402	0.00000000	-0.41830710	3.57406500
103.79999401	0.00000000	-2.74360200	0.46751960
103.99999400	0.00000000	-4.65059000	-1.86392700
104.19999398	0.00000000	-5.81323800	-3.38951800
104.39999397	0.00000000	-5.81323800	-2.97736200
104.59999396	0.00000000	-4.69980300	-1.11343500
104.79999395	0.00000000	-3.16190900	1.58095500
104.99999394	0.00000000	-1.58095500	4.31840500
105.19999392	0.00000000	-0.04306102	6.64370100
105.39999391	0.00000000	1.11343500	8.54453700
105.59999390	0.00000000	1.48868100	8.87672100
105.79999389	0.00000000	1.11343500	7.38188900
105.99999388	0.00000000	-0.04306102	4.73671200
106.19999387	0.00000000	-1.53789400	2.04232300
106.39999385	0.00000000	-2.69439000	0.09227362
106.59999384	0.00000000	-3.11884800	-1.06422200
106.79999383	0.00000000	-3.11884800	-1.02116100
106.99999382	0.00000000	-2.69439000	0.46751960
107.19999381	0.00000000	-1.58095500	2.73745100
107.39999379	0.00000000	-0.41830710	4.64443900
107.59999378	0.00000000	0.33218500	5.85014700
107.79999377	0.00000000	0.74434050	6.21924200
107.99999376	0.00000000	0.33218500	5.85014700
108.19999375	0.00000000	-0.41830710	4.68750000
108.39999374	0.00000000	-1.58095500	3.15575800
108.59999372	0.00000000	-2.74360200	1.62401600
108.79999371	0.00000000	-3.49409400	0.46136810
108.99999370	0.00000000	-3.85703700	0.13533460
109.19999369	0.00000000	-3.11884800	0.83661410
109.39999368	0.00000000	-1.99926200	2.40526600
109.59999366	0.00000000	-1.16264800	3.90625000
109.79999365	0.00000000	0.00000000	5.47490100
109.99999364	0.00000000	1.07037400	6.21924200
110.19999363	0.00000000	1.11343500	6.26845500
110.39999362	0.00000000	0.37524600	5.85014700
110.59999360	0.00000000	-0.41830710	4.68750000
110.79999359	0.00000000	-1.58095500	3.15575800
110.99999358	0.00000000	-2.69439000	1.62401600
111.19999357	0.00000000	-3.11884800	0.46136810
111.39999356	0.00000000	-3.16190900	0.09227362
111.59999355	0.00000000	-3.11884800	0.46136810
111.79999353	0.00000000	-2.74360200	1.57480300
111.99999352	0.00000000	-1.99926200	2.68823800
112.19999351	0.00000000	-1.58095500	3.15575800
112.39999350	0.00000000	-1.16264800	3.57406500
112.59999349	0.00000000	-0.41830710	4.31840500
112.79999347	0.00000000	-0.09227362	4.69365100
112.99999346	0.00000000	-0.41830710	4.73671200
113.19999345	0.00000000	-1.16264800	4.69365100
113.39999344	0.00000000	-1.53789400	4.31840500
113.59999343	0.00000000	-1.58095500	3.57406500
113.79999341	0.00000000	-1.58095500	3.19881900
113.99999340	0.00000000	-1.58095500	3.11269700
114.19999339	0.00000000	-1.58095500	2.73745100
114.39999338	0.00000000	-1.58095500	1.99311000
114.59999337	0.00000000	-1.58095500	1.61786400
114.79999336	0.00000000	-1.58095500	1.57480300
114.99999334	0.00000000	-1.53789400	1.57480300
115.19999333	0.00000000	-1.16264800	1.57480300
115.39999332	0.00000000	-0.46751960	1.61786400
115.59999331	0.00000000	-0.46751960	2.04232300
115.79999330	0.00000000	-1.16264800	3.15575800
115.99999328	0.00000000	-1.53789400	4.26919300
116.19999327	0.00000000	-1.62401600	4.73671200
116.39999326	0.00000000	-1.95620100	5.11195900
116.59999325	0.00000000	-2.32529500	5.47490100
116.79999324	0.00000000	-1.95620100	5.06274600
116.99999322	0.00000000	-1.62401600	4.31840500
117.19999321	0.00000000	-1.53789400	3.15575800
117.39999320	0.00000000	-1.16264800	2.04232300
117.59999319	0.00000000	-0.37524600	1.61786400
117.79999318	0.00000000	0.33218500	1.57480300
117.99999317	0.00000000	0.74434050	1.57480300
118.19999315	0.00000000	0.33218500	1.61786400
118.39999314	0.00000000	-0.37524600	1.99311000
118.59999313	0.00000000	-1.20570900	2.78051200
118.79999312	0.00000000	-1.95620100	3.53100400
118.99999311	0.00000000	-2.74360200	4.31840500
119.19999309	0.00000000	-3.11884800	4.69365100
119.39999308	0.00000000	-3.16190900	4.73671200
119.59999307	0.00000000	-3.11884800	4.73671200
119.79999306	0.00000000	-2.69439000	4.69365100
119.99999305	0.00000000	-1.53789400	4.31840500
120.19999303	0.00000000	-0.04306102	3.53100400
120.39999302	0.00000000	1.11343500	2.78051200
120.59999301	0.00000000	1.53789400	1.99311000
120.79999300	0.00000000	1.53789400	1.61786400
120.99999299	0.00000000	1.11343500	1.57480300
121.19999298	0.00000000	-0.04306102	1.57480300
121.39999296	0.00000000	-1.53789400	1.61786400
121.59999295	0.00000000	-2.74360200	1.99311000
121.79999294	0.00000000	-3.53715500	2.73745100
121.99999293	0.00000000	-4.27534400	3.15575800
122.19999292	0.00000000	-4.27534400	3.57406500
122.39999290	0.00000000	-3.53715500	4.31840500
122.59999289	0.00000000	-2.74360200	4.69365100
122.79999288	0.00000000	-1.58095500	4.73671200
122.99999287	0.00000000	-0.41830710	4.69365100
123.19999286	0.00000000	0.37524600	4.31840500
123.39999284	0.00000000	1.11343500	3.57406500
123.59999283	0.00000000	1.16264800	3.19881900
123.79999282	0.00000000	0.79355310	3.15575800
123.99999281	0.00000000	0.74434050	3.11269700
124.19999280	0.00000000	-0.04306102	2.78051200
124.39999279	0.00000000	-1.16264800	2.36835600
124.59999277	0.00000000	-1.95620100	2.36220500
124.79999276	0.00000000	-2.74360200	1.99311000
124.99999275	0.00000000	-3.11884800	2.04232300
125.19999274	0.00000000	-3.16190900	2.78051200
125.39999273	0.00000000	-3.11884800	3.53100400
125.59999271	0.00000000	-2.69439000	4.31840500
125.79999270	0.00000000	-1.58095500	4.69365100
125.99999269	0.00000000	-0.41830710	4.73671200
126.19999268	0.00000000	0.37524600	4.73671200
126.39999267	0.00000000	1.16264800	4.69365100
126.59999265	0.00000000	1.48868100	4.31840500
126.79999264	0.00000000	1.16264800	3.57406500
126.99999263	0.00000000	0.37524600	3.19881900
127.19999262	0.00000000	-0.41830710	3.11269700
127.39999261	0.00000000	-1.62401600	2.73745100
127.59999260	0.00000000	-3.06963600	2.04232300
127.79999258	0.00000000	-3.85703700	2.04232300
127.99999257	0.00000000	-3.53715500	2.73745100
128.19999256	0.00000000	-3.11884800	3.15575800
128.39999255	0.00000000	-2.32529500	3.57406500
128.59999254	0.00000000	-0.79355310	4.26919300
128.79999252	0.00000000	0.33218500	4.26919300
128.99999251	0.00000000	1.11343500	3.57406500
129.19999250	0.00000000	1.11343500	3.19881900
129.39999249	0.00000000	0.37524600	3.15575800
129.59999248	0.00000000	-0.41830710	3.11269700
129.79999246	0.00000000	-1.58095500	2.78051200
129.99999245	0.00000000	-2.69439000	2.41141700
130.19999244	0.00000000	-3.11884800	2.78051200
130.39999243	0.00000000	-3.11884800	3.11269700
130.59999242	0.00000000	-2.69439000	3.15575800
130.79999241	0.00000000	-1.58095500	3.15575800
130.99999239	0.00000000	-0.46751960	3.15575800
131.19999238	0.00000000	-0.04306102	3.15575800
131.39999237	0.00000000	0.00000000	3.15575800
131.59999236	0.00000000	0.00000000	3.15575800
131.79999235	0.00000000	-0.04306102	3.11269700
131.99999233	0.00000000	-0.41830710	2.73745100
132.19999232	0.00000000	-1.16264800	1.99311000
132.39999231	0.00000000	-1.58095500	1.66707700
132.59999230	0.00000000	-1.95620100	1.99311000
132.79999229	0.00000000	-2.32529500	2.73745100
132.99999227	0.00000000	-1.95620100	3.15575800
133.19999226	0.00000000	-1.62401600	3.57406500
133.39999225	0.00000000	-1.58095500	4.31840500
133.59999224	0.00000000	-1.58095500	4.69365100
133.79999223	0.00000000	-1.58095500	4.69365100
133.99999222	0.00000000	-1.58095500	4.31840500
134.19999220	0.00000000	-1.58095500	3.53100400
134.39999219	0.00000000	-1.53789400	2.78051200
134.59999218	0.00000000	-1.16264800	1.99311000
134.79999217	0.00000000	-0.41830710	1.61786400
134.99999216	0.00000000	-0.04306102	1.57480300
135.19999214	0.00000000	0.00000000	1.57480300
135.39999213	0.00000000	-0.04306102	1.61786400
135.59999212	0.00000000	-0.41830710	2.04232300
135.79999211	0.00000000	-1.16264800	3.15575800
135.99999210	0.00000000	-1.58095500	4.26919300
136.19999208	0.00000000	-1.99926200	4.69365100
136.39999207	0.00000000	-2.74360200	4.73671200
136.59999206	0.00000000	-3.06963600	4.73671200
136.79999205	0.00000000	-2.74360200	4.69365100
136.99999204	0.00000000	-1.95620100	4.31840500
137.19999203	0.00000000	-1.20570900	3.53100400
137.39999201	0.00000000	-0.41830710	2.78051200
137.59999200	0.00000000	-0.04306102	1.99311000
137.79999199	0.00000000	0.00000000	1.61786400
137.99999198	0.00000000	0.00000000	1.57480300
138.19999197	0.00000000	-0.04306102	1.57480300
138.39999195	0.00000000	-0.41830710	1.61786400
138.59999194	0.00000000	-1.20570900	2.04232300
138.79999193	0.00000000	-1.95620100	3.15575800
138.99999192	0.00000000	-2.69439000	4.26919300
139.19999191	0.00000000	-2.65132900	4.69365100
139.39999189	0.00000000	-1.62401600	4.73671200
139.59999188	0.00000000	-0.83661410	4.73671200
139.79999187	0.00000000	-0.78740150	4.69365100
139.99999186	0.00000000	-0.37524600	4.31840500
140.19999185	0.00000000	-0.04306102	3.53100400
140.39999184	0.00000000	0.00000000	2.78051200
140.59999182	0.00000000	-0.04306102	1.99311000
140.79999181	0.00000000	-0.41830710	1.61786400
140.99999180	0.00000000	-1.16264800	1.57480300
141.19999179	0.00000000	-1.53789400	1.61786400
141.39999178	0.00000000	-1.58095500	1.99311000
141.59999176	0.00000000	-1.58095500	2.78051200
141.79999175	0.00000000	-1.58095500	3.53100400
141.99999174	0.00000000	-1.53789400	4.31840500
142.19999173	0.00000000	-1.16264800	4.69365100
142.39999172	0.00000000	-0.41830710	4.73671200
142.59999170	0.00000000	-0.04306102	4.69365100
142.79999169	0.00000000	0.00000000	4.31840500
142.99999168	0.00000000	-0.04306102	3.53100400
143.19999167	0.00000000	-0.41830710	2.78051200
143.39999166	0.00000000	-1.16264800	1.99311000
143.59999165	0.00000000	-1.53789400	1.61786400
143.79999163	0.00000000	-1.58095500	1.61786400
143.99999162	0.00000000	-1.53789400	1.99311000
144.19999161	0.00000000	-1.16264800	2.78051200
144.39999160	0.00000000	-0.41830710	3.53100400
144.59999159	0.00000000	-0.04306102	4.31840500
144.79999157	0.00000000	0.00000000	4.69365100
144.99999156	0.00000000	-0.04306102	4.73671200
145.19999155	0.00000000	-0.41830710	4.69365100
145.39999154	0.00000000	-1.16264800	4.31840500
145.59999153	0.00000000	-1.53789400	3.57406500
145.79999151	0.00000000	-1.58095500	3.15575800
145.99999150	0.00000000	-1.58095500	2.73745100
146.19999149	0.00000000	-1.53789400	2.04232300
146.39999148	0.00000000	-1.16264800	1.99311000
146.59999147	0.00000000	-0.41830710	2.36220500
146.79999146	0.00000000	-0.04306102	2.36835600
146.99999144	0.00000000	0.00000000	2.82357300
147.19999143	0.00000000	0.00000000	3.53100400
147.39999142	0.00000000	0.00000000	4.31840500
147.59999141	0.00000000	-0.04306102	4.69365100
147.79999140	0.00000000	-0.41830710	4.73671200
147.99999138	0.00000000	-1.16264800	4.69365100
148.19999137	0.00000000	-1.53789400	4.31840500
148.39999136	0.00000000	-1.58095500	3.57406500
148.59999135	0.00000000	-1.58095500	3.19881900
148.79999134	0.00000000	-1.58095500	3.11269700
148.99999132	0.00000000	-1.53789400	2.78051200
149.19999131	0.00000000	-1.16264800	2.41141700
149.39999130	0.00000000	-0.41830710	2.78051200
149.59999129	0.00000000	-0.04306102	3.11269700
149.79999128	0.00000000	0.00000000	3.15575800
149.99999127	0.00000000	0.00000000	3.19881900
150.19999125	0.00000000	0.00000000	3.57406500
150.39999124	0.00000000	-0.04306102	4.31840500
150.59999123	0.00000000	-0.41830710	4.64443900
150.79999122	0.00000000	-1.16264800	4.36146600
150.99999121	0.00000000	-1.53789400	3.94931100
151.19999119	0.00000000	-1.58095500	3.94315900
151.39999118	0.00000000	-1.58095500	3.53100400
151.59999117	0.00000000	-1.58095500	3.19881900
151.79999116	0.00000000	-1.58095500	3.15575800
151.99999115	0.00000000	-1.53789400	3.15575800
152.19999113	0.00000000	-1.16264800	3.15575800
152.39999112	0.00000000	-0.41830710	3.15575800
152.59999111	0.00000000	-0.04306102	3.15575800
152.79999110	0.00000000	0.00000000	3.15575800
152.99999109	0.00000000	0.00000000	3.15575800
153.19999108	0.00000000	-0.04306102	3.15575800
153.39999106	0.00000000	-0.41830710	3.19881900
153.59999105	0.00000000	-1.16264800	3.57406500
153.79999104	0.00000000	-1.53789400	4.26919300
153.99999103	0.00000000	-1.58095500	4.26919300
154.19999102	0.00000000	-1.58095500	3.57406500
154.39999100	0.00000000	-1.58095500	3.19881900
154.59999099	0.00000000	-1.58095500	3.15575800
154.79999098	0.00000000	-1.53789400	3.15575800
154.99999097	0.00000000	-1.16264800	3.15575800
155.19999096	0.00000000	-0.41830710	3.15575800
155.39999094	0.00000000	-0.04306102	3.15575800
155.59999093	0.00000000	0.00000000	3.15575800
155.79999092	0.00000000	0.00000000	3.15575800
155.99999091	0.00000000	0.00000000	3.15575800
156.19999090	0.00000000	-0.04306102	3.19881900
156.39999089	0.00000000	-0.41830710	3.57406500
156.59999087	0.00000000	-1.16264800	4.31840500
156.79999086	0.00000000	-1.53789400	4.69365100
156.99999085	0.00000000	-1.58095500	4.73671200
157.19999084	0.00000000	-1.58095500	4.69365100
157.39999083	0.00000000	-1.58095500	4.31840500
157.59999081	0.00000000	-1.58095500	3.57406500
157.79999080	0.00000000	-1.53789400	3.19881900
157.99999079	0.00000000	-1.16264800	3.15575800
158.19999078	0.00000000	-0.41830710	3.15575800
158.39999077	0.00000000	-0.04306102	3.15575800
158.59999075	0.00000000	0.00000000	3.15575800
158.79999074	0.00000000	0.00000000	3.15575800
158.99999073	0.00000000	0.00000000	3.15575800
159.19999072	0.00000000	-0.04306102	3.19881900
159.39999071	0.00000000	-0.41830710	3.57406500
159.59999070	0.00000000	-1.16264800	4.31840500
159.79999068	0.00000000	-1.53789400	4.69365100
159.99999067	0.00000000	-1.58095500	4.73671200
160.19999066	0.00000000	-1.58095500	4.69365100
160.39999065	0.00000000	-1.58095500	4.31840500
160.59999064	0.00000000	-1.58095500	3.57406500
160.79999062	0.00000000	-1.53789400	3.19881900
160.99999061	0.00000000	-1.16264800	3.15575800
161.19999060	0.00000000	-0.41830710	3.15575800
161.39999059	0.00000000	-0.04306102	3.15575800
161.59999058	0.00000000	0.00000000	3.15575800
161.79999056	0.00000000	0.00000000	3.15575800
161.99999055	0.00000000	0.00000000	3.15575800
162.19999054	0.00000000	-0.04306102	3.15575800
162.39999053	0.00000000	-0.37524600	3.19881900
162.59999052	0.00000000	-0.78740150	3.53100400
162.79999051	0.00000000	-0.79355310	3.90009800
162.99999049	0.00000000	-1.20570900	3.53100400
163.19999048	0.00000000	-1.53789400	3.19881900
163.39999047	0.00000000	-1.58095500	3.15575800
163.59999046	0.00000000	-1.58095500	3.15575800
163.79999045	0.00000000	-1.58095500	3.15575800
163.99999043	0.00000000	-1.53789400	3.15575800
164.19999042	0.00000000	-1.20570900	3.15575800
164.39999041	0.00000000	-0.79355310	3.15575800
164.59999040	0.00000000	-0.78740150	3.15575800
164.79999039	0.00000000	-0.37524600	3.15575800
164.99999037	0.00000000	-0.04306102	3.15575800
165.19999036	0.00000000	0.00000000	3.15575800
165.39999035	0.00000000	0.00000000	3.15575800
165.59999034	0.00000000	-0.04306102	3.15575800
165.79999033	0.00000000	-0.41830710	3.15575800
165.99999032	0.00000000	-1.16264800	3.15575800
166.19999030	0.00000000	-1.53789400	3.15575800
166.39999029	0.00000000	-1.58095500	3.15575800
166.59999028	0.00000000	-1.58095500	3.15575800
166.79999027	0.00000000	-1.58095500	3.19881900
166.99999026	0.00000000	-1.53789400	3.53100400
167.19999024	0.00000000	-1.16264800	3.90009800
167.39999023	0.00000000	-0.41830710	3.53100400
167.59999022	0.00000000	-0.04306102	3.19881900
167.79999021	0.00000000	0.00000000	3.15575800
167.99999020	0.00000000	0.00000000	3.15575800
168.19999018	0.00000000	0.00000000	3.15575800
168.39999017	0.00000000	0.00000000	3.15575800
168.59999016	0.00000000	0.00000000	3.15575800
168.79999015	0.00000000	-0.04306102	3.15575800
168.99999014	0.00000000	-0.37524600	3.15575800
169.19999013	0.00000000	-0.78740150	3.15575800
169.39999011	0.00000000	-0.79355310	3.15575800
169.59999010	0.00000000	-1.20570900	3.15575800
169.79999009	0.00000000	-1.53789400	3.15575800
169.99999008	0.00000000	-1.58095500	3.15575800
170.19999007	0.00000000	-1.53789400	3.15575800
170.39999005	0.00000000	-1.16264800	3.15575800
170.59999004	0.00000000	-0.41830710	3.15575800
170.79999003	0.00000000	-0.04306102	3.15575800
170.99999002	0.00000000	0.00000000	3.15575800
171.19999001	0.00000000	0.00000000	3.15575800
171.39998999	0.00000000	-0.04306102	3.15575800
171.59998998	0.00000000	-0.37524600	3.15575800
171.79998997	0.00000000	-0.74434050	3.15575800
171.99998996	0.00000000	-0.37524600	3.15575800
172.19998995	0.00000000	-0.04306102	3.15575800
172.39998994	0.00000000	-0.04306102	3.15575800
172.59998992	0.00000000	-0.41830710	3.15575800
172.79998991	0.00000000	-1.16264800	3.15575800
172.99998990	0.00000000	-1.48868100	3.15575800
173.19998989	0.00000000	-1.16264800	3.15575800
173.39998988	0.00000000	-0.41830710	3.15575800
173.59998986	0.00000000	-0.04306102	3.15575800
173.79998985	0.00000000	0.00000000	3.15575800
173.99998984	0.00000000	0.00000000	3.15575800
174.19998983	0.00000000	0.00000000	3.15575800
174.39998982	0.00000000	0.00000000	3.15575800
174.59998980	0.00000000	0.00000000	3.15575800
174.79998979	0.00000000	0.00000000	3.15575800
174.99998978	0.00000000	0.00000000	3.15575800
175.19998977	0.00000000	0.00000000	3.15575800
175.39998976	0.00000000	0.00000000	3.15575800
175.59998975	0.00000000	0.00000000	3.15575800
175.79998973	0.00000000	-0.04306102	3.15575800
175.99998972	0.00000000	-0.37524600	3.15575800
176.19998971	0.00000000	-0.78740150	3.15575800
176.39998970	0.00000000	-0.75049200	3.15575800
176.59998969	0.00000000	-0.78740150	3.15575800
176.79998967	0.00000000	-0.37524600	3.15575800
176.99998966	0.00000000	-0.04306102	3.15575800
177.19998965	0.00000000	-0.04306102	3.15575800
177.39998964	0.00000000	-0.37524600	3.15575800
177.59998963	0.00000000	-0.78740150	3.15575800
177.79998961	0.00000000	-0.75049200	3.15575800
177.99998960	0.00000000	-0.83046260	3.15575800
178.19998959	0.00000000	-0.75049200	3.15575800
178.39998958	0.00000000	-0.78740150	3.15575800
178.59998957	0.00000000	-0.37524600	3.15575800
178.79998956	0.00000000	-0.04306102	3.15575800
178.99998954	0.00000000	0.00000000	3.15575800
179.19998953	0.00000000	0.00000000	3.15575800
179.39998952	0.00000000	0.00000000	3.15575800
179.59998951	0.00000000	0.00000000	3.15575800
179.79998950	0.00000000	0.00000000	3.15575800
179.99998948	0.00000000	0.00000000	3.15575800
180.19998947	0.00000000	0.00000000	3.15575800
180.39998946	0.00000000	0.00000000	3.15575800
180.59998945	0.00000000	-0.04306102	3.15575800
180.79998944	0.00000000	-0.37524600	3.19881900
180.99998942	0.00000000	-0.78740150	3.53100400
181.19998941	0.00000000	-0.79355310	3.90009800
181.39998940	0.00000000	-1.16264800	3.57406500
181.59998939	0.00000000	-1.11343500	3.57406500
181.79998938	0.00000000	-0.41830710	3.90009800
181.99998937	0.00000000	-0.04306102	3.53100400
182.19998935	0.00000000	0.00000000	3.19881900
182.39998934	0.00000000	0.00000000	3.15575800
182.59998933	0.00000000	0.00000000	3.15575800
182.79998932	0.00000000	0.00000000	3.15575800
182.99998931	0.00000000	0.00000000	3.19881900
183.19998929	0.00000000	0.00000000	3.53100400
183.39998928	0.00000000	0.00000000	3.90009800
183.59998927	0.00000000	0.00000000	3.53100400
183.79998926	0.00000000	0.00000000	3.19881900
183.99998925	0.00000000	-0.04306102	3.19881900
184.19998923	0.00000000	-0.41830710	3.53100400
184.39998922	0.00000000	-1.16264800	3.94315900
184.59998921	0.00000000	-1.48868100	3.94931100
184.79998920	0.00000000	-1.16264800	4.36146600
184.99998919	0.00000000	-0.41830710	4.69365100
185.19998918	0.00000000	-0.04306102	4.69365100
185.39998916	0.00000000	0.00000000	4.31840500
185.59998915	0.00000000	0.00000000	3.57406500
185.79998914	0.00000000	0.00000000	3.19881900
185.99998913	0.00000000	0.00000000	3.11269700
186.19998912	0.00000000	0.00000000	2.78051200
186.39998910	0.00000000	0.00000000	2.41141700
186.59998909	0.00000000	0.00000000	2.78051200
186.79998908	0.00000000	0.00000000	3.15575800
186.99998907	0.00000000	-0.04306102	3.57406500
187.19998906	0.00000000	-0.41830710	4.31840500
187.39998904	0.00000000	-1.16264800	4.69365100
187.59998903	0.00000000	-1.53789400	4.73671200
187.79998902	0.00000000	-1.53789400	4.73671200
187.99998901	0.00000000	-1.16264800	4.69365100
188.19998900	0.00000000	-0.41830710	4.31840500
188.39998899	0.00000000	-0.04306102	3.57406500
188.59998897	0.00000000	0.00000000	3.19881900
188.79998896	0.00000000	0.00000000	3.15575800
188.99998895	0.00000000	0.00000000	3.15575800
189.19998894	0.00000000	0.00000000	3.15575800
189.39998893	0.00000000	0.00000000	3.15575800
189.59998891	0.00000000	0.00000000	3.15575800
189.79998890	0.00000000	0.00000000	3.19881900
189.99998889	0.00000000	0.00000000	3.57406500
190.19998888	0.00000000	0.00000000	4.31840500
190.39998887	0.00000000	-0.04306102	4.69365100
190.59998885	0.00000000	-0.37524600	4.73671200
190.79998884	0.00000000	-0.78740150	4.69365100
190.99998883	0.00000000	-0.75049200	4.31840500
191.19998882	0.00000000	-0.78740150	3.57406500
191.39998881	0.00000000	-0.37524600	3.19881900
191.59998880	0.00000000	-0.04306102	3.15575800
191.79998878	0.00000000	0.00000000	3.15575800
191.99998877	0.00000000	0.00000000	3.15575800
192.19998876	0.00000000	0.00000000	3.15575800
192.39998875	0.00000000	0.00000000	3.15575800
192.59998874	0.00000000	-0.04306102	3.15575800
192.79998872	0.00000000	-0.37524600	3.15575800
192.99998871	0.00000000	-0.78740150	3.15575800
193.19998870	0.00000000	-0.75049200	3.15575800
193.39998869	0.00000000	-0.78740150	3.15575800
193.59998868	0.00000000	-0.37524600	3.15575800
193.79998866	0.00000000	-0.04306102	3.15575800
193.99998865	0.00000000	0.00000000	3.15575800
194.19998864	0.00000000	0.00000000	3.19881900
194.39998863	0.00000000	0.00000000	3.53100400
194.59998862	0.00000000	0.00000000	3.90009800
194.79998861	0.00000000	0.00000000	3.53100400
194.99998859	0.00000000	0.00000000	3.19881900
195.19998858	0.00000000	0.00000000	3.15575800
195.39998857	0.00000000	0.00000000	3.15575800
195.59998856	0.00000000	-0.04306102	3.15575800
195.79998855	0.00000000	-0.41830710	3.15575800
195.99998853	0.00000000	-1.11343500	3.15575800
