Time	Channel A	Channel B
(us)	(V)	(mV)

-4.49999956	0.00000000	-1.67938000
-4.29999957	0.00000000	-1.72859200
-4.09999958	0.00000000	-1.72859200
-3.89999959	0.00000000	-1.72859200
-3.69999960	0.00000000	-1.72859200
-3.49999962	0.00000000	-1.72859200
-3.29999963	0.00000000	-1.72859200
-3.09999964	0.00000000	-1.72859200
-2.89999965	0.00000000	-1.72859200
-2.69999966	0.00000000	-1.72859200
-2.49999968	0.00000000	-1.72859200
-2.29999969	0.00000000	-1.72859200
-2.09999970	0.00000000	-1.72859200
-1.89999971	0.00000000	-1.72859200
-1.69999972	0.00000000	-1.72859200
-1.49999973	0.00000000	-1.72859200
-1.29999975	0.00000000	-1.72859200
-1.09999976	0.00000000	-1.72859200
-0.89999977	0.00000000	-1.72859200
-0.69999978	0.00000000	-1.72859200
-0.49999979	0.00000000	-1.72859200
-0.29999981	0.35125490	-1.72859200
-0.09999982	0.70250980	-1.72859200
0.10000017	1.05376500	-1.67938000
0.30000016	1.05376500	-1.31643700
0.50000015	0.87844490	-0.91658460
0.70000013	0.17531990	-1.31643700
0.90000012	-0.70250980	-1.67938000
1.10000011	-1.58095500	-1.72859200
1.30000010	-2.45940000	-1.67938000
1.50000009	-2.81127000	-1.26722400
1.70000008	-2.45940000	-0.46136810
1.90000006	-1.05376500	-0.09842519
2.10000005	0.70250980	-0.46136810
2.30000004	2.98659000	-1.26722400
2.50000003	4.74409400	-1.67938000
2.70000002	5.44660400	-1.72859200
2.90000000	4.74409400	-1.72859200
3.09999999	2.63533500	-1.82701800
3.29999998	-0.52657480	-2.49753900
3.49999997	-4.04096900	-2.89124000
3.69999996	-6.67691900	-1.27952700
3.89999994	-8.08255400	-0.14763780
4.09999993	-7.20410900	0.00000000
4.29999992	-4.56816000	0.00000000
4.49999991	-0.35125490	-0.04921259
4.69999990	4.04096900	-0.46136810
4.89999989	7.55536400	-1.26722400
5.09999987	9.31225400	-1.67938000
5.29999986	8.78567900	-1.72859200
5.49999985	5.97379400	-1.72859200
5.69999984	1.75689000	-1.72859200
5.89999983	-3.16252500	-1.72859200
6.09999981	-7.02817400	-1.67938000
6.29999980	-9.31225400	-1.26722400
6.49999979	-9.13693400	-0.46136810
6.69999978	-6.67691900	-0.04921259
6.89999977	-2.81127000	0.00000000
7.09999975	1.58095500	-0.04921259
7.29999974	5.44660400	-0.46136810
7.49999973	7.37942900	-1.26722400
7.69999972	7.55536400	-1.67938000
7.89999971	5.79847400	-1.72859200
8.09999970	2.81127000	-1.72859200
8.29999968	-0.52657480	-1.67938000
8.49999967	-3.33846000	-1.26722400
8.69999966	-4.91941500	-0.51058070
8.89999965	-5.09534900	-0.46136810
9.09999964	-4.04096900	-0.81200780
9.29999962	-2.10814500	-0.46136810
9.49999961	-0.17531990	-0.51058070
9.69999960	1.40563500	-1.26722400
9.89999959	2.28408000	-1.67938000
10.09999958	2.45940000	-1.72859200
10.29999956	1.93282500	-1.72859200
10.49999955	1.05376500	-1.72859200
10.69999954	0.17531990	-1.72859200
10.89999953	-0.52657480	-1.72859200
11.09999952	-0.87844490	-1.72859200
11.29999951	-1.05376500	-1.72859200
11.49999949	-0.87844490	-1.67938000
11.69999948	-0.52657480	-1.26722400
11.89999947	-0.17531990	-0.46136810
12.09999946	0.00000000	-0.04921259
12.29999945	0.00000000	0.00000000
12.49999943	0.00000000	0.00000000
12.69999942	-0.17531990	0.00000000
12.89999941	0.00000000	-0.04921259
13.09999940	-0.17531990	-0.46136810
13.29999939	0.00000000	-1.26722400
13.49999937	0.00000000	-1.67938000
13.69999936	0.00000000	-1.72859200
13.89999935	0.00000000	-1.72859200
14.09999934	0.00000000	-1.72859200
14.29999933	0.00000000	-1.72859200
14.49999932	0.00000000	-1.72859200
14.69999930	0.00000000	-1.72859200
14.89999929	0.00000000	-1.67938000
15.09999928	0.00000000	-1.31643700
15.29999927	0.00000000	-0.91658460
15.49999926	0.00000000	-1.31643700
15.69999924	0.00000000	-1.63016700
15.89999923	0.00000000	-1.31643700
16.09999922	0.00000000	-0.91658460
16.29999921	0.00000000	-1.31643700
16.49999920	0.00000000	-1.67938000
16.69999919	0.00000000	-1.72859200
16.89999917	0.00000000	-1.72859200
17.09999916	0.00000000	-1.72859200
17.29999915	0.00000000	-1.72859200
17.49999914	0.00000000	-1.72859200
17.69999913	0.00000000	-1.72859200
17.89999911	0.00000000	-1.72859200
18.09999910	0.00000000	-1.72859200
18.29999909	0.00000000	-1.72859200
18.49999908	0.00000000	-1.72859200
18.69999907	0.00000000	-1.67938000
18.89999905	0.00000000	-1.31643700
19.09999904	0.00000000	-0.86737200
19.29999903	0.00000000	-0.86122040
19.49999902	0.00000000	-0.46136810
19.69999901	0.00000000	-0.51058070
19.89999900	0.00000000	-1.26722400
20.09999898	0.00000000	-1.67938000
20.29999897	0.00000000	-1.72859200
20.49999896	0.00000000	-1.72859200
20.69999895	0.00000000	-1.72859200
20.89999894	0.00000000	-1.72859200
21.09999892	0.00000000	-1.72859200
21.29999891	0.00000000	-1.72859200
21.49999890	0.00000000	-1.67938000
21.69999889	0.00000000	-1.26722400
21.89999888	0.00000000	-0.46136810
22.09999886	0.00000000	-0.04921259
22.29999885	0.00000000	-0.04921259
22.49999884	0.00000000	-0.46136810
22.69999883	0.00000000	-1.26722400
22.89999882	0.00000000	-1.67938000
23.09999881	0.00000000	-1.72859200
23.29999879	0.00000000	-1.77780500
23.49999878	0.00000000	-2.14074800
23.69999877	0.00000000	-2.54060000
23.89999876	0.00000000	-2.14074800
24.09999875	0.00000000	-1.72859200
24.29999873	0.00000000	-1.21801200
24.49999872	0.00000000	0.00000000
24.69999871	0.00000000	1.21801200
24.89999870	0.00000000	1.72859200
25.09999869	0.00000000	2.14074800
25.29999867	0.00000000	2.49138800
25.49999866	0.00000000	1.58095500
25.69999865	0.00000000	-0.51058070
25.89999864	0.00000000	-3.46333600
26.09999863	0.00000000	-6.41609200
26.29999862	0.00000000	-8.55684000
26.49999860	0.00000000	-9.78100300
26.69999859	0.00000000	-9.27657400
26.89999858	0.00000000	-6.31766700
27.09999857	0.00000000	-1.58095500
27.29999856	0.00000000	4.33070900
27.49999854	0.00000000	10.64222000
27.69999853	0.00000000	14.82529000
27.89999852	0.00000000	16.04946000
28.09999851	0.00000000	13.39813000
28.29999850	0.00000000	6.17002900
28.49999848	0.00000000	-3.97391700
28.69999847	0.00000000	-14.97293000
28.89999846	0.00000000	-24.24951000
29.09999845	0.00000000	-29.25074000
29.29999844	0.00000000	-28.32800000
29.49999843	0.00000000	-20.58932000
29.69999841	0.00000000	-7.08046200
29.89999840	0.00000000	9.42421200
30.09999839	0.00000000	24.61245000
30.29999838	0.00000000	35.20546000
30.49999837	0.00000000	38.47195000
30.69999835	0.00000000	32.86786000
30.89999834	0.00000000	18.39936000
31.09999833	0.00000000	-2.28838600
31.29999832	0.00000000	-24.24951000
31.49999831	0.00000000	-41.98450000
31.69999829	0.00000000	-51.21186000
31.89999828	0.00000000	-49.07111000
32.09999827	0.00000000	-35.51919000
32.29999826	0.00000000	-13.90871000
32.49999825	0.00000000	11.51575000
32.69999824	0.00000000	35.15625000
32.89999822	0.00000000	51.21186000
33.09999821	0.00000000	55.85014000
33.29999820	0.00000000	47.74852000
33.49999819	0.00000000	28.27879000
33.69999818	0.00000000	1.63016700
33.89999816	0.00000000	-25.83661000
34.09999815	0.00000000	-47.89616000
34.29999814	0.00000000	-59.67642000
34.49999813	0.00000000	-58.44611000
34.69999812	0.00000000	-44.03297000
34.89999810	0.00000000	-20.38017000
35.09999809	0.00000000	7.59104300
35.29999808	0.00000000	33.37229000
35.49999807	0.00000000	51.16265000
35.69999806	0.00000000	57.06815000
35.89999805	0.00000000	49.47711000
36.09999803	0.00000000	30.46875000
36.29999802	0.00000000	4.73056000
36.49999801	0.00000000	-21.49975000
36.69999800	0.00000000	-41.83686000
36.89999799	0.00000000	-52.43602000
37.09999797	0.00000000	-50.75049000
37.29999796	0.00000000	-37.30315000
37.49999795	0.00000000	-16.25246000
37.69999794	0.00000000	7.03125000
37.89999793	0.00000000	26.90699000
38.09999791	0.00000000	39.23474000
38.29999790	0.00000000	41.38164000
38.49999789	0.00000000	33.42150000
38.69999788	0.00000000	17.83341000
38.89999787	0.00000000	-1.12573800
39.09999786	0.00000000	-18.44857000
39.29999784	0.00000000	-29.85974000
39.49999783	0.00000000	-32.91707000
39.69999782	0.00000000	-27.51599000
39.89999781	0.00000000	-16.19710000
40.09999780	0.00000000	-2.33759800
40.29999778	0.00000000	9.93479300
40.49999777	0.00000000	17.58735000
40.69999776	0.00000000	19.76501000
40.89999775	0.00000000	16.00025000
41.09999774	0.00000000	8.15083600
41.29999772	0.00000000	-0.71358260
41.49999771	0.00000000	-7.89862200
41.69999770	0.00000000	-12.18012000
41.89999769	0.00000000	-12.63533000
42.09999768	0.00000000	-9.78100300
42.29999767	0.00000000	-5.19192900
42.49999765	0.00000000	-0.55979330
42.69999764	0.00000000	2.85433100
42.89999763	0.00000000	4.58292300
43.09999762	0.00000000	4.58292300
43.29999761	0.00000000	2.95275600
43.49999759	0.00000000	0.46136810
43.69999758	0.00000000	-1.58095500
43.89999757	0.00000000	-2.44217500
44.09999756	0.00000000	-1.67938000
44.29999755	0.00000000	-0.51058070
44.49999753	0.00000000	-0.04921259
44.69999752	0.00000000	-0.09842519
44.89999751	0.00000000	-0.96579720
45.09999750	0.00000000	-3.00196800
45.29999749	0.00000000	-4.63213500
45.49999748	0.00000000	-5.09350300
45.69999746	0.00000000	-4.63213500
45.89999745	0.00000000	-2.90354300
46.09999744	0.00000000	0.04921259
46.29999743	0.00000000	3.36491100
46.49999742	0.00000000	5.91166300
46.69999740	0.00000000	6.72982200
46.89999739	0.00000000	5.86245000
47.09999738	0.00000000	2.90354300
47.29999737	0.00000000	-1.26722400
47.49999736	0.00000000	-5.09350300
47.69999734	0.00000000	-8.09547100
47.89999733	0.00000000	-9.73179100
48.09999732	0.00000000	-9.32578700
48.29999731	0.00000000	-6.77903500
48.49999730	0.00000000	-3.00196800
48.69999729	0.00000000	1.21801200
48.89999727	0.00000000	4.58292300
49.09999726	0.00000000	6.31766700
49.29999725	0.00000000	6.31766700
49.49999724	0.00000000	4.68134800
49.69999723	0.00000000	2.14074800
49.89999721	0.00000000	-0.41215550
50.09999720	0.00000000	-3.00196800
50.29999719	0.00000000	-5.09350300
50.49999718	0.00000000	-6.36687900
50.69999717	0.00000000	-6.41609200
50.89999715	0.00000000	-5.60408400
51.09999714	0.00000000	-4.73056000
51.29999713	0.00000000	-3.41412400
51.49999712	0.00000000	-1.72859200
51.69999711	0.00000000	0.00000000
51.89999710	0.00000000	1.67938000
52.09999708	0.00000000	2.95275600
52.29999707	0.00000000	3.36491100
52.49999706	0.00000000	2.95275600
52.69999705	0.00000000	1.67938000
52.89999704	0.00000000	0.00000000
53.09999702	0.00000000	-1.72859200
53.29999701	0.00000000	-3.46333600
53.49999700	0.00000000	-5.14271600
53.69999699	0.00000000	-6.31766700
53.89999698	0.00000000	-5.91166300
54.09999696	0.00000000	-3.82627900
54.29999695	0.00000000	-1.32258800
54.49999694	0.00000000	1.27337600
54.69999693	0.00000000	3.36491100
54.89999692	0.00000000	4.63213500
55.09999691	0.00000000	4.58292300
55.29999689	0.00000000	2.90354300
55.49999688	0.00000000	0.00000000
55.69999687	0.00000000	-2.95275600
55.89999686	0.00000000	-5.09350300
56.09999685	0.00000000	-6.31766700
56.29999683	0.00000000	-5.91166300
56.49999682	0.00000000	-3.82627900
56.69999681	0.00000000	-1.32258800
56.89999680	0.00000000	1.27337600
57.09999679	0.00000000	3.36491100
57.29999677	0.00000000	4.58292300
57.49999676	0.00000000	4.17691900
57.69999675	0.00000000	2.04232300
57.89999674	0.00000000	-0.86737200
58.09999673	0.00000000	-4.27534400
58.29999672	0.00000000	-6.72982200
58.49999670	0.00000000	-7.64025500
58.69999669	0.00000000	-6.72982200
58.89999668	0.00000000	-4.22613100
59.09999667	0.00000000	-0.46136810
59.29999666	0.00000000	2.90354300
59.49999664	0.00000000	5.09350300
59.69999663	0.00000000	6.31766700
59.89999662	0.00000000	5.86245000
60.09999661	0.00000000	3.36491100
60.29999660	0.00000000	0.00000000
60.49999658	0.00000000	-3.41412400
60.69999657	0.00000000	-6.36687900
60.89999656	0.00000000	-8.04626000
61.09999655	0.00000000	-7.99704600
61.29999654	0.00000000	-5.90551100
61.49999653	0.00000000	-2.14074800
61.69999651	0.00000000	1.63016700
61.89999650	0.00000000	4.63213500
62.09999649	0.00000000	6.31766700
62.29999648	0.00000000	6.31766700
62.49999647	0.00000000	4.68134800
62.69999645	0.00000000	2.14074800
62.89999644	0.00000000	-0.41215550
63.09999643	0.00000000	-2.95275600
63.29999642	0.00000000	-4.63213500
63.49999641	0.00000000	-5.14271600
63.69999639	0.00000000	-5.14271600
63.89999638	0.00000000	-4.68134800
64.09999637	0.00000000	-3.46333600
64.29999636	0.00000000	-2.18996000
64.49999635	0.00000000	-1.26722400
64.69999634	0.00000000	0.04921259
64.89999632	0.00000000	1.72859200
65.09999631	0.00000000	3.41412400
65.29999630	0.00000000	4.68134800
65.49999629	0.00000000	5.04429100
65.69999628	0.00000000	4.17691900
65.89999626	0.00000000	1.63016700
66.09999625	0.00000000	-1.72859200
66.29999624	0.00000000	-5.14271600
66.49999623	0.00000000	-8.09547100
66.69999622	0.00000000	-9.78100300
66.89999620	0.00000000	-9.78100300
67.09999619	0.00000000	-8.04626000
67.29999618	0.00000000	-4.63213500
67.49999617	0.00000000	0.04921259
67.69999616	0.00000000	5.09350300
67.89999615	0.00000000	9.27042300
68.09999613	0.00000000	10.95595000
68.29999612	0.00000000	9.73179100
68.49999611	0.00000000	6.31766700
68.69999610	0.00000000	1.22416300
68.89999609	0.00000000	-4.68750000
69.09999607	0.00000000	-9.73179100
69.29999606	0.00000000	-12.73991000
69.49999605	0.00000000	-13.14591000
69.69999604	0.00000000	-11.00517000
69.89999603	0.00000000	-6.31766700
70.09999601	0.00000000	-0.04921259
70.29999600	0.00000000	5.86245000
70.49999599	0.00000000	9.73179100
70.69999598	0.00000000	11.46038000
70.89999597	0.00000000	11.00517000
71.09999596	0.00000000	7.99704600
71.29999594	0.00000000	2.95275600
71.49999593	0.00000000	-2.95275600
71.69999592	0.00000000	-7.99704600
71.89999591	0.00000000	-11.00517000
72.09999590	0.00000000	-11.46038000
72.29999588	0.00000000	-9.78100300
72.49999587	0.00000000	-6.36687900
72.69999586	0.00000000	-1.72859200
72.89999585	0.00000000	2.95275600
73.09999584	0.00000000	6.72982200
73.29999582	0.00000000	8.86441900
73.49999581	0.00000000	8.45841400
73.69999580	0.00000000	6.36687900
73.89999579	0.00000000	2.95275600
74.09999578	0.00000000	-1.26722400
74.29999577	0.00000000	-5.09350300
74.49999575	0.00000000	-8.04626000
74.69999574	0.00000000	-9.31963500
74.89999573	0.00000000	-8.45841400
75.09999572	0.00000000	-5.90551100
75.29999571	0.00000000	-1.67938000
75.49999569	0.00000000	2.90354300
75.69999568	0.00000000	6.26845500
75.89999567	0.00000000	7.59104300
76.09999566	0.00000000	6.72982200
76.29999565	0.00000000	4.22613100
76.49999563	0.00000000	0.36294290
76.69999562	0.00000000	-3.82627900
76.89999561	0.00000000	-7.64025500
77.09999560	0.00000000	-9.73179100
77.29999559	0.00000000	-9.73179100
77.49999558	0.00000000	-7.59104300
77.69999556	0.00000000	-3.31569900
77.89999555	0.00000000	2.09153500
78.09999554	0.00000000	7.17888700
78.29999553	0.00000000	10.09473000
78.49999552	0.00000000	10.59301000
78.69999550	0.00000000	8.40920300
78.89999549	0.00000000	4.17691900
79.09999548	0.00000000	-1.77780500
79.29999547	0.00000000	-8.04626000
79.49999546	0.00000000	-12.68455000
79.69999544	0.00000000	-14.37008000
79.89999543	0.00000000	-12.68455000
80.09999542	0.00000000	-8.04626000
80.29999541	0.00000000	-1.67938000
80.49999540	0.00000000	4.99507900
80.69999539	0.00000000	10.18086000
80.89999537	0.00000000	12.73991000
81.09999536	0.00000000	13.54577000
81.29999535	0.00000000	10.90674000
81.49999534	0.00000000	5.09350300
81.69999533	0.00000000	-1.72859200
81.89999531	0.00000000	-8.50762700
82.09999530	0.00000000	-13.95792000
82.29999529	0.00000000	-16.09867000
82.49999528	0.00000000	-14.87451000
82.69999527	0.00000000	-11.05438000
82.89999525	0.00000000	-5.04429100
83.09999524	0.00000000	2.09153500
83.29999523	0.00000000	8.86441900
83.49999522	0.00000000	13.09670000
83.69999521	0.00000000	14.41929000
83.89999520	0.00000000	12.73376000
84.09999518	0.00000000	8.50762700
84.29999517	0.00000000	2.95275600
84.49999516	0.00000000	-3.46333600
84.69999515	0.00000000	-9.78100300
84.89999514	0.00000000	-14.41929000
85.09999512	0.00000000	-16.14788000
85.29999511	0.00000000	-14.87451000
85.49999510	0.00000000	-11.05438000
85.69999509	0.00000000	-5.09350300
85.89999508	0.00000000	1.67938000
86.09999506	0.00000000	8.04626000
86.29999505	0.00000000	12.68455000
86.49999504	0.00000000	14.41929000
86.69999503	0.00000000	13.14591000
86.89999502	0.00000000	9.32578700
87.09999501	0.00000000	3.36491100
87.29999499	0.00000000	-3.36491100
87.49999498	0.00000000	-9.32578700
87.69999497	0.00000000	-13.19513000
87.89999496	0.00000000	-14.87451000
88.09999495	0.00000000	-14.00714000
88.29999493	0.00000000	-10.19316000
88.49999492	0.00000000	-4.68750000
88.69999491	0.00000000	1.67938000
88.89999490	0.00000000	7.59104300
89.09999489	0.00000000	11.41117000
89.29999487	0.00000000	12.73376000
89.49999486	0.00000000	11.41117000
89.69999485	0.00000000	7.64025500
89.89999484	0.00000000	2.14074800
90.09999483	0.00000000	-3.36491100
90.29999482	0.00000000	-8.04626000
90.49999480	0.00000000	-11.00517000
90.69999479	0.00000000	-11.46038000
90.89999478	0.00000000	-9.78100300
91.09999477	0.00000000	-6.41609200
91.29999476	0.00000000	-2.18996000
91.49999474	0.00000000	1.67938000
91.69999473	0.00000000	5.09350300
91.89999472	0.00000000	7.59104300
92.09999471	0.00000000	7.99704600
92.29999470	0.00000000	6.36687900
92.49999468	0.00000000	3.46333600
92.69999467	0.00000000	0.46136810
92.89999466	0.00000000	-2.14074800
93.09999465	0.00000000	-4.68134800
93.29999464	0.00000000	-6.31766700
93.49999463	0.00000000	-6.36687900
93.69999461	0.00000000	-5.14271600
93.89999460	0.00000000	-3.46333600
94.09999459	0.00000000	-1.72859200
94.29999458	0.00000000	0.00000000
94.49999457	0.00000000	1.67938000
94.69999455	0.00000000	2.90354300
94.89999454	0.00000000	2.95275600
95.09999453	0.00000000	2.14074800
95.29999452	0.00000000	1.31643700
95.49999451	0.00000000	0.41215550
95.69999449	0.00000000	-0.41215550
95.89999448	0.00000000	-1.26722400
96.09999447	0.00000000	-1.67938000
96.29999446	0.00000000	-1.77780500
96.49999445	0.00000000	-2.14074800
96.69999444	0.00000000	-2.54060000
96.89999442	0.00000000	-2.14074800
97.09999441	0.00000000	-1.72859200
97.29999440	0.00000000	-1.26722400
97.49999439	0.00000000	-0.41215550
97.69999438	0.00000000	0.41215550
97.89999436	0.00000000	1.26722400
98.09999435	0.00000000	1.67938000
98.29999434	0.00000000	1.67938000
98.49999433	0.00000000	1.26722400
98.69999432	0.00000000	0.41215550
98.89999430	0.00000000	-0.41215550
99.09999429	0.00000000	-1.31643700
99.29999428	0.00000000	-2.14074800
99.49999427	0.00000000	-3.00196800
99.69999426	0.00000000	-3.36491100
99.89999425	0.00000000	-2.95275600
100.09999423	0.00000000	-1.72859200
100.29999422	0.00000000	-0.46136810
100.49999421	0.00000000	0.41215550
100.69999420	0.00000000	1.26722400
100.89999419	0.00000000	1.67938000
101.09999417	0.00000000	1.67938000
101.29999416	0.00000000	1.26722400
101.49999415	0.00000000	0.41215550
101.69999414	0.00000000	-0.46136810
101.89999413	0.00000000	-1.72859200
102.09999411	0.00000000	-2.95275600
102.29999410	0.00000000	-3.36491100
102.49999409	0.00000000	-3.00196800
102.69999408	0.00000000	-2.14074800
102.89999407	0.00000000	-1.26722400
103.09999406	0.00000000	0.00000000
103.29999404	0.00000000	1.21801200
103.49999403	0.00000000	1.67938000
103.69999402	0.00000000	1.67938000
103.89999401	0.00000000	1.26722400
104.09999400	0.00000000	0.41215550
104.29999398	0.00000000	-0.41215550
104.49999397	0.00000000	-1.31643700
104.69999396	0.00000000	-2.09153500
104.89999395	0.00000000	-2.54060000
105.09999394	0.00000000	-2.14074800
105.29999392	0.00000000	-1.72859200
105.49999391	0.00000000	-1.21801200
105.69999390	0.00000000	0.00000000
105.89999389	0.00000000	1.21801200
106.09999388	0.00000000	1.67938000
106.29999387	0.00000000	1.67938000
106.49999385	0.00000000	1.26722400
106.69999384	0.00000000	0.41215550
106.89999383	0.00000000	-0.46136810
107.09999382	0.00000000	-1.72859200
107.29999381	0.00000000	-2.95275600
107.49999379	0.00000000	-3.36491100
107.69999378	0.00000000	-3.00196800
107.89999377	0.00000000	-2.14074800
108.09999376	0.00000000	-1.26722400
108.29999375	0.00000000	0.04921259
108.49999374	0.00000000	1.63016700
108.69999372	0.00000000	2.49138800
108.89999371	0.00000000	2.09153500
109.09999370	0.00000000	1.31643700
109.29999369	0.00000000	0.36294290
109.49999368	0.00000000	-0.86737200
109.69999366	0.00000000	-2.59596400
109.89999365	0.00000000	-3.82627900
110.09999364	0.00000000	-4.68134800
110.29999363	0.00000000	-4.63213500
110.49999362	0.00000000	-3.41412400
110.69999360	0.00000000	-1.72859200
110.89999359	0.00000000	0.00000000
111.09999358	0.00000000	1.72859200
111.29999357	0.00000000	3.36491100
111.49999356	0.00000000	4.17691900
111.69999355	0.00000000	3.36491100
111.89999353	0.00000000	1.67938000
112.09999352	0.00000000	-0.46136810
112.29999351	0.00000000	-3.00196800
112.49999350	0.00000000	-5.04429100
112.69999349	0.00000000	-5.90551100
112.89999347	0.00000000	-5.09350300
113.09999346	0.00000000	-3.41412400
113.29999345	0.00000000	-1.27337600
113.49999344	0.00000000	1.27337600
113.69999343	0.00000000	3.36491100
113.89999341	0.00000000	4.63213500
114.09999340	0.00000000	4.63213500
114.29999339	0.00000000	3.36491100
114.49999338	0.00000000	1.27337600
114.69999337	0.00000000	-1.32258800
114.89999336	0.00000000	-3.82627900
115.09999334	0.00000000	-5.91166300
115.29999333	0.00000000	-6.31766700
115.49999332	0.00000000	-5.09350300
115.69999331	0.00000000	-3.00196800
115.89999330	0.00000000	-0.46136810
116.09999328	0.00000000	1.67938000
116.29999327	0.00000000	3.41412400
116.49999326	0.00000000	4.63213500
116.69999325	0.00000000	4.58292300
116.89999324	0.00000000	2.95275600
117.09999322	0.00000000	0.46136810
117.29999321	0.00000000	-1.67938000
117.49999320	0.00000000	-3.41412400
117.69999319	0.00000000	-4.63213500
117.89999318	0.00000000	-4.63213500
118.09999317	0.00000000	-3.41412400
118.29999315	0.00000000	-1.72859200
118.49999314	0.00000000	-0.04921259
118.69999313	0.00000000	1.26722400
118.89999312	0.00000000	2.09153500
119.09999311	0.00000000	2.54060000
119.29999309	0.00000000	2.09153500
119.49999308	0.00000000	1.26722400
119.69999307	0.00000000	0.00000000
119.89999306	0.00000000	-1.26722400
120.09999305	0.00000000	-2.09153500
120.29999303	0.00000000	-2.54060000
120.49999302	0.00000000	-2.14074800
120.69999301	0.00000000	-1.72859200
120.89999300	0.00000000	-1.26722400
121.09999299	0.00000000	-0.41215550
121.29999298	0.00000000	0.41215550
121.49999296	0.00000000	1.21801200
121.69999295	0.00000000	1.21801200
121.89999294	0.00000000	0.46136810
122.09999293	0.00000000	0.00000000
122.29999292	0.00000000	-0.46136810
122.49999290	0.00000000	-1.26722400
122.69999289	0.00000000	-1.67938000
122.89999288	0.00000000	-1.67938000
123.09999287	0.00000000	-1.26722400
123.29999286	0.00000000	-0.46136810
123.49999284	0.00000000	-0.04921259
123.69999283	0.00000000	0.00000000
123.89999282	0.00000000	0.00000000
124.09999281	0.00000000	0.00000000
124.29999280	0.00000000	-0.04921259
124.49999279	0.00000000	-0.46136810
124.69999277	0.00000000	-1.26722400
124.89999276	0.00000000	-1.67938000
125.09999275	0.00000000	-1.72859200
125.29999274	0.00000000	-1.67938000
125.49999273	0.00000000	-1.26722400
125.69999271	0.00000000	-0.41215550
125.89999270	0.00000000	0.41215550
126.09999269	0.00000000	1.26722400
126.29999268	0.00000000	1.67938000
126.49999267	0.00000000	1.67938000
126.69999265	0.00000000	1.21801200
126.89999264	0.00000000	0.00000000
127.09999263	0.00000000	-1.21801200
127.29999262	0.00000000	-1.72859200
127.49999261	0.00000000	-2.14074800
127.69999260	0.00000000	-2.49138800
127.89999258	0.00000000	-1.67938000
128.09999257	0.00000000	-0.46136810
128.29999256	0.00000000	0.46136810
128.49999255	0.00000000	1.67938000
128.69999254	0.00000000	2.49138800
128.89999252	0.00000000	2.14074800
129.09999251	0.00000000	1.72859200
129.29999250	0.00000000	1.21801200
129.49999249	0.00000000	0.00000000
129.69999248	0.00000000	-1.26722400
129.89999246	0.00000000	-2.14074800
130.09999245	0.00000000	-2.95275600
130.29999244	0.00000000	-2.90354300
130.49999243	0.00000000	-1.72859200
130.69999242	0.00000000	-0.46136810
130.89999241	0.00000000	0.41215550
131.09999239	0.00000000	1.26722400
131.29999238	0.00000000	1.67938000
131.49999237	0.00000000	1.72859200
131.69999236	0.00000000	1.67938000
131.89999235	0.00000000	1.26722400
132.09999233	0.00000000	0.46136810
132.29999232	0.00000000	0.00000000
132.49999231	0.00000000	-0.41215550
132.69999230	0.00000000	-0.81200780
132.89999229	0.00000000	-0.46136810
133.09999227	0.00000000	-0.46136810
133.29999226	0.00000000	-0.81200780
133.49999225	0.00000000	-0.41215550
133.69999224	0.00000000	-0.04921259
133.89999223	0.00000000	-0.04921259
134.09999222	0.00000000	-0.46136810
134.29999220	0.00000000	-1.26722400
134.49999219	0.00000000	-1.67938000
134.69999218	0.00000000	-1.67938000
134.89999217	0.00000000	-1.26722400
135.09999216	0.00000000	-0.46136810
135.29999214	0.00000000	0.00000000
135.49999213	0.00000000	0.46136810
135.69999212	0.00000000	1.21801200
135.89999211	0.00000000	1.21801200
136.09999210	0.00000000	0.46136810
136.29999208	0.00000000	0.00000000
136.49999207	0.00000000	-0.46136810
136.69999206	0.00000000	-1.26722400
136.89999205	0.00000000	-1.67938000
137.09999204	0.00000000	-1.72859200
137.29999203	0.00000000	-1.67938000
137.49999201	0.00000000	-1.21801200
137.69999200	0.00000000	0.00000000
137.89999199	0.00000000	1.21801200
138.09999198	0.00000000	1.67938000
138.29999197	0.00000000	1.72859200
138.49999195	0.00000000	1.67938000
138.69999194	0.00000000	1.21801200
138.89999193	0.00000000	0.00000000
139.09999192	0.00000000	-1.21801200
139.29999191	0.00000000	-1.67938000
139.49999189	0.00000000	-1.72859200
139.69999188	0.00000000	-1.72859200
139.89999187	0.00000000	-1.72859200
140.09999186	0.00000000	-1.67938000
140.29999185	0.00000000	-1.26722400
140.49999184	0.00000000	-0.41215550
140.69999182	0.00000000	0.41215550
140.89999181	0.00000000	1.26722400
141.09999180	0.00000000	1.67938000
141.29999179	0.00000000	1.67938000
141.49999178	0.00000000	1.26722400
141.69999176	0.00000000	0.41215550
141.89999175	0.00000000	-0.41215550
142.09999174	0.00000000	-1.26722400
142.29999173	0.00000000	-1.67938000
142.49999172	0.00000000	-1.72859200
142.69999170	0.00000000	-1.72859200
142.89999169	0.00000000	-1.67938000
143.09999168	0.00000000	-1.26722400
143.29999167	0.00000000	-0.46136810
143.49999166	0.00000000	0.00000000
143.69999165	0.00000000	0.46136810
143.89999163	0.00000000	1.26722400
144.09999162	0.00000000	1.63016700
144.29999161	0.00000000	1.26722400
144.49999160	0.00000000	0.46136810
144.69999159	0.00000000	0.00000000
144.89999157	0.00000000	-0.46136810
145.09999156	0.00000000	-1.26722400
145.29999155	0.00000000	-1.67938000
145.49999154	0.00000000	-1.72859200
145.69999153	0.00000000	-1.72859200
145.89999151	0.00000000	-1.67938000
146.09999150	0.00000000	-1.26722400
146.29999149	0.00000000	-0.41215550
146.49999148	0.00000000	0.41215550
146.69999147	0.00000000	1.26722400
146.89999146	0.00000000	1.67938000
147.09999144	0.00000000	1.72859200
147.29999143	0.00000000	1.67938000
147.49999142	0.00000000	1.26722400
147.69999141	0.00000000	0.41215550
147.89999140	0.00000000	-0.41215550
148.09999138	0.00000000	-1.26722400
148.29999137	0.00000000	-1.67938000
148.49999136	0.00000000	-1.72859200
148.69999135	0.00000000	-1.67938000
148.89999134	0.00000000	-1.26722400
149.09999132	0.00000000	-0.46136810
149.29999131	0.00000000	0.00000000
149.49999130	0.00000000	0.46136810
149.69999129	0.00000000	1.26722400
149.89999128	0.00000000	1.67938000
150.09999127	0.00000000	1.67938000
150.29999125	0.00000000	1.26722400
150.49999124	0.00000000	0.41215550
150.69999123	0.00000000	-0.41215550
150.89999122	0.00000000	-1.26722400
151.09999121	0.00000000	-1.67938000
151.29999119	0.00000000	-1.72859200
151.49999118	0.00000000	-1.67938000
151.69999117	0.00000000	-1.26722400
151.89999116	0.00000000	-0.41215550
152.09999115	0.00000000	0.41215550
152.29999113	0.00000000	1.26722400
152.49999112	0.00000000	1.63016700
152.69999111	0.00000000	1.26722400
152.89999110	0.00000000	0.46136810
153.09999109	0.00000000	0.00000000
153.29999108	0.00000000	-0.46136810
153.49999106	0.00000000	-1.26722400
153.69999105	0.00000000	-1.63016700
153.89999104	0.00000000	-1.26722400
154.09999103	0.00000000	-0.46136810
154.29999102	0.00000000	-0.04921259
154.49999100	0.00000000	0.00000000
154.69999099	0.00000000	0.00000000
154.89999098	0.00000000	0.00000000
155.09999097	0.00000000	0.00000000
155.29999096	0.00000000	0.00000000
155.49999094	0.00000000	0.00000000
155.69999093	0.00000000	0.00000000
155.89999092	0.00000000	0.00000000
156.09999091	0.00000000	0.00000000
156.29999090	0.00000000	0.00000000
156.49999089	0.00000000	0.00000000
156.69999087	0.00000000	0.00000000
156.89999086	0.00000000	0.00000000
157.09999085	0.00000000	0.00000000
157.29999084	0.00000000	-0.04921259
157.49999083	0.00000000	-0.41215550
157.69999081	0.00000000	-0.81200780
157.89999080	0.00000000	-0.41215550
158.09999079	0.00000000	-0.04921259
158.29999078	0.00000000	0.00000000
158.49999077	0.00000000	0.00000000
158.69999075	0.00000000	0.04921259
158.89999074	0.00000000	0.41215550
159.09999073	0.00000000	0.81200780
159.29999072	0.00000000	0.41215550
159.49999071	0.00000000	0.04921259
159.69999070	0.00000000	-0.04921259
159.89999068	0.00000000	-0.46136810
160.09999067	0.00000000	-1.26722400
160.29999066	0.00000000	-1.63016700
160.49999065	0.00000000	-1.31643700
160.69999064	0.00000000	-0.86737200
160.89999062	0.00000000	-0.86122040
161.09999061	0.00000000	-0.41215550
161.29999060	0.00000000	-0.04921259
161.49999059	0.00000000	0.00000000
161.69999058	0.00000000	0.00000000
161.89999056	0.00000000	0.00000000
162.09999055	0.00000000	-0.04921259
162.29999054	0.00000000	-0.41215550
162.49999053	0.00000000	-0.81200780
162.69999052	0.00000000	-0.46136810
162.89999051	0.00000000	-0.46136810
163.09999049	0.00000000	-0.81200780
163.29999048	0.00000000	-0.41215550
163.49999047	0.00000000	-0.04921259
163.69999046	0.00000000	0.00000000
163.89999045	0.00000000	0.00000000
164.09999043	0.00000000	0.00000000
164.29999042	0.00000000	0.00000000
164.49999041	0.00000000	0.00000000
164.69999040	0.00000000	0.00000000
164.89999039	0.00000000	0.00000000
165.09999037	0.00000000	0.00000000
165.29999036	0.00000000	0.00000000
165.49999035	0.00000000	0.00000000
165.69999034	0.00000000	0.00000000
165.89999033	0.00000000	0.00000000
166.09999032	0.00000000	0.00000000
166.29999030	0.00000000	0.00000000
166.49999029	0.00000000	0.00000000
166.69999028	0.00000000	0.00000000
166.89999027	0.00000000	0.00000000
167.09999026	0.00000000	0.00000000
167.29999024	0.00000000	0.00000000
167.49999023	0.00000000	0.00000000
167.69999022	0.00000000	0.00000000
167.89999021	0.00000000	0.00000000
168.09999020	0.00000000	0.00000000
168.29999018	0.00000000	0.00000000
168.49999017	0.00000000	0.00000000
168.69999016	0.00000000	0.00000000
168.89999015	0.00000000	0.00000000
169.09999014	0.00000000	0.00000000
169.29999013	0.00000000	0.00000000
169.49999011	0.00000000	0.00000000
169.69999010	0.00000000	0.00000000
169.89999009	0.00000000	-0.04921259
170.09999008	0.00000000	-0.41215550
170.29999007	0.00000000	-0.86122040
170.49999005	0.00000000	-0.81815940
170.69999004	0.00000000	-0.86122040
170.89999003	0.00000000	-0.41215550
171.09999002	0.00000000	-0.04921259
171.29999001	0.00000000	0.00000000
171.49998999	0.00000000	0.00000000
171.69998998	0.00000000	0.00000000
171.89998997	0.00000000	0.00000000
172.09998996	0.00000000	0.00000000
172.29998995	0.00000000	0.00000000
172.49998994	0.00000000	0.00000000
172.69998992	0.00000000	0.00000000
172.89998991	0.00000000	-0.04921259
173.09998990	0.00000000	-0.46136810
173.29998989	0.00000000	-1.21801200
173.49998988	0.00000000	-1.21801200
173.69998986	0.00000000	-0.46136810
173.89998985	0.00000000	-0.04921259
174.09998984	0.00000000	0.00000000
174.29998983	0.00000000	0.00000000
174.49998982	0.00000000	0.00000000
174.69998980	0.00000000	0.00000000
174.89998979	0.00000000	0.00000000
175.09998978	0.00000000	0.00000000
175.29998977	0.00000000	0.00000000
175.49998976	0.00000000	-0.04921259
175.69998975	0.00000000	-0.41215550
175.89998973	0.00000000	-0.81200780
176.09998972	0.00000000	-0.41215550
176.29998971	0.00000000	-0.04921259
176.49998970	0.00000000	0.00000000
176.69998969	0.00000000	0.00000000
176.89998967	0.00000000	0.04921259
177.09998966	0.00000000	0.41215550
177.29998965	0.00000000	0.81200780
177.49998964	0.00000000	0.41215550
177.69998963	0.00000000	0.04921259
177.89998961	0.00000000	0.00000000
178.09998960	0.00000000	0.00000000
178.29998959	0.00000000	0.00000000
178.49998958	0.00000000	0.00000000
178.69998957	0.00000000	0.00000000
178.89998956	0.00000000	0.00000000
179.09998954	0.00000000	0.00000000
179.29998953	0.00000000	0.00000000
179.49998952	0.00000000	0.00000000
179.69998951	0.00000000	0.00000000
179.89998950	0.00000000	0.04921259
180.09998948	0.00000000	0.41215550
180.29998947	0.00000000	0.76279520
180.49998946	0.00000000	0.00000000
180.69998945	0.00000000	-0.76279520
180.89998944	0.00000000	-0.41215550
181.09998942	0.00000000	-0.04921259
181.29998941	0.00000000	0.00000000
181.49998940	0.00000000	0.00000000
181.69998939	0.00000000	0.00000000
181.89998938	0.00000000	0.00000000
182.09998937	0.00000000	0.00000000
182.29998935	0.00000000	0.00000000
182.49998934	0.00000000	0.00000000
182.69998933	0.00000000	0.00000000
182.89998932	0.00000000	0.00000000
183.09998931	0.00000000	0.00000000
183.29998929	0.00000000	0.00000000
183.49998928	0.00000000	0.00000000
183.69998927	0.00000000	0.00000000
183.89998926	0.00000000	0.00000000
184.09998925	0.00000000	0.00000000
184.29998923	0.00000000	0.00000000
184.49998922	0.00000000	0.00000000
184.69998921	0.00000000	0.00000000
184.89998920	0.00000000	0.00000000
185.09998919	0.00000000	0.00000000
185.29998918	0.00000000	0.00000000
185.49998916	0.00000000	0.00000000
185.69998915	0.00000000	0.00000000
185.89998914	0.00000000	0.00000000
186.09998913	0.00000000	0.00000000
186.29998912	0.00000000	0.00000000
186.49998910	0.00000000	0.00000000
186.69998909	0.00000000	0.04921259
186.89998908	0.00000000	0.41215550
187.09998907	0.00000000	0.81200780
187.29998906	0.00000000	0.41215550
187.49998904	0.00000000	0.04921259
187.69998903	0.00000000	-0.04921259
187.89998902	0.00000000	-0.46136810
188.09998901	0.00000000	-1.21801200
188.29998900	0.00000000	-1.21801200
188.49998899	0.00000000	-0.46136810
188.69998897	0.00000000	-0.04921259
188.89998896	0.00000000	0.00000000
189.09998895	0.00000000	0.00000000
189.29998894	0.00000000	0.00000000
189.49998893	0.00000000	0.04921259
189.69998891	0.00000000	0.41215550
189.89998890	0.00000000	0.81200780
190.09998889	0.00000000	0.41215550
190.29998888	0.00000000	0.04921259
190.49998887	0.00000000	0.00000000
190.69998885	0.00000000	-0.04921259
190.89998884	0.00000000	-0.41215550
191.09998883	0.00000000	-0.81200780
191.29998882	0.00000000	-0.41215550
191.49998881	0.00000000	-0.04921259
191.69998880	0.00000000	0.00000000
191.89998878	0.00000000	0.00000000
192.09998877	0.00000000	0.00000000
192.29998876	0.00000000	0.00000000
192.49998875	0.00000000	0.00000000
192.69998874	0.00000000	0.00000000
192.89998872	0.00000000	0.00000000
193.09998871	0.00000000	0.00000000
193.29998870	0.00000000	0.00000000
193.49998869	0.00000000	0.00000000
193.69998868	0.00000000	0.00000000
193.89998866	0.00000000	0.00000000
194.09998865	0.00000000	0.00000000
194.29998864	0.00000000	0.00000000
194.49998863	0.00000000	0.00000000
194.69998862	0.00000000	0.00000000
194.89998861	0.00000000	0.00000000
195.09998859	0.00000000	0.00000000
195.29998858	0.00000000	0.00000000
195.49998857	0.00000000	0.00000000
195.69998856	0.00000000	0.00000000
195.89998855	0.00000000	0.00000000
196.09998853	0.00000000	0.00000000
