Time	Channel A	Channel B	Channel C
(us)	(V)	(mV)	(mV)

-4.49999956	0.00000000	102.78050000	33.15699000
-4.29999957	0.00000000	102.78050000	33.15699000
-4.09999958	0.00000000	102.78050000	33.15699000
-3.89999959	0.00000000	102.78050000	33.15699000
-3.69999960	0.00000000	102.78050000	33.15699000
-3.49999962	0.00000000	102.78050000	33.15699000
-3.29999963	0.00000000	102.78050000	33.15699000
-3.09999964	0.00000000	102.78050000	33.15699000
-2.89999965	0.00000000	102.78050000	33.15699000
-2.69999966	0.00000000	102.78050000	33.15699000
-2.49999968	0.00000000	102.78050000	33.15699000
-2.29999969	0.00000000	102.78050000	33.15699000
-2.09999970	0.00000000	102.78050000	33.15699000
-1.89999971	0.00000000	102.78050000	33.15699000
-1.69999972	0.00000000	102.78050000	33.15699000
-1.49999973	0.00000000	102.78050000	33.15699000
-1.29999975	0.00000000	102.78050000	33.15699000
-1.09999976	0.00000000	102.78050000	33.15699000
-0.89999977	0.00000000	102.78050000	33.15699000
-0.69999978	0.00000000	102.78050000	33.15699000
-0.49999979	0.00000000	102.78050000	33.15699000
-0.29999981	0.31803640	102.78050000	33.15699000
-0.09999982	0.63668800	102.78050000	33.15699000
0.10000017	0.95533960	102.78050000	33.15699000
0.30000016	0.95533960	102.78050000	33.15699000
0.50000015	0.95533960	102.78050000	33.15699000
0.70000013	0.31803640	102.78050000	33.11393000
0.90000012	-0.31803640	102.78050000	32.78174000
1.10000011	-1.43331700	102.78050000	32.46186000
1.30000010	-2.22994600	102.78050000	33.15699000
1.50000009	-2.86724900	102.82360000	33.85211000
1.70000008	-2.54859700	103.15570000	33.53223000
1.90000006	-1.43331700	103.56790000	33.24926000
2.10000005	0.31803640	103.53100000	33.53223000
2.30000004	2.38927200	103.56790000	33.90133000
2.50000003	4.30056600	103.15570000	33.53223000
2.70000002	5.25652100	102.82360000	33.20005000
2.90000000	4.93786900	102.78050000	33.15699000
3.09999999	3.18590100	102.78050000	33.15699000
3.29999998	0.31803640	102.78050000	33.15699000
3.49999997	-3.02657500	102.78050000	33.15699000
3.69999996	-6.05315000	102.78050000	33.15699000
3.89999994	-7.80511800	102.78050000	33.20005000
4.09999993	-7.64579200	102.78050000	33.57529000
4.29999992	-5.41584600	102.82360000	34.31963000
4.49999991	-1.59264300	103.15570000	34.69488000
4.69999990	2.70792300	103.52480000	34.69488000
4.89999989	6.69045300	103.15570000	34.31963000
5.09999987	9.07972400	102.82360000	33.57529000
5.29999986	9.23905000	102.78050000	33.15699000
5.49999985	7.00848900	102.78050000	32.78174000
5.69999984	3.02657500	102.78050000	32.41265000
5.89999983	-1.91129400	102.78050000	32.78174000
6.09999981	-6.21247500	102.78050000	33.11393000
6.29999980	-8.92039900	102.78050000	33.20005000
6.49999979	-9.39837600	102.78050000	33.57529000
6.69999978	-7.64579200	102.78050000	34.31963000
6.89999977	-3.82258900	102.78050000	34.69488000
7.09999975	0.47736220	102.78050000	34.73794000
7.29999974	4.45989200	102.78050000	34.69488000
7.49999973	7.00848900	102.78050000	34.31963000
7.69999972	7.80511800	102.78050000	33.57529000
7.89999971	6.53112700	102.78050000	33.20005000
8.09999970	3.82258900	102.78050000	33.15699000
8.29999968	0.47736220	102.78050000	33.15699000
8.49999967	-2.54859700	102.78050000	33.15699000
8.69999966	-4.45989200	102.78050000	33.15699000
8.89999965	-5.09719500	102.78050000	33.15699000
9.09999964	-4.45989200	102.78050000	33.15699000
9.29999962	-2.86724900	102.78050000	33.15699000
9.49999961	-0.95533960	102.78050000	33.15699000
9.69999960	0.95533960	102.78050000	33.15699000
9.89999959	2.07062000	102.78050000	33.15699000
10.09999958	2.54859700	102.78050000	33.15699000
10.29999956	2.22994600	102.73740000	33.11393000
10.49999955	1.59264300	102.40530000	32.78174000
10.69999954	0.63668800	102.03620000	32.41265000
10.89999953	-0.15871060	102.40530000	32.78174000
11.09999952	-0.63668800	102.73740000	33.11393000
11.29999951	-0.95533960	102.78050000	33.15699000
11.49999949	-0.95533960	102.78050000	33.15699000
11.69999948	-0.79601380	102.78050000	33.15699000
11.89999947	-0.47736220	102.78050000	33.15699000
12.09999946	-0.15871060	102.78050000	33.15699000
12.29999945	-0.15871060	102.78050000	33.15699000
12.49999943	-0.15871060	102.78050000	33.15699000
12.69999942	0.00000000	102.78050000	33.15699000
12.89999941	0.00000000	102.78050000	33.15699000
13.09999940	0.00000000	102.78050000	33.15699000
13.29999939	0.00000000	102.78050000	33.15699000
13.49999937	0.00000000	102.78050000	33.15699000
13.69999936	0.00000000	102.78050000	33.15699000
13.89999935	0.00000000	102.78050000	33.15699000
14.09999934	-0.15871060	102.78050000	33.15699000
14.29999933	-0.15871060	102.78050000	33.15699000
14.49999932	-0.15871060	102.73740000	33.11393000
14.69999930	-0.15871060	102.40530000	32.78174000
14.89999929	0.00000000	102.03620000	32.41265000
15.09999928	0.00000000	102.40530000	32.78174000
15.29999927	0.15871060	102.68820000	33.11393000
15.49999926	0.00000000	102.40530000	33.15699000
15.69999924	0.00000000	102.03620000	33.15699000
15.89999923	0.00000000	102.40530000	33.15699000
16.09999922	0.00000000	102.73740000	33.15699000
16.29999921	0.00000000	102.78050000	33.15699000
16.49999920	-0.15871060	102.78050000	33.15699000
16.69999919	-0.15871060	102.82360000	33.15699000
16.89999917	0.00000000	103.19880000	33.15699000
17.09999916	0.00000000	103.94320000	33.15699000
17.29999915	0.00000000	104.31840000	33.15699000
17.49999914	0.00000000	104.36150000	33.15699000
17.69999913	0.00000000	104.31840000	33.15699000
17.89999911	0.00000000	103.94320000	33.15699000
18.09999910	0.00000000	103.11270000	33.15699000
18.29999909	0.00000000	101.93770000	33.15699000
18.49999908	0.00000000	99.98769000	33.15699000
18.69999907	0.00000000	98.12376000	33.15699000
18.89999905	0.00000000	96.96111000	33.15699000
19.09999904	0.00000000	97.00417000	33.15699000
19.29999903	0.00000000	98.54208000	33.15699000
19.49999902	0.00000000	101.28570000	33.15699000
19.69999901	0.00000000	104.77980000	33.15699000
19.89999900	0.00000000	108.68600000	33.15699000
20.09999898	0.00000000	112.08780000	33.15699000
20.29999897	0.00000000	114.03170000	33.20005000
20.49999896	0.00000000	113.57650000	33.53223000
20.69999895	0.00000000	110.78370000	33.90133000
20.89999894	0.00000000	104.92120000	33.53223000
21.09999892	0.00000000	96.86884000	33.20005000
21.29999891	0.00000000	89.14246000	33.15699000
21.49999890	0.00000000	83.37843000	33.15699000
21.69999889	0.00000000	81.18848000	33.15699000
21.89999888	0.00000000	84.35039000	33.15699000
22.09999886	0.00000000	92.82111000	33.15699000
22.29999885	0.00000000	104.44760000	33.15699000
22.49999884	0.00000000	116.83070000	33.15699000
22.69999883	0.00000000	127.66360000	33.15699000
22.89999882	0.00000000	134.09820000	33.15699000
23.09999881	0.00000000	133.99970000	33.20005000
23.29999879	0.00000000	125.81200000	33.57529000
23.49999878	0.00000000	111.15280000	34.31963000
23.69999877	0.00000000	93.33784000	34.69488000
23.89999876	0.00000000	75.97810000	34.73794000
24.09999875	0.00000000	63.32431000	34.69488000
24.29999873	0.00000000	59.12893000	34.27042000
24.49999872	0.00000000	64.99138000	33.11393000
24.69999871	0.00000000	80.07504000	31.57603000
24.89999870	0.00000000	101.33490000	30.00123000
25.09999869	0.00000000	123.71430000	28.46333000
25.29999867	0.00000000	142.23050000	27.34990000
25.49999866	0.00000000	152.23920000	27.39296000
25.69999865	0.00000000	151.03340000	28.93085000
25.89999864	-0.15871060	138.65030000	31.66830000
26.09999863	0.00000000	117.43360000	35.15625000
26.29999862	0.00000000	92.68577000	39.05635000
26.49999860	0.00000000	69.88188000	42.45201000
26.69999859	0.00000000	53.69094000	44.35285000
26.89999858	0.00000000	48.70817000	43.52239000
27.09999857	0.00000000	56.01624000	40.08366000
27.29999856	0.00000000	73.79429000	34.60261000
27.49999854	0.00000000	98.08070000	28.00197000
27.69999853	0.00000000	122.74240000	21.03838000
27.89999852	0.00000000	141.72610000	15.31742000
28.09999851	0.00000000	151.11960000	12.70915000
28.29999850	0.00000000	149.95690000	14.70842000
28.49999848	0.00000000	138.74260000	21.67815000
28.69999847	0.00000000	119.48200000	32.08661000
28.89999846	0.00000000	97.47169000	43.70079000
29.09999845	0.00000000	77.69438000	54.10925000
29.29999844	0.00000000	63.74261000	60.98671000
29.49999843	0.00000000	58.71063000	62.10630000
29.69999841	0.00000000	63.27509000	56.66830000
29.89999840	0.00000000	75.97810000	45.84153000
30.09999839	0.00000000	93.33784000	31.48376000
30.29999838	0.00000000	111.15280000	16.47392000
30.49999837	0.00000000	125.90430000	4.12155500
30.69999835	0.00000000	134.83630000	-2.38681100
30.89999834	0.00000000	136.46650000	-1.59325800
31.09999833	0.00000000	131.11470000	6.90821800
31.29999832	0.00000000	120.64470000	21.21678000
31.49999831	0.00000000	107.10510000	38.22588000
31.69999829	0.00000000	93.19020000	54.85359000
31.89999828	-0.15871060	82.35113000	67.16904000
32.09999827	0.00000000	76.48868000	72.55782000
32.29999826	-0.15871060	76.44561000	69.48818000
32.49999825	0.00000000	81.79749000	58.71678000
32.69999824	0.00000000	90.68036000	43.23941000
32.89999822	0.00000000	101.15030000	25.77510000
33.09999821	0.00000000	111.24510000	9.60260800
33.29999820	0.00000000	118.92840000	-1.59325800
33.49999819	0.00000000	122.45320000	-5.08120100
33.69999818	0.00000000	120.92770000	-0.47982280
33.89999816	0.00000000	115.61270000	11.09129000
34.09999815	0.00000000	107.80630000	26.93159000
34.29999814	0.00000000	99.37253000	43.52239000
34.49999813	0.00000000	92.02756000	57.45570000
34.69999812	0.00000000	88.20743000	65.58808000
34.89999810	0.00000000	88.49655000	66.79379000
35.09999809	0.00000000	92.30437000	60.98671000
35.29999808	0.00000000	98.08070000	49.42175000
35.49999807	0.00000000	104.22610000	34.78100000
35.69999806	0.00000000	109.24580000	20.42938000
35.89999805	0.00000000	111.62030000	9.31348400
36.09999803	0.00000000	111.66950000	3.93700800
36.29999802	0.00000000	109.66410000	6.57603300
36.49999801	0.00000000	105.43180000	15.31742000
36.69999800	0.00000000	100.08000000	27.30684000
36.89999799	0.00000000	95.51550000	39.99138000
37.09999797	0.00000000	93.19020000	49.98154000
37.29999796	0.00000000	93.88533000	54.63213000
37.49999795	0.00000000	96.58587000	53.13730000
37.69999794	0.00000000	100.45520000	46.25984000
37.89999793	0.00000000	105.09960000	36.31274000
38.09999791	0.00000000	108.92590000	26.32259000
38.29999790	0.00000000	111.29430000	19.02682000
38.49999789	0.00000000	111.62030000	16.33243000
38.69999788	0.00000000	109.71330000	19.02682000
38.89999787	0.00000000	105.85010000	26.27953000
39.09999786	0.00000000	101.24260000	35.80832000
39.29999784	0.00000000	96.96111000	44.26673000
39.49999783	0.00000000	93.88533000	49.24335000
39.69999782	0.00000000	92.67962000	49.60630000
39.89999781	0.00000000	93.42396000	44.59276000
40.09999780	0.00000000	95.38016000	35.85138000
40.29999778	0.00000000	98.54208000	26.23647000
40.49999777	0.00000000	102.78050000	18.56545000
40.69999776	0.00000000	107.01280000	14.70842000
40.89999775	0.00000000	110.13160000	15.87106000
41.09999774	0.00000000	111.71260000	21.63509000
41.29999772	0.00000000	111.71260000	30.46875000
41.49999771	0.00000000	110.13160000	40.08366000
41.69999770	0.00000000	107.01280000	47.74852000
41.89999769	0.00000000	102.78050000	51.60556000
42.09999768	0.00000000	98.54208000	50.44291000
42.29999767	0.00000000	95.42323000	44.77116000
42.49999765	0.00000000	93.79920000	36.68799000
42.69999764	0.00000000	93.46702000	28.59867000
42.89999763	0.00000000	94.63583000	22.01033000
43.09999762	0.00000000	97.70545000	18.52239000
43.29999761	0.00000000	101.10730000	18.47318000
43.49999759	0.00000000	103.89390000	21.58587000
43.69999758	0.00000000	105.85010000	27.30684000
43.89999757	0.00000000	107.01280000	33.80905000
44.09999756	0.00000000	107.01280000	38.87795000
44.29999755	0.00000000	105.94240000	41.99065000
44.49999753	0.00000000	104.82900000	42.77190000
44.69999752	0.00000000	104.40450000	40.87721000
44.89999751	0.00000000	104.36150000	37.47539000
45.09999750	0.00000000	104.31840000	33.57529000
45.29999749	0.00000000	103.89390000	30.13656000
45.49999748	0.00000000	102.68820000	27.76821000
45.69999746	0.00000000	100.73200000	26.97465000
45.89999745	0.00000000	98.03149000	27.34990000
46.09999744	0.00000000	95.33710000	28.88164000
46.29999743	0.00000000	93.42396000	31.20078000
46.49999742	0.00000000	92.67962000	33.48302000
46.69999740	0.00000000	93.93454000	35.47613000
46.89999739	0.00000000	97.42863000	36.59571000
47.09999738	0.00000000	102.86660000	37.00787000
47.29999737	0.00000000	109.01210000	36.22662000
47.49999736	0.00000000	114.40700000	34.68873000
47.69999734	0.00000000	117.43360000	32.73868000
47.89999733	0.00000000	117.05830000	30.41954000
48.09999732	0.00000000	113.11520000	28.55561000
48.29999731	0.00000000	106.17000000	27.76821000
48.49999730	0.00000000	97.29330000	28.51255000
48.69999729	0.00000000	89.23474000	30.04429000
48.89999727	0.00000000	83.83981000	32.04355000
49.09999726	0.00000000	82.72637000	34.73794000
49.29999725	0.00000000	86.54035000	37.43233000
49.49999724	0.00000000	93.84227000	39.29626000
49.69999723	0.00000000	102.78050000	39.65920000
49.89999721	0.00000000	111.66950000	37.75836000
50.09999720	0.00000000	118.55310000	34.73794000
50.29999719	0.00000000	121.20450000	31.57603000
50.49999718	0.00000000	118.55310000	28.46333000
50.69999717	0.00000000	111.57730000	25.77510000
50.89999715	0.00000000	102.03000000	24.32948000
51.09999714	0.00000000	92.45201000	25.07382000
51.29999713	0.00000000	86.62647000	28.13730000
51.49999712	0.00000000	84.95940000	31.95128000
51.69999711	0.00000000	86.95866000	35.89444000
51.89999710	0.00000000	92.72884000	39.33932000
52.09999708	0.00000000	100.82430000	41.61540000
52.29999707	0.00000000	108.87670000	41.61540000
52.49999706	0.00000000	115.01600000	39.33932000
52.69999705	0.00000000	116.92910000	35.89444000
52.89999704	0.00000000	114.32090000	31.99434000
53.09999702	0.00000000	108.55070000	28.55561000
53.29999701	0.00000000	101.24260000	26.23647000
53.49999700	0.00000000	94.35285000	25.86122000
53.69999699	0.00000000	90.12056000	27.34990000
53.89999698	0.00000000	89.70226000	30.04429000
54.09999696	0.00000000	92.72884000	33.11393000
54.29999695	0.00000000	98.12376000	35.75910000
54.49999694	0.00000000	104.26920000	36.96481000
54.69999693	0.00000000	109.66410000	36.59571000
54.89999692	0.00000000	112.73990000	35.47613000
55.09999691	0.00000000	112.73990000	33.57529000
55.29999689	0.00000000	109.66410000	32.04355000
55.49999688	0.00000000	104.31220000	31.25000000
55.69999687	0.00000000	98.54208000	30.88090000
55.89999686	0.00000000	93.93454000	31.66830000
56.09999685	0.00000000	91.60925000	33.15699000
56.29999683	0.00000000	92.35358000	34.68873000
56.49999682	0.00000000	95.42323000	35.80217000
56.69999681	0.00000000	100.03080000	35.71604000
56.89999680	0.00000000	105.01350000	33.80905000
57.09999679	0.00000000	108.50760000	30.41954000
57.29999677	0.00000000	110.08860000	27.34990000
57.49999676	0.00000000	109.71330000	25.39985000
57.69999675	0.00000000	107.38800000	24.70472000
57.89999674	0.00000000	103.94320000	26.27953000
58.09999673	0.00000000	100.08000000	30.13656000
58.29999672	0.00000000	97.00417000	35.11319000
58.49999670	0.00000000	95.42323000	40.08366000
58.69999669	0.00000000	95.42323000	43.14714000
58.89999668	0.00000000	96.96111000	43.52239000
59.09999667	0.00000000	99.61245000	41.19094000
59.29999666	0.00000000	102.31300000	36.17741000
59.49999664	0.00000000	104.22610000	30.04429000
59.69999663	0.00000000	105.05660000	24.23720000
59.89999662	0.00000000	104.69360000	20.01107000
60.09999661	0.00000000	103.94320000	18.52239000
60.29999660	0.00000000	102.78050000	20.47244000
60.49999658	0.00000000	101.61790000	25.86122000
60.69999657	0.00000000	100.86740000	33.15699000
60.89999656	0.00000000	100.45520000	40.45275000
61.09999655	0.00000000	100.86740000	45.84153000
61.29999654	0.00000000	101.57480000	47.79158000
61.49999653	0.00000000	102.36220000	46.21678000
61.69999651	0.00000000	102.68820000	41.19094000
61.89999650	0.00000000	102.36220000	33.53223000
62.09999649	0.00000000	101.57480000	25.81816000
62.29999648	0.00000000	100.82430000	19.63582000
62.49999647	0.00000000	100.03080000	16.19710000
62.69999645	0.00000000	99.65550000	16.98450000
62.89999644	0.00000000	99.65550000	21.54281000
63.09999643	0.00000000	100.08000000	28.51255000
63.29999642	0.00000000	101.24260000	36.22662000
63.49999641	0.00000000	102.73740000	43.14714000
63.69999639	0.00000000	103.89390000	47.37327000
63.89999638	0.00000000	104.31840000	47.84079000
64.09999637	0.00000000	104.31840000	45.14640000
64.29999636	0.00000000	103.89390000	40.12672000
64.49999635	0.00000000	102.73740000	33.53223000
64.69999634	0.00000000	101.19960000	27.01772000
64.89999632	0.00000000	99.66166000	21.96112000
65.09999631	0.00000000	98.54208000	19.63582000
65.29999630	0.00000000	98.54208000	19.96186000
65.49999629	0.00000000	99.70472000	22.69931000
65.69999628	0.00000000	101.57480000	27.30684000
65.89999626	0.00000000	103.47560000	32.73868000
66.09999625	0.00000000	104.26920000	37.71530000
66.29999624	0.00000000	104.26920000	41.24015000
66.49999623	0.00000000	103.47560000	42.45201000
66.69999622	0.00000000	101.61790000	42.11983000
66.89999620	0.00000000	100.08000000	40.58809000
67.09999619	0.00000000	99.28026000	38.26894000
67.29999618	0.00000000	98.91731000	35.89444000
67.49999617	0.00000000	99.74778000	33.11393000
67.69999616	0.00000000	101.61790000	30.04429000
67.89999615	0.00000000	103.94320000	27.30684000
68.09999613	0.00000000	105.85010000	25.35064000
68.29999612	0.00000000	107.01280000	24.19414000
68.49999611	0.00000000	106.96970000	24.23720000
68.69999610	0.00000000	105.38880000	25.81816000
68.89999609	0.00000000	102.31300000	28.93085000
69.09999607	0.00000000	98.44980000	33.15699000
69.29999606	0.00000000	95.00492000	37.43233000
69.49999605	0.00000000	92.67962000	40.92027000
69.69999604	0.00000000	92.35358000	43.23941000
69.89999603	0.00000000	94.26057000	43.56545000
70.09999601	0.00000000	98.16682000	41.65846000
70.29999600	0.00000000	103.15570000	37.75836000
70.49999599	0.00000000	108.17540000	32.73868000
70.69999598	0.00000000	111.62030000	27.34990000
70.89999597	0.00000000	112.82600000	23.12377000
71.09999596	0.00000000	111.62030000	21.16757000
71.29999594	0.00000000	108.13240000	21.54281000
71.49999593	0.00000000	102.73130000	24.23720000
71.69999592	0.00000000	96.96111000	28.46333000
71.89999591	0.00000000	92.26131000	33.11393000
72.09999590	0.00000000	89.19168000	37.38312000
72.29999588	0.00000000	88.44733000	40.40969000
72.49999587	0.00000000	90.77263000	41.24015000
72.69999586	0.00000000	95.38016000	39.71457000
72.89999585	0.00000000	101.19960000	37.05708000
73.09999584	0.00000000	106.96970000	33.57529000
73.29999582	0.00000000	111.20200000	30.51181000
73.49999581	0.00000000	112.78300000	28.55561000
73.69999580	0.00000000	111.66950000	27.76821000
73.89999579	0.00000000	108.55070000	28.51255000
74.09999578	0.00000000	103.94320000	30.00123000
74.29999577	0.00000000	98.91731000	31.53297000
74.49999575	0.00000000	95.00492000	32.64640000
74.69999574	0.00000000	92.35358000	32.68946000
74.89999573	0.00000000	91.94144000	31.95128000
75.09999572	0.00000000	94.21136000	31.15772000
75.29999571	0.00000000	97.24409000	30.04429000
75.49999569	0.00000000	100.78120000	29.39222000
75.69999568	0.00000000	103.85090000	30.51181000
75.89999567	0.00000000	105.80710000	32.78174000
76.09999566	0.00000000	106.59450000	35.11319000
76.29999565	0.00000000	105.85010000	37.43233000
76.49999563	0.00000000	104.36150000	38.92101000
76.69999562	0.00000000	102.78050000	38.87795000
76.89999561	0.00000000	101.28570000	36.92175000
77.09999560	0.00000000	100.45520000	33.06471000
77.29999559	0.00000000	100.44910000	28.46333000
77.49999558	0.00000000	100.41210000	24.23720000
77.69999556	0.00000000	100.82430000	21.59203000
77.89999555	0.00000000	101.10730000	21.59203000
78.09999554	0.00000000	100.73200000	24.23720000
78.29999553	0.00000000	99.61245000	28.51255000
78.49999552	0.00000000	98.49901000	33.53223000
78.69999550	0.00000000	98.12376000	38.58883000
78.89999549	0.00000000	98.49901000	42.40895000
79.09999548	0.00000000	99.70472000	44.30979000
79.29999547	0.00000000	101.61790000	43.14714000
79.49999546	0.00000000	103.94320000	39.38238000
79.69999544	0.00000000	105.80710000	34.73794000
79.89999543	0.00000000	106.59450000	30.04429000
80.09999542	0.00000000	105.80710000	25.81816000
80.29999541	0.00000000	103.94320000	23.12377000
80.49999540	0.00000000	101.57480000	22.69931000
80.69999539	0.00000000	99.23720000	24.19414000
80.89999537	0.00000000	96.91805000	26.93159000
81.09999536	0.00000000	95.42323000	30.41954000
81.29999535	0.00000000	95.42323000	34.31963000
81.49999534	0.00000000	96.96111000	37.75836000
81.69999533	0.00000000	99.66166000	40.12672000
81.89999531	0.00000000	102.68820000	40.92027000
82.09999530	0.00000000	105.05660000	40.54502000
82.29999529	0.00000000	106.22540000	38.96407000
82.49999528	0.00000000	106.59450000	36.26968000
82.69999527	0.00000000	105.43180000	33.15699000
82.89999525	0.00000000	103.19880000	30.04429000
83.09999524	0.00000000	101.24260000	27.34990000
83.29999523	0.00000000	99.66166000	25.77510000
83.49999522	0.00000000	98.49901000	25.35679000
83.69999521	0.00000000	98.12376000	25.72589000
83.89999520	0.00000000	98.49901000	26.97465000
84.09999518	0.00000000	99.61245000	29.29995000
84.29999517	0.00000000	100.73200000	32.78174000
84.49999516	0.00000000	101.19960000	36.26968000
84.69999515	0.00000000	101.57480000	39.33932000
84.89999514	0.00000000	101.94390000	41.24015000
85.09999512	0.00000000	101.61790000	40.87721000
85.29999511	0.00000000	101.66710000	38.96407000
85.49999510	0.00000000	102.36220000	35.80217000
85.69999509	0.00000000	102.73740000	31.57603000
85.89999508	0.00000000	102.78050000	27.34990000
86.09999506	0.00000000	102.73740000	24.23720000
86.29999505	0.00000000	102.36220000	22.69931000
86.49999504	0.00000000	101.57480000	23.12377000
86.69999503	0.00000000	100.78120000	25.81816000
86.89999502	0.00000000	99.61245000	30.04429000
87.09999501	0.00000000	98.49901000	34.69488000
87.29999499	0.00000000	98.12376000	38.92101000
87.49999498	0.00000000	98.49901000	41.56618000
87.69999497	0.00000000	99.66166000	41.56618000
87.89999496	0.00000000	101.19960000	38.92101000
88.09999495	0.00000000	102.73740000	34.69488000
88.29999493	0.00000000	103.89390000	30.04429000
88.49999492	0.00000000	104.26920000	25.81816000
88.69999491	0.00000000	103.89390000	23.12377000
88.89999490	0.00000000	102.73740000	22.74852000
89.09999489	0.00000000	101.24260000	24.65551000
89.29999487	0.00000000	100.03080000	28.51255000
89.49999486	0.00000000	99.23720000	33.15699000
89.69999485	0.00000000	98.44980000	37.75836000
89.89999484	0.00000000	98.12376000	41.14788000
90.09999483	0.00000000	98.49901000	41.52312000
90.29999482	0.00000000	99.66166000	38.92101000
90.49999480	0.00000000	101.15030000	34.69488000
90.69999479	0.00000000	102.31300000	30.04429000
90.89999478	0.00000000	102.73740000	25.81816000
91.09999477	0.00000000	102.73740000	23.12377000
91.29999476	0.00000000	102.36220000	22.74852000
91.49999474	0.00000000	101.61790000	24.69857000
91.69999473	0.00000000	101.24260000	28.93085000
91.89999472	0.00000000	101.19960000	34.27042000
92.09999471	0.00000000	101.19960000	38.87795000
92.29999470	0.00000000	101.19960000	41.56618000
92.49999468	0.00000000	101.19960000	41.56618000
92.69999467	0.00000000	101.15650000	38.87795000
92.89999466	0.00000000	100.73200000	34.27042000
93.09999465	0.00000000	99.61245000	28.93085000
93.29999464	0.00000000	98.49901000	24.74778000
93.49999463	0.00000000	98.07455000	23.16683000
93.69999461	0.00000000	98.07455000	24.28026000
93.89999460	0.00000000	98.54208000	27.34990000
94.09999459	0.00000000	100.08000000	31.57603000
94.29999458	0.00000000	102.36220000	35.80217000
94.49999457	0.00000000	104.26920000	38.87795000
94.69999455	0.00000000	105.47490000	40.03444000
94.89999454	0.00000000	105.85010000	38.87795000
95.09999453	0.00000000	105.43180000	35.85138000
95.29999452	0.00000000	103.85090000	31.99434000
95.49999451	0.00000000	101.15030000	28.51255000
95.69999449	0.00000000	98.08070000	25.86122000
95.89999448	0.00000000	95.38016000	25.07382000
96.09999447	0.00000000	93.79920000	26.51329000
96.29999446	0.00000000	93.46702000	28.55561000
96.49999445	0.00000000	94.63583000	31.63140000
96.69999444	0.00000000	97.74852000	35.75295000
96.89999442	0.00000000	101.57480000	37.62303000
97.09999441	0.00000000	105.47490000	37.42618000
97.29999440	0.00000000	108.50760000	36.22662000
97.49999439	0.00000000	109.71330000	34.31963000
97.69999438	0.00000000	108.96900000	31.99434000
97.89999436	0.00000000	106.96970000	30.08735000
98.09999435	0.00000000	103.47560000	28.93085000
98.29999434	0.00000000	98.87426000	28.88779000
98.49999433	0.00000000	95.04797000	29.62598000
98.69999432	0.00000000	92.67962000	30.41954000
98.89999430	0.00000000	92.26131000	31.57603000
99.09999429	0.00000000	93.42396000	32.68946000
99.29999428	0.00000000	95.75541000	33.11393000
99.49999427	0.00000000	99.23720000	33.15699000
99.69999426	0.00000000	102.73130000	33.15699000
99.89999425	0.00000000	105.85010000	33.20005000
100.09999423	0.00000000	108.13240000	33.57529000
100.29999422	0.00000000	108.55070000	34.31963000
100.49999421	0.00000000	107.38800000	34.69488000
100.69999420	0.00000000	105.05660000	34.69488000
100.89999419	0.00000000	101.61790000	34.27042000
101.09999417	0.00000000	98.54208000	33.06471000
101.29999416	0.00000000	96.49360000	31.15772000
101.49999415	0.00000000	94.96185000	28.88164000
101.69999414	0.00000000	94.21751000	27.34990000
101.89999413	0.00000000	95.00492000	26.97465000
102.09999411	0.00000000	96.91805000	27.76821000
102.29999410	0.00000000	99.61245000	30.04429000
102.49999409	0.00000000	102.31300000	32.73868000
102.69999408	0.00000000	104.26920000	35.11319000
102.89999407	0.00000000	105.43180000	37.38312000
103.09999406	0.00000000	105.47490000	38.50270000
103.29999404	0.00000000	104.69360000	37.75836000
103.49999403	0.00000000	103.52480000	35.80217000
103.69999402	0.00000000	101.57480000	32.73868000
103.89999401	0.00000000	99.66166000	29.25689000
104.09999400	0.00000000	98.07455000	26.59941000
104.29999398	0.00000000	96.91805000	25.03076000
104.49999397	0.00000000	96.54281000	25.44291000
104.69999396	0.00000000	96.96111000	27.30684000
104.89999395	0.00000000	98.49901000	30.04429000
105.09999394	0.00000000	100.73200000	33.11393000
105.29999392	0.00000000	102.26990000	35.80217000
105.49999391	0.00000000	102.73740000	37.34006000
105.69999390	0.00000000	102.73740000	37.34006000
105.89999389	0.00000000	102.36220000	35.80217000
106.09999388	0.00000000	101.57480000	33.15699000
106.29999387	0.00000000	100.78120000	30.46260000
106.49999385	0.00000000	99.61245000	28.55561000
106.69999384	0.00000000	98.49901000	27.72515000
106.89999383	0.00000000	98.12376000	28.13730000
107.09999382	0.00000000	98.49901000	29.25689000
107.29999381	0.00000000	99.66166000	31.20078000
107.49999379	0.00000000	101.15030000	33.06471000
107.69999378	0.00000000	102.31300000	34.27042000
107.89999377	0.00000000	102.68820000	34.64567000
108.09999376	0.00000000	102.31300000	34.27042000
108.29999375	0.00000000	101.15030000	33.11393000
108.49999374	0.00000000	99.66166000	31.62524000
108.69999372	0.00000000	98.49901000	30.41954000
108.89999371	0.00000000	98.07455000	29.66904000
109.09999370	0.00000000	98.07455000	29.30610000
109.29999369	0.00000000	98.49901000	30.08735000
109.49999368	0.00000000	99.66166000	31.57603000
109.69999366	0.00000000	101.15030000	33.11393000
109.89999365	0.00000000	102.31300000	34.31963000
110.09999364	0.00000000	102.73740000	35.06397000
110.29999363	0.00000000	102.73740000	35.43307000
110.49999362	0.00000000	102.31300000	34.64567000
110.69999360	0.00000000	101.19960000	33.15699000
110.89999359	0.00000000	100.03080000	31.57603000
111.09999358	0.00000000	99.23720000	30.04429000
111.29999357	0.00000000	98.44980000	28.93085000
111.49999356	0.00000000	98.12376000	28.88779000
111.69999355	0.00000000	98.44980000	29.62598000
111.89999353	0.00000000	99.23720000	30.41954000
112.09999352	0.00000000	99.98769000	31.57603000
112.29999351	0.00000000	100.78120000	32.68946000
112.49999350	0.00000000	101.15650000	33.11393000
112.69999349	0.00000000	101.19960000	33.15699000
112.89999347	0.00000000	101.19960000	33.15699000
113.09999346	0.00000000	101.19960000	33.15699000
113.29999345	0.00000000	101.15650000	33.11393000
113.49999344	0.00000000	100.78120000	32.73868000
113.69999343	0.00000000	100.03080000	31.99434000
113.89999341	0.00000000	99.70472000	31.61909000
114.09999340	0.00000000	99.98769000	31.57603000
114.29999339	0.00000000	100.39980000	31.57603000
114.49999338	0.00000000	100.41210000	31.57603000
114.69999337	0.00000000	100.82430000	31.53297000
114.89999336	0.00000000	101.10730000	31.15772000
115.09999334	0.00000000	100.82430000	30.46260000
115.29999333	0.00000000	100.45520000	30.41954000
115.49999332	0.00000000	100.82430000	30.78248000
115.69999331	0.00000000	101.10730000	30.83784000
115.89999330	0.00000000	100.78120000	31.62524000
116.09999328	0.00000000	100.03080000	32.68946000
116.29999327	0.00000000	99.65550000	33.11393000
116.49999326	0.00000000	99.61245000	33.15699000
116.69999325	0.00000000	99.61245000	33.15699000
116.89999324	0.00000000	99.61245000	33.11393000
117.09999322	0.00000000	99.65550000	32.68946000
117.29999321	0.00000000	100.03080000	31.57603000
117.49999320	0.00000000	100.78120000	30.41954000
117.69999319	0.00000000	101.15650000	29.62598000
117.89999318	0.00000000	101.19960000	28.88779000
118.09999317	0.00000000	101.19960000	28.88779000
118.29999315	0.00000000	101.19960000	29.62598000
118.49999314	0.00000000	101.15650000	30.37647000
118.69999313	0.00000000	100.73200000	31.20078000
118.89999312	0.00000000	99.61245000	31.95128000
119.09999311	0.00000000	98.49901000	32.73868000
119.29999309	0.00000000	98.07455000	33.11393000
119.49999308	0.00000000	98.07455000	33.15699000
119.69999307	0.00000000	98.44980000	33.11393000
119.89999306	0.00000000	99.28026000	32.78174000
120.09999305	0.00000000	100.40600000	32.36959000
120.29999303	0.00000000	101.98700000	32.36343000
120.49999302	0.00000000	103.11270000	31.90822000
120.69999301	0.00000000	103.89390000	31.20078000
120.89999300	0.00000000	103.85090000	30.41954000
121.09999299	0.00000000	102.73740000	30.04429000
121.29999298	0.00000000	101.19960000	30.04429000
121.49999296	0.00000000	99.66166000	30.41954000
121.69999295	0.00000000	98.44980000	31.15772000
121.89999294	0.00000000	97.69931000	31.57603000
122.09999293	0.00000000	97.28715000	31.99434000
122.29999292	0.00000000	97.65624000	32.73868000
122.49999290	0.00000000	98.03149000	33.11393000
122.69999289	0.00000000	98.49901000	33.15699000
122.89999288	0.00000000	99.61245000	33.15699000
123.09999287	0.00000000	100.78120000	33.15699000
123.29999286	0.00000000	101.57480000	33.11393000
123.49999284	0.00000000	102.36220000	32.73868000
123.69999283	0.00000000	102.68820000	31.99434000
123.89999282	0.00000000	102.36220000	31.57603000
124.09999281	0.00000000	101.57480000	31.15772000
124.29999280	0.00000000	100.82430000	30.41954000
124.49999279	0.00000000	99.98769000	30.04429000
124.69999277	0.00000000	99.23720000	30.04429000
124.89999276	0.00000000	98.44980000	30.41954000
125.09999275	0.00000000	98.07455000	31.15772000
125.29999274	0.00000000	98.03149000	31.57603000
125.49999273	0.00000000	98.07455000	31.99434000
125.69999271	0.00000000	98.44980000	32.73868000
125.89999270	0.00000000	99.23720000	33.11393000
126.09999269	0.00000000	100.03080000	33.11393000
126.29999268	0.00000000	101.19960000	32.78174000
126.49999267	0.00000000	102.31300000	32.41265000
126.69999265	0.00000000	102.68820000	32.73868000
126.89999264	0.00000000	102.31300000	32.68946000
127.09999263	0.00000000	101.19960000	31.95128000
127.29999262	0.00000000	100.03080000	31.20078000
127.49999261	0.00000000	99.23720000	30.46260000
127.69999260	0.00000000	98.44980000	30.46260000
127.89999258	0.00000000	98.07455000	31.15772000
128.09999257	0.00000000	98.07455000	31.57603000
128.29999256	0.00000000	98.49901000	31.99434000
128.49999255	0.00000000	99.61245000	32.73868000
128.69999254	0.00000000	100.78120000	33.11393000
128.89999252	0.00000000	101.57480000	33.15699000
129.09999251	0.00000000	102.31300000	33.11393000
129.29999250	0.00000000	102.31300000	32.73868000
129.49999249	0.00000000	101.57480000	31.95128000
129.69999248	0.00000000	100.82430000	31.25000000
129.89999246	0.00000000	99.98769000	30.83784000
130.09999245	0.00000000	99.19414000	31.20078000
130.29999244	0.00000000	98.07455000	31.53297000
130.49999243	0.00000000	97.37943000	31.57603000
130.69999242	0.00000000	98.07455000	31.57603000
130.89999241	0.00000000	99.19414000	31.61909000
131.09999239	0.00000000	99.98769000	31.95128000
131.29999238	0.00000000	100.78120000	32.32037000
131.49999237	0.00000000	101.15650000	31.95128000
131.69999236	0.00000000	101.15650000	31.61909000
131.89999235	0.00000000	100.78120000	31.53297000
132.09999233	0.00000000	100.03080000	31.15772000
132.29999232	0.00000000	99.65550000	30.41954000
132.49999231	0.00000000	99.56938000	30.09350000
132.69999230	0.00000000	99.23720000	30.41954000
132.89999229	0.00000000	98.86810000	31.20078000
133.09999227	0.00000000	99.23720000	31.95128000
133.29999226	0.00000000	99.56938000	32.73868000
133.49999225	0.00000000	99.61245000	33.11393000
133.69999224	0.00000000	99.61245000	33.15699000
133.89999223	0.00000000	99.61245000	33.11393000
134.09999222	0.00000000	99.61245000	32.73868000
134.29999220	0.00000000	99.61245000	31.95128000
134.49999219	0.00000000	99.61245000	31.20078000
134.69999218	0.00000000	99.61245000	30.37647000
134.89999217	0.00000000	99.65550000	29.66904000
135.09999216	0.00000000	99.98769000	29.25689000
135.29999214	0.00000000	100.35680000	29.62598000
135.49999213	0.00000000	100.03080000	30.00123000
135.69999212	0.00000000	100.03080000	30.41954000
135.89999211	0.00000000	100.31370000	31.20078000
136.09999210	0.00000000	99.56938000	31.95128000
136.29999208	0.00000000	98.49901000	32.73868000
136.49999207	0.00000000	98.07455000	33.11393000
136.69999206	0.00000000	98.03149000	33.11393000
136.89999205	0.00000000	98.07455000	32.73868000
137.09999204	0.00000000	98.44980000	31.95128000
137.29999203	0.00000000	99.23720000	31.20078000
137.49999201	0.00000000	99.98769000	30.41954000
137.69999200	0.00000000	100.78120000	30.04429000
137.89999199	0.00000000	101.15650000	30.00123000
138.09999198	0.00000000	101.15650000	30.00123000
138.29999197	0.00000000	100.78120000	30.00123000
138.49999195	0.00000000	99.98769000	30.00123000
138.69999194	0.00000000	99.23720000	30.04429000
138.89999193	0.00000000	98.44980000	30.41954000
139.09999192	0.00000000	98.07455000	31.20078000
139.29999191	0.00000000	98.07455000	31.95128000
139.49999189	0.00000000	98.44980000	32.73868000
139.69999188	0.00000000	99.19414000	33.06471000
139.89999187	0.00000000	99.61245000	32.73868000
140.09999186	0.00000000	100.03080000	31.99434000
140.29999185	0.00000000	100.78120000	31.57603000
140.49999184	0.00000000	101.10730000	31.15772000
140.69999182	0.00000000	100.78120000	30.41954000
140.89999181	0.00000000	100.03080000	30.04429000
141.09999180	0.00000000	99.65550000	30.00123000
141.29999179	0.00000000	99.61245000	30.04429000
141.49999178	0.00000000	99.61245000	30.41954000
141.69999176	0.00000000	99.61245000	31.20078000
141.89999175	0.00000000	99.61245000	31.95128000
142.09999174	0.00000000	99.61245000	32.73868000
142.29999173	0.00000000	99.65550000	33.11393000
142.49999172	0.00000000	99.98769000	33.15699000
142.69999170	0.00000000	100.35680000	33.11393000
142.89999169	0.00000000	99.98769000	32.73868000
143.09999168	0.00000000	99.65550000	31.95128000
143.29999167	0.00000000	99.61245000	31.20078000
143.49999166	0.00000000	99.61245000	30.41954000
143.69999165	0.00000000	99.61245000	30.04429000
143.89999163	0.00000000	99.61245000	30.00123000
144.09999162	0.00000000	99.61245000	30.04429000
144.29999161	0.00000000	99.61245000	30.41954000
144.49999160	0.00000000	99.65550000	31.20078000
144.69999159	0.00000000	100.03080000	31.95128000
144.89999157	0.00000000	100.73200000	32.73868000
145.09999156	0.00000000	100.73200000	33.11393000
145.29999155	0.00000000	100.03080000	33.11393000
145.49999154	0.00000000	99.65550000	32.73868000
145.69999153	0.00000000	99.56938000	31.95128000
145.89999151	0.00000000	99.23720000	31.20078000
146.09999150	0.00000000	98.86810000	30.41954000
146.29999149	0.00000000	99.23720000	30.04429000
146.49999148	0.00000000	99.56938000	30.00123000
146.69999147	0.00000000	99.61245000	30.04429000
146.89999146	0.00000000	99.61245000	30.41954000
147.09999144	0.00000000	99.61245000	31.15772000
147.29999143	0.00000000	99.61245000	31.53297000
147.49999142	0.00000000	99.61245000	31.57603000
147.69999141	0.00000000	99.61245000	31.57603000
147.89999140	0.00000000	99.61245000	31.57603000
148.09999138	0.00000000	99.56938000	31.57603000
148.29999137	0.00000000	99.19414000	31.57603000
148.49999136	0.00000000	98.49901000	31.53297000
148.69999135	0.00000000	98.49901000	31.15772000
148.89999134	0.00000000	99.19414000	30.41954000
149.09999132	0.00000000	99.56938000	30.04429000
149.29999131	0.00000000	99.61245000	30.00123000
149.49999130	0.00000000	99.61245000	30.04429000
149.69999129	0.00000000	99.61245000	30.41954000
149.89999128	0.00000000	99.61245000	31.15772000
150.09999127	0.00000000	99.61245000	31.53297000
150.29999125	0.00000000	99.61245000	31.57603000
150.49999124	0.00000000	99.61245000	31.57603000
150.69999123	0.00000000	99.61245000	31.57603000
150.89999122	0.00000000	99.56938000	31.57603000
151.09999121	0.00000000	99.19414000	31.57603000
151.29999119	0.00000000	98.44980000	31.57603000
151.49999118	0.00000000	98.07455000	31.53297000
151.69999117	0.00000000	98.07455000	31.15772000
151.89999116	0.00000000	98.44980000	30.41954000
152.09999115	0.00000000	99.19414000	30.09350000
152.29999113	0.00000000	99.56938000	30.41954000
152.49999112	0.00000000	99.61245000	31.15772000
152.69999111	0.00000000	99.61245000	31.53297000
152.89999110	0.00000000	99.61245000	31.57603000
153.09999109	0.00000000	99.61245000	31.57603000
153.29999108	0.00000000	99.61245000	31.57603000
153.49999106	0.00000000	99.61245000	31.57603000
153.69999105	0.00000000	99.56938000	31.57603000
153.89999104	0.00000000	99.19414000	31.57603000
154.09999103	0.00000000	98.44980000	31.57603000
154.29999102	0.00000000	98.07455000	31.57603000
154.49999100	0.00000000	98.03149000	31.57603000
154.69999099	0.00000000	98.07455000	31.57603000
154.89999098	0.00000000	98.44980000	31.57603000
155.09999097	0.00000000	99.19414000	31.57603000
155.29999096	0.00000000	99.61245000	31.53297000
155.49999094	0.00000000	100.03080000	31.15772000
155.69999093	0.00000000	100.73200000	30.46260000
155.89999092	0.00000000	100.73200000	30.46260000
156.09999091	0.00000000	100.03080000	31.15772000
156.29999090	0.00000000	99.65550000	31.53297000
156.49999089	0.00000000	99.56938000	31.57603000
156.69999087	0.00000000	99.23720000	31.57603000
156.89999086	0.00000000	98.82504000	31.61909000
157.09999085	0.00000000	98.81889000	31.95128000
157.29999084	0.00000000	98.40673000	32.32037000
157.49999083	0.00000000	98.12376000	31.95128000
157.69999081	0.00000000	98.44980000	31.61909000
157.89999080	0.00000000	99.23720000	31.53297000
158.09999079	0.00000000	99.94463000	31.15772000
158.29999078	0.00000000	100.35680000	30.41954000
158.49999077	0.00000000	99.98769000	30.09350000
158.69999075	0.00000000	99.65550000	30.41954000
158.89999074	0.00000000	99.61245000	31.15772000
159.09999073	0.00000000	99.61245000	31.53297000
159.29999072	0.00000000	99.61245000	31.61909000
159.49999071	0.00000000	99.61245000	31.99434000
159.69999070	0.00000000	99.56938000	32.73868000
159.89999068	0.00000000	99.19414000	33.11393000
160.09999067	0.00000000	98.44980000	33.11393000
160.29999066	0.00000000	98.07455000	32.73868000
160.49999065	0.00000000	98.03149000	31.95128000
160.69999064	0.00000000	98.07455000	31.25000000
160.89999062	0.00000000	98.40673000	30.79478000
161.09999061	0.00000000	98.81889000	30.78248000
161.29999060	0.00000000	98.82504000	30.37647000
161.49999059	0.00000000	99.23720000	30.09350000
161.69999058	0.00000000	99.52017000	30.37647000
161.89999056	0.00000000	99.28026000	30.78248000
162.09999055	0.00000000	99.24950000	30.79478000
162.29999054	0.00000000	99.98154000	31.20078000
162.49999053	0.00000000	99.94463000	31.53297000
162.69999052	0.00000000	99.61245000	31.57603000
162.89999051	0.00000000	99.19414000	31.57603000
163.09999049	0.00000000	98.44980000	31.57603000
163.29999048	0.00000000	98.07455000	31.57603000
163.49999047	0.00000000	98.03149000	31.53297000
163.69999046	0.00000000	98.03149000	31.20078000
163.89999045	0.00000000	98.03149000	30.79478000
164.09999043	0.00000000	98.07455000	30.78248000
164.29999042	0.00000000	98.44980000	30.37647000
164.49999041	0.00000000	99.19414000	30.04429000
164.69999040	0.00000000	99.56938000	30.00123000
164.89999039	0.00000000	99.61245000	30.00123000
165.09999037	0.00000000	99.61245000	30.00123000
165.29999036	0.00000000	99.61245000	30.04429000
165.49999035	0.00000000	99.61245000	30.41954000
165.69999034	0.00000000	99.56938000	31.15772000
165.89999033	0.00000000	99.19414000	31.53297000
166.09999032	0.00000000	98.44980000	31.57603000
166.29999030	0.00000000	98.07455000	31.57603000
166.49999029	0.00000000	98.03149000	31.57603000
166.69999028	0.00000000	98.03149000	31.57603000
166.89999027	0.00000000	98.03149000	31.57603000
167.09999026	0.00000000	98.07455000	31.57603000
167.29999024	0.00000000	98.40673000	31.53297000
167.49999023	0.00000000	98.81889000	31.15772000
167.69999022	0.00000000	98.78198000	30.41954000
167.89999021	0.00000000	98.86195000	30.04429000
168.09999020	0.00000000	98.82504000	30.00123000
168.29999018	0.00000000	99.23720000	30.00123000
168.49999017	0.00000000	99.52017000	30.00123000
168.69999016	0.00000000	99.23720000	30.04429000
168.89999015	0.00000000	98.82504000	30.37647000
169.09999014	0.00000000	98.81889000	30.73942000
169.29999013	0.00000000	98.40673000	30.37647000
169.49999011	0.00000000	98.12376000	30.04429000
169.69999010	0.00000000	98.40673000	30.00123000
169.89999009	0.00000000	98.77583000	30.04429000
170.09999008	0.00000000	98.40673000	30.41954000
170.29999007	0.00000000	98.12376000	31.15772000
170.49999005	0.00000000	98.44980000	31.53297000
170.69999004	0.00000000	99.14492000	31.57603000
170.89999003	0.00000000	99.19414000	31.57603000
171.09999002	0.00000000	98.86810000	31.53297000
171.29999001	0.00000000	99.23720000	31.20078000
171.49998999	0.00000000	99.56938000	30.83784000
171.69998998	0.00000000	99.56938000	31.20078000
171.89998997	0.00000000	99.23720000	31.53297000
172.09998996	0.00000000	98.82504000	31.53297000
172.29998995	0.00000000	98.86195000	31.20078000
172.49998994	0.00000000	98.78198000	30.83784000
172.69998992	0.00000000	98.86195000	31.20078000
172.89998991	0.00000000	98.78198000	31.53297000
173.09998990	0.00000000	98.86195000	31.57603000
173.29998989	0.00000000	98.78198000	31.57603000
173.49998988	0.00000000	98.86195000	31.57603000
173.69998986	0.00000000	98.82504000	31.57603000
173.89998985	0.00000000	99.23720000	31.57603000
174.09998984	0.00000000	99.56938000	31.57603000
174.29998983	0.00000000	99.61245000	31.57603000
174.49998982	0.00000000	99.56938000	31.57603000
174.69998980	0.00000000	99.23720000	31.57603000
174.89998979	0.00000000	98.86810000	31.57603000
175.09998978	0.00000000	99.23720000	31.57603000
175.29998977	0.00000000	99.52017000	31.57603000
175.49998976	0.00000000	99.23720000	31.57603000
175.69998975	0.00000000	98.82504000	31.57603000
175.89998973	0.00000000	98.86195000	31.57603000
176.09998972	0.00000000	98.82504000	31.57603000
176.29998971	0.00000000	99.23720000	31.57603000
176.49998970	0.00000000	99.52017000	31.57603000
176.69998969	0.00000000	99.19414000	31.57603000
176.89998967	0.00000000	98.44980000	31.53297000
177.09998966	0.00000000	98.12376000	31.15772000
177.29998965	0.00000000	98.40673000	30.41954000
177.49998964	0.00000000	98.77583000	30.04429000
177.69998963	0.00000000	98.40673000	30.00123000
177.89998961	0.00000000	98.07455000	30.04429000
178.09998960	0.00000000	98.07455000	30.41954000
178.29998959	0.00000000	98.40673000	31.15772000
178.49998958	0.00000000	98.77583000	31.53297000
178.69998957	0.00000000	98.40673000	31.57603000
178.89998956	0.00000000	98.07455000	31.57603000
179.09998954	0.00000000	98.07455000	31.53297000
179.29998953	0.00000000	98.40673000	31.15772000
179.49998952	0.00000000	98.77583000	30.41954000
179.69998951	0.00000000	98.40673000	30.04429000
179.89998950	0.00000000	98.12376000	30.00123000
180.09998948	0.00000000	98.40673000	30.00123000
180.29998947	0.00000000	98.77583000	30.00123000
180.49998946	0.00000000	98.40673000	30.00123000
180.69998945	0.00000000	98.07455000	30.00123000
180.89998944	0.00000000	98.03149000	30.00123000
181.09998942	0.00000000	98.03149000	30.04429000
181.29998941	0.00000000	98.03149000	30.41954000
181.49998940	0.00000000	98.03149000	31.15772000
181.69998939	0.00000000	98.03149000	31.53297000
181.89998938	0.00000000	98.03149000	31.57603000
182.09998937	0.00000000	98.03149000	31.57603000
182.29998935	0.00000000	98.03149000	31.57603000
182.49998934	0.00000000	98.03149000	31.53297000
182.69998933	0.00000000	98.07455000	31.15772000
182.89998932	0.00000000	98.40673000	30.41954000
183.09998931	0.00000000	98.77583000	30.04429000
183.29998929	0.00000000	98.40673000	30.00123000
183.49998928	0.00000000	98.07455000	30.00123000
183.69998927	0.00000000	98.03149000	30.00123000
183.89998926	0.00000000	98.03149000	30.04429000
184.09998925	0.00000000	98.03149000	30.41954000
184.29998923	0.00000000	98.03149000	31.15772000
184.49998922	0.00000000	98.03149000	31.53297000
184.69998921	0.00000000	98.03149000	31.57603000
184.89998920	0.00000000	98.03149000	31.57603000
185.09998919	0.00000000	98.03149000	31.57603000
185.29998918	0.00000000	98.03149000	31.57603000
185.49998916	0.00000000	98.03149000	31.53297000
185.69998915	0.00000000	98.03149000	31.15772000
185.89998914	0.00000000	98.07455000	30.41954000
186.09998913	0.00000000	98.40673000	30.04429000
186.29998912	0.00000000	98.77583000	30.00123000
186.49998910	0.00000000	98.40673000	30.00123000
186.69998909	0.00000000	98.07455000	30.04429000
186.89998908	0.00000000	98.03149000	30.41954000
187.09998907	0.00000000	98.03149000	31.11466000
187.29998906	0.00000000	98.03149000	31.15772000
187.49998904	0.00000000	98.03149000	30.83784000
187.69998903	0.00000000	98.03149000	31.20078000
187.89998902	0.00000000	98.03149000	31.48376000
188.09998901	0.00000000	98.03149000	31.15772000
188.29998900	0.00000000	98.07455000	30.46260000
188.49998899	0.00000000	98.40673000	30.41954000
188.69998897	0.00000000	98.77583000	30.73942000
188.89998896	0.00000000	98.40673000	30.37647000
189.09998895	0.00000000	98.07455000	30.04429000
189.29998894	0.00000000	98.03149000	30.00123000
189.49998893	0.00000000	98.03149000	30.00123000
189.69998891	0.00000000	98.03149000	30.00123000
189.89998890	0.00000000	98.03149000	30.04429000
190.09998889	0.00000000	98.03149000	30.41954000
190.29998888	0.00000000	98.03149000	31.15772000
190.49998887	0.00000000	98.03149000	31.53297000
190.69998885	0.00000000	98.03149000	31.57603000
190.89998884	0.00000000	98.03149000	31.57603000
191.09998883	0.00000000	98.03149000	31.57603000
191.29998882	0.00000000	98.03149000	31.53297000
191.49998881	0.00000000	98.07455000	31.20078000
191.69998880	0.00000000	98.40673000	30.79478000
191.89998878	0.00000000	98.77583000	30.78248000
192.09998877	0.00000000	98.40673000	30.37647000
192.29998876	0.00000000	98.07455000	30.09350000
192.49998875	0.00000000	98.03149000	30.37647000
192.69998874	0.00000000	98.03149000	30.73942000
192.89998872	0.00000000	98.03149000	30.41954000
193.09998871	0.00000000	98.03149000	30.41954000
193.29998870	0.00000000	98.03149000	30.73942000
193.49998869	0.00000000	98.03149000	30.37647000
193.69998868	0.00000000	98.07455000	30.09350000
193.89998866	0.00000000	98.40673000	30.37647000
194.09998865	0.00000000	98.77583000	30.78248000
194.29998864	0.00000000	98.44980000	30.79478000
194.49998863	0.00000000	98.44980000	31.15772000
194.69998862	0.00000000	98.77583000	31.15772000
194.89998861	0.00000000	98.40673000	30.79478000
195.09998859	0.00000000	98.07455000	30.78248000
195.29998858	0.00000000	98.03149000	30.37647000
195.49998857	0.00000000	97.98843000	30.04429000
195.69998856	0.00000000	97.65624000	30.00123000
195.89998855	0.00000000	97.28715000	30.00123000
196.09998853	0.00000000	97.65624000	30.00123000
