Time	Channel A	Channel B	Channel C
(us)	(V)	(mV)	(mV)

-4.49999956	0.00000000	-1.58095500	3.11269700
-4.29999957	0.00000000	-1.58095500	3.15575800
-4.09999958	0.00000000	-1.58095500	3.15575800
-3.89999959	0.00000000	-1.58095500	3.15575800
-3.69999960	0.00000000	-1.53789400	3.15575800
-3.49999962	0.00000000	-1.20570900	3.15575800
-3.29999963	0.00000000	-0.83661410	3.15575800
-3.09999964	0.00000000	-1.20570900	3.15575800
-2.89999965	0.00000000	-1.53789400	3.15575800
-2.69999966	0.00000000	-1.58095500	3.15575800
-2.49999968	0.00000000	-1.58095500	3.15575800
-2.29999969	0.00000000	-1.58095500	3.15575800
-2.09999970	0.00000000	-1.58095500	3.15575800
-1.89999971	0.00000000	-1.48868100	3.11269700
-1.69999972	0.00000000	-0.83046260	2.73745100
-1.49999973	0.00000000	-0.09842519	2.04232300
-1.29999975	0.00000000	-0.78740150	2.04232300
-1.09999976	0.00000000	-1.11343500	2.68823800
-0.89999977	0.00000000	-0.83661410	2.73745100
-0.69999978	0.00000000	-1.20570900	2.41141700
-0.49999979	0.00000000	-1.53789400	2.78051200
-0.29999981	0.31803640	-1.58095500	3.11269700
-0.09999982	0.63668800	-1.58095500	3.15575800
0.10000017	0.95533960	-1.58095500	3.15575800
0.30000016	0.95533960	-1.58095500	3.11269700
0.50000015	0.79601380	-1.58095500	2.78051200
0.70000013	0.31803640	-1.58095500	2.41141700
0.90000012	-0.63668800	-1.58095500	2.78051200
1.10000011	-1.59264300	-1.58095500	3.11269700
1.30000010	-2.38927200	-1.53789400	3.15575800
1.50000009	-2.70792300	-1.20570900	3.15575800
1.70000008	-2.38927200	-0.83661410	3.15575800
1.90000006	-1.27399100	-1.20570900	3.15575800
2.10000005	0.63668800	-1.53789400	3.15575800
2.30000004	2.70792300	-1.58095500	3.15575800
2.50000003	4.45989200	-1.58095500	3.15575800
2.70000002	5.41584600	-1.58095500	3.11269700
2.90000000	4.77854300	-1.58095500	2.73745100
3.09999999	2.86724900	-1.58095500	1.99311000
3.29999998	-0.15871060	-1.58095500	1.66707700
3.49999997	-3.50393700	-1.58095500	1.99311000
3.69999996	-6.53112700	-1.53789400	2.73745100
3.89999994	-7.96444400	-1.20570900	3.11269700
4.09999993	-7.48646600	-0.83661410	3.15575800
4.29999992	-4.93786900	-1.20570900	3.15575800
4.49999991	-1.11466500	-1.53789400	3.15575800
4.69999990	3.50393700	-1.58095500	3.15575800
4.89999989	7.16781500	-1.58095500	3.11269700
5.09999987	9.23905000	-1.58095500	2.73745100
5.29999986	9.07972400	-1.58095500	1.99311000
5.49999985	6.53112700	-1.58095500	1.61786400
5.69999984	2.22994600	-1.58095500	1.57480300
5.89999983	-2.54859700	-1.58095500	1.61786400
6.09999981	-6.69045300	-1.58095500	1.99311000
6.29999980	-9.07972400	-1.58095500	2.73745100
6.49999979	-9.23905000	-1.58095500	3.11269700
6.69999978	-7.00848900	-1.53789400	3.15575800
6.89999977	-3.18590100	-1.20570900	3.15575800
7.09999975	1.11466500	-0.83661410	3.15575800
7.29999974	4.93786900	-1.20570900	3.15575800
7.49999973	7.32714100	-1.53789400	3.15575800
7.69999972	7.64579200	-1.58095500	3.15575800
7.89999971	6.21247500	-1.58095500	3.11269700
8.09999970	3.34522600	-1.58095500	2.73745100
8.29999968	0.15871060	-1.58095500	1.99311000
8.49999967	-2.86724900	-1.58095500	1.66707700
8.69999966	-4.77854300	-1.58095500	1.99311000
8.89999965	-5.25652100	-1.58095500	2.73745100
9.09999964	-4.30056600	-1.58095500	3.11269700
9.29999962	-2.70792300	-1.53789400	3.15575800
9.49999961	-0.63668800	-1.20570900	3.11269700
9.69999960	1.11466500	-0.83661410	2.78051200
9.89999959	2.22994600	-1.20570900	2.41141700
10.09999958	2.54859700	-1.53789400	2.78051200
10.29999956	2.22994600	-1.58095500	3.11269700
10.49999955	1.43331700	-1.58095500	3.15575800
10.69999954	0.47736220	-1.58095500	3.15575800
10.89999953	-0.31803640	-1.58095500	3.15575800
11.09999952	-0.79601380	-1.58095500	3.15575800
11.29999951	-0.95533960	-1.58095500	3.15575800
11.49999949	-0.95533960	-1.58095500	3.15575800
11.69999948	-0.79601380	-1.58095500	3.15575800
11.89999947	-0.31803640	-1.58095500	3.15575800
12.09999946	-0.15871060	-1.58095500	3.15575800
12.29999945	-0.15871060	-1.58095500	3.15575800
12.49999943	0.00000000	-1.58095500	3.11269700
12.69999942	0.00000000	-1.58095500	2.78051200
12.89999941	0.00000000	-1.58095500	2.41141700
13.09999940	0.00000000	-1.58095500	2.78051200
13.29999939	0.00000000	-1.53789400	3.11269700
13.49999937	0.00000000	-1.16264800	3.15575800
13.69999936	0.00000000	-0.41830710	3.15575800
13.89999935	0.00000000	-0.09227362	3.15575800
14.09999934	-0.15871060	-0.41830710	3.15575800
14.29999933	-0.15871060	-1.16264800	3.15575800
14.49999932	-0.15871060	-1.53789400	3.15575800
14.69999930	-0.15871060	-1.53789400	3.11269700
14.89999929	0.00000000	-1.20570900	2.78051200
15.09999928	0.00000000	-0.83661410	2.41141700
15.29999927	0.00000000	-1.20570900	2.78051200
15.49999926	0.00000000	-1.53789400	3.11269700
15.69999924	0.00000000	-1.58095500	3.15575800
15.89999923	0.00000000	-1.58095500	3.15575800
16.09999922	0.00000000	-1.58095500	3.15575800
16.29999921	0.00000000	-1.58095500	3.15575800
16.49999920	-0.15871060	-1.53789400	3.15575800
16.69999919	-0.15871060	-1.16264800	3.15575800
16.89999917	-0.15871060	-0.41830710	3.15575800
17.09999916	0.00000000	0.00000000	3.15575800
17.29999915	0.00000000	0.37524600	3.15575800
17.49999914	0.00000000	0.74434050	3.15575800
17.69999913	0.00000000	0.37524600	3.15575800
17.89999911	0.00000000	-0.04306102	3.11269700
18.09999910	0.00000000	-0.83661410	2.78051200
18.29999909	0.00000000	-2.36835600	2.41141700
18.49999908	0.00000000	-3.53715500	2.78051200
18.69999907	0.00000000	-4.74286400	3.11269700
18.89999905	0.00000000	-5.81323800	3.15575800
19.09999904	0.00000000	-5.77017700	3.15575800
19.29999903	0.00000000	-4.23228400	3.15575800
19.49999902	0.00000000	-1.48868100	3.15575800
19.69999901	0.00000000	1.99926200	3.15575800
19.89999900	0.00000000	5.85629900	3.15575800
20.09999898	0.00000000	8.93208600	3.15575800
20.29999897	0.00000000	10.42077000	3.15575800
20.49999896	0.00000000	9.58415200	3.15575800
20.69999895	0.00000000	5.67790300	3.15575800
20.89999894	0.00000000	-0.51058070	3.15575800
21.09999892	0.00000000	-7.90477300	3.15575800
21.29999891	0.00000000	-15.21284000	3.15575800
21.49999890	0.00000000	-20.51550000	3.15575800
21.69999889	0.00000000	-21.62893000	3.15575800
21.89999888	0.00000000	-17.72884000	3.15575800
22.09999886	0.00000000	-9.53494100	3.15575800
22.29999885	0.00000000	2.13459600	3.11269700
22.49999884	0.00000000	15.16363000	2.78051200
22.69999883	0.00000000	25.91043000	2.41141700
22.89999882	0.00000000	30.89321000	2.78051200
23.09999881	0.00000000	28.93701000	3.15575800
23.29999879	0.00000000	19.96186000	3.57406500
23.49999878	0.00000000	5.21653500	4.31840500
23.69999877	0.00000000	-12.55536000	4.69365100
23.89999876	0.00000000	-29.49065000	4.73671200
24.09999875	0.00000000	-40.98794000	4.69365100
24.29999873	0.00000000	-43.64542000	4.26919300
24.49999872	0.00000000	-36.24508000	3.11269700
24.69999871	0.00000000	-20.00492000	1.57480300
24.89999870	0.00000000	1.62401600	0.00000000
25.09999869	0.00000000	23.63435000	-1.53174200
25.29999867	0.00000000	40.98794000	-2.64517700
25.49999866	0.00000000	49.40945000	-2.60211600
25.69999865	0.00000000	46.29675000	-1.02116100
25.89999864	0.00000000	32.01279000	2.04232300
26.09999863	0.00000000	10.00246000	5.93626900
26.29999862	0.00000000	-14.74532000	9.79945900
26.49999860	0.00000000	-36.71260000	13.23819000
26.69999859	0.00000000	-50.62130000	14.72687000
26.89999858	0.00000000	-52.94660000	13.56422000
27.09999857	0.00000000	-43.68848000	10.03322000
27.29999856	0.00000000	-24.74778000	4.18307100
27.49999854	0.00000000	-0.46751960	-3.15575800
27.69999853	0.00000000	23.12377000	-10.45152000
27.89999852	0.00000000	40.90182000	-15.79109000
28.09999851	0.00000000	49.04035000	-17.28592000
28.29999850	0.00000000	45.59547000	-14.16708000
28.49999848	0.00000000	32.14813000	-6.78518600
28.69999847	0.00000000	12.05093000	3.66633800
28.89999846	0.00000000	-9.95939900	15.23130000
29.09999845	0.00000000	-28.93701000	25.22145000
29.29999844	0.00000000	-40.94488000	30.98548000
29.49999843	0.00000000	-43.73154000	30.94242000
29.69999841	0.00000000	-37.22318000	24.71703000
29.89999840	0.00000000	-23.72047000	13.10285000
30.09999839	0.00000000	-6.32381900	-1.57480300
30.29999838	0.00000000	11.07283000	-16.25861000
30.49999837	0.00000000	24.66166000	-27.78666000
30.69999835	0.00000000	32.05585000	-33.16929000
30.89999834	0.00000000	32.10507000	-30.80709000
31.09999833	0.00000000	25.21530000	-21.13681000
31.29999832	0.00000000	13.67495000	-5.67175200
31.49999831	0.00000000	0.46751960	12.03248000
31.69999829	0.00000000	-11.95866000	27.92200000
31.89999828	0.00000000	-21.62893000	38.74877000
32.09999827	0.00000000	-26.28568000	42.60580000
32.29999826	0.00000000	-25.21530000	38.28740000
32.49999825	0.00000000	-19.39591000	26.34104000
32.69999824	0.00000000	-10.13779000	9.38115100
32.89999822	0.00000000	0.65206690	-8.40920300
33.09999821	0.00000000	9.95939900	-23.51132000
33.29999820	0.00000000	16.19094000	-33.21850000
33.49999819	0.00000000	18.51624000	-35.50074000
33.69999818	0.00000000	16.23400000	-30.10580000
33.89999816	0.00000000	10.46998000	-17.74729000
34.09999815	0.00000000	2.74360200	-1.58095500
34.29999814	0.00000000	-5.35187000	14.72687000
34.49999813	0.00000000	-11.54035000	28.20497000
34.69999812	0.00000000	-14.65305000	35.95595000
34.89999810	0.00000000	-14.27780000	35.96210000
35.09999809	0.00000000	-10.42077000	29.07849000
35.29999808	0.00000000	-4.32455700	16.67692000
35.49999807	0.00000000	2.18996000	1.71013800
35.69999806	0.00000000	6.84055100	-12.22318000
35.89999805	0.00000000	8.83981200	-21.84424000
36.09999803	0.00000000	8.42150500	-25.36909000
36.29999802	0.00000000	5.35187000	-21.93036000
36.49999801	0.00000000	0.37524600	-13.10285000
36.69999800	0.00000000	-4.60752900	-1.11343500
36.89999799	0.00000000	-8.46456700	11.52190000
37.09999797	0.00000000	-10.00246000	21.09375000
37.29999796	0.00000000	-8.88902600	24.62475000
37.49999795	0.00000000	-5.81323800	22.02264000
37.69999794	0.00000000	-1.58095500	14.72687000
37.89999793	0.00000000	2.69439000	4.73671200
38.09999791	0.00000000	6.14542300	-5.20423200
38.29999790	0.00000000	8.08932000	-12.12475000
38.49999789	0.00000000	7.67716500	-14.03789000
38.69999788	0.00000000	5.39493100	-10.59301000
38.89999787	0.00000000	1.48868100	-2.55905500
39.09999786	0.00000000	-3.11884800	7.33882900
39.29999784	0.00000000	-7.35113100	15.74803000
39.49999783	0.00000000	-10.04552000	19.98031000
39.69999782	0.00000000	-10.51304000	18.86688000
39.89999781	0.00000000	-9.35039300	13.10285000
40.09999780	0.00000000	-6.97588500	4.27534400
40.29999778	0.00000000	-3.11884800	-5.33956700
40.49999777	0.00000000	1.11343500	-12.96752000
40.69999776	0.00000000	4.65059000	-16.40010000
40.89999775	0.00000000	7.39419200	-14.12401000
41.09999774	0.00000000	8.88902600	-7.25270600
41.29999772	0.00000000	8.46456700	1.99926200
41.49999771	0.00000000	5.81323800	11.61417000
41.69999770	0.00000000	1.95620100	18.86688000
41.89999769	0.00000000	-1.95620100	21.60433000
42.09999768	0.00000000	-5.81323800	19.32825000
42.29999767	0.00000000	-8.51377900	13.23819000
42.49999765	0.00000000	-9.30733200	5.11195900
42.69999764	0.00000000	-8.55684000	-2.93430100
42.89999763	0.00000000	-6.23154500	-9.14739100
43.09999762	0.00000000	-3.20497000	-11.84793000
43.29999761	0.00000000	-0.46751960	-11.14665000
43.49999759	0.00000000	1.53789400	-7.24655500
43.69999758	0.00000000	3.06963600	-1.15649600
43.89999757	0.00000000	3.81397600	5.38262700
44.09999756	0.00000000	3.11884800	10.40846000
44.29999755	0.00000000	2.04847400	13.14591000
44.49999753	0.00000000	1.62401600	13.18898000
44.69999752	0.00000000	1.58095500	10.91289000
44.89999751	0.00000000	1.58095500	7.47416300
45.09999750	0.00000000	1.53789400	3.57406500
45.29999749	0.00000000	1.11343500	0.09227362
45.49999748	0.00000000	-0.09227362	-2.60211600
45.69999746	0.00000000	-2.04847400	-3.71555100
45.89999745	0.00000000	-4.78592500	-2.64517700
46.09999744	0.00000000	-7.81250000	-0.37524600
46.29999743	0.00000000	-10.09473000	1.95004900
46.49999742	0.00000000	-10.42077000	4.31840500
46.69999740	0.00000000	-8.46456700	6.22539300
46.89999739	0.00000000	-4.18922200	7.38188900
47.09999738	0.00000000	1.58095500	7.38188900
47.29999737	0.00000000	7.39419200	6.22539300
47.49999736	0.00000000	12.00172000	4.31840500
47.69999734	0.00000000	14.27780000	1.95004900
47.89999733	0.00000000	13.07210000	-0.33218500
48.09999732	0.00000000	8.42150500	-2.22687000
48.29999731	0.00000000	1.07037400	-2.60211600
48.49999730	0.00000000	-7.39419200	-1.48868100
48.69999729	0.00000000	-14.70226000	0.46751960
48.89999727	0.00000000	-18.93455000	3.19881900
49.09999726	0.00000000	-18.93455000	6.26845500
49.29999725	0.00000000	-14.65305000	8.96284400
49.49999724	0.00000000	-6.93282500	10.45152000
49.69999723	0.00000000	2.69439000	10.07628000
49.89999721	0.00000000	11.54035000	7.80019600
50.09999720	0.00000000	17.31053000	4.68750000
50.29999719	0.00000000	18.46703000	1.15649600
50.49999718	0.00000000	14.60999000	-2.64517700
50.69999717	0.00000000	6.93282500	-5.29650500
50.89999715	0.00000000	-2.69439000	-5.71481200
51.09999714	0.00000000	-11.54035000	-4.18307100
51.29999713	0.00000000	-17.31053000	-1.07037400
51.49999712	0.00000000	-18.46703000	3.15575800
51.69999711	0.00000000	-14.65305000	7.38188900
51.89999710	0.00000000	-7.39419200	10.49459000
52.09999708	0.00000000	1.07037400	12.03248000
52.29999707	0.00000000	8.42150500	11.61417000
52.49999706	0.00000000	13.02903000	8.91978400
52.69999705	0.00000000	13.81644000	4.73671200
52.89999704	0.00000000	10.33464000	0.51058070
53.09999702	0.00000000	3.85703700	-2.60211600
53.29999701	0.00000000	-3.81397600	-4.18307100
53.49999700	0.00000000	-9.95939900	-4.18307100
53.69999699	0.00000000	-13.12131000	-2.64517700
53.89999698	0.00000000	-13.07210000	0.04306102
54.09999696	0.00000000	-9.62721400	3.11269700
54.29999695	0.00000000	-3.49409400	5.80093500
54.49999694	0.00000000	3.02657500	7.33882900
54.69999693	0.00000000	8.42150500	7.33882900
54.89999692	0.00000000	11.07283000	5.85014700
55.09999691	0.00000000	9.95939900	3.57406500
55.29999689	0.00000000	5.77017700	1.66707700
55.49999688	0.00000000	0.04306102	0.51058070
55.69999687	0.00000000	-5.39493100	0.55364170
55.89999686	0.00000000	-9.25812000	2.04232300
56.09999685	0.00000000	-11.16511000	4.26919300
56.29999683	0.00000000	-10.00246000	5.80093500
56.49999682	0.00000000	-6.18848400	6.21924200
56.69999681	0.00000000	-1.20570900	5.80093500
56.89999680	0.00000000	3.81397600	4.18307100
57.09999679	0.00000000	7.25885800	1.15649600
57.29999677	0.00000000	8.46456700	-2.22687000
57.49999676	0.00000000	7.30807100	-4.09079700
57.69999675	0.00000000	4.27534400	-3.76476400
57.89999674	0.00000000	0.41830710	-1.44562000
58.09999673	0.00000000	-3.02657500	2.08538400
58.29999672	0.00000000	-5.39493100	6.68676100
58.49999670	0.00000000	-6.18848400	11.23893000
58.69999669	0.00000000	-5.81323800	13.52116000
58.89999668	0.00000000	-4.27534400	13.18898000
59.09999667	0.00000000	-1.95620100	10.40846000
59.29999666	0.00000000	0.33218500	5.38262700
59.49999664	0.00000000	2.27608300	-1.11343500
59.69999663	0.00000000	3.02657500	-6.82824800
59.89999662	0.00000000	2.69439000	-9.94094400
60.09999661	0.00000000	1.53789400	-9.94094400
60.29999660	0.00000000	0.04306102	-6.82824800
60.49999658	0.00000000	-1.11343500	-1.02116100
60.69999657	0.00000000	-1.53789400	6.26845500
60.89999656	0.00000000	-1.58095500	13.14591000
61.09999655	0.00000000	-1.53789400	17.42126000
61.29999654	0.00000000	-1.11343500	18.21481000
61.49999653	0.00000000	-0.04306102	15.84030000
61.69999651	0.00000000	0.69512790	10.03322000
61.89999650	0.00000000	0.33218500	1.99311000
62.09999649	0.00000000	-0.37524600	-5.67175200
62.29999648	0.00000000	-1.20570900	-11.10359000
62.49999647	0.00000000	-1.95620100	-13.05364000
62.69999645	0.00000000	-2.69439000	-11.52190000
62.89999644	0.00000000	-2.65132900	-6.82824800
63.09999643	0.00000000	-1.58095500	0.46751960
63.29999642	0.00000000	-0.41830710	8.50147600
63.49999641	0.00000000	0.37524600	14.67766000
63.69999639	0.00000000	1.16264800	17.83957000
63.89999638	0.00000000	1.53789400	17.83957000
64.09999637	0.00000000	1.53789400	14.72687000
64.29999636	0.00000000	1.16264800	8.96284400
64.49999635	0.00000000	0.33218500	2.04232300
64.69999634	0.00000000	-0.79355310	-4.14000900
64.89999632	0.00000000	-2.32529500	-8.40920300
65.09999631	0.00000000	-3.06963600	-9.99015700
65.29999630	0.00000000	-3.06963600	-8.87057000
65.49999629	0.00000000	-2.32529500	-5.80093500
65.69999628	0.00000000	-0.79355310	-1.48868100
65.89999626	0.00000000	0.28297240	3.48794300
66.09999625	0.00000000	0.74434050	8.12622900
66.29999624	0.00000000	0.33218500	10.86983000
66.49999623	0.00000000	-0.41830710	12.11860000
66.69999622	0.00000000	-1.58095500	12.07554000
66.89999620	0.00000000	-2.69439000	10.53765000
67.09999619	0.00000000	-3.06963600	7.84940900
67.29999618	0.00000000	-2.69439000	4.73671200
67.49999617	0.00000000	-1.48868100	1.62401600
67.69999616	0.00000000	0.41830710	-1.15649600
67.89999615	0.00000000	2.74360200	-3.48179100
68.09999613	0.00000000	4.60752900	-5.43184000
68.29999612	0.00000000	5.39493100	-6.13312000
68.49999611	0.00000000	4.56446800	-5.38262700
68.69999610	0.00000000	2.27608300	-3.02042300
68.89999609	0.00000000	-1.20570900	0.46751960
69.09999607	0.00000000	-4.69980300	4.73671200
69.29999606	0.00000000	-7.81250000	8.96284400
69.49999605	0.00000000	-10.04552000	12.07554000
69.69999604	0.00000000	-9.95939900	13.65650000
69.89999603	0.00000000	-6.93282500	13.61343000
70.09999601	0.00000000	-1.95620100	11.61417000
70.29999600	0.00000000	3.06963600	7.38188900
70.49999599	0.00000000	7.39419200	1.99311000
70.69999598	0.00000000	10.42077000	-3.02042300
70.89999597	0.00000000	11.16511000	-6.87746000
71.09999596	0.00000000	8.88902600	-8.40920300
71.29999594	0.00000000	4.65059000	-7.29576700
71.49999593	0.00000000	-0.46751960	-4.22613100
71.69999592	0.00000000	-6.23154500	0.04306102
71.89999591	0.00000000	-11.20817000	4.69365100
72.09999590	0.00000000	-13.49655000	8.91978400
72.29999588	0.00000000	-12.78912000	11.61417000
72.49999587	0.00000000	-9.30733200	12.03248000
72.69999586	0.00000000	-4.27534400	10.49459000
72.89999585	0.00000000	1.53789400	7.42495000
73.09999584	0.00000000	6.88361200	3.62327700
73.29999582	0.00000000	10.00246000	0.55364170
73.49999581	0.00000000	10.46998000	-1.06422200
73.69999580	0.00000000	8.88902600	-1.43946800
73.89999579	0.00000000	5.39493100	-0.73818890
74.09999578	0.00000000	0.41830710	0.78124990
74.29999577	0.00000000	-4.18922200	1.95004900
74.49999575	0.00000000	-7.35113100	3.11269700
74.69999574	0.00000000	-8.88902600	3.80782500
74.89999573	0.00000000	-8.51377900	3.11269700
75.09999572	0.00000000	-6.23154500	2.04232300
75.29999571	0.00000000	-3.16190900	1.61786400
75.49999569	0.00000000	-0.04306102	1.61786400
75.69999568	0.00000000	2.65132900	2.08538400
75.89999567	0.00000000	4.18922200	3.66633800
76.09999566	0.00000000	4.23228400	6.26845500
76.29999565	0.00000000	3.11884800	8.54453700
76.49999563	0.00000000	1.58095500	9.29502900
76.69999562	0.00000000	0.04306102	8.54453700
76.89999561	0.00000000	-1.11343500	6.17618100
77.09999560	0.00000000	-1.53789400	2.73745100
77.29999559	0.00000000	-1.53789400	-1.15649600
77.49999558	0.00000000	-1.16264800	-4.60137700
77.69999556	0.00000000	-0.46751960	-6.87746000
77.89999555	0.00000000	-0.46751960	-6.82824800
78.09999554	0.00000000	-1.20570900	-4.14000900
78.29999553	0.00000000	-1.95620100	0.46136810
78.49999552	0.00000000	-2.74360200	5.85014700
78.69999550	0.00000000	-3.06963600	10.49459000
78.89999549	0.00000000	-2.65132900	13.56422000
79.09999548	0.00000000	-1.11343500	14.35162000
79.29999547	0.00000000	1.16264800	12.40773000
79.49999546	0.00000000	3.06963600	8.58759800
79.69999544	0.00000000	4.27534400	3.57406500
79.89999543	0.00000000	4.65059000	-1.02116100
80.09999542	0.00000000	4.18922200	-4.22613100
80.29999541	0.00000000	2.27608300	-6.13312000
80.49999540	0.00000000	-0.78740150	-6.50221400
80.69999539	0.00000000	-3.44488200	-4.60137700
80.89999537	0.00000000	-5.39493100	-1.48868100
81.09999536	0.00000000	-5.81323800	2.36835600
81.29999535	0.00000000	-5.07504900	6.58833600
81.49999534	0.00000000	-3.81397600	9.29502900
81.69999533	0.00000000	-1.11343500	10.58686000
81.89999531	0.00000000	2.23302100	10.91289000
82.09999530	0.00000000	4.18922200	10.16855000
82.29999529	0.00000000	4.65059000	8.21850300
82.49999528	0.00000000	4.27534400	5.89320800
82.69999527	0.00000000	3.06963600	3.15575800
82.89999525	0.00000000	1.16264800	0.41830710
83.09999524	0.00000000	-1.11343500	-1.90698800
83.29999523	0.00000000	-2.65132900	-3.85088600
83.49999522	0.00000000	-3.11884800	-4.60137700
83.69999521	0.00000000	-3.11884800	-4.22613100
83.89999520	0.00000000	-2.69439000	-2.60211600
84.09999518	0.00000000	-1.58095500	0.46751960
84.29999517	0.00000000	-0.46751960	4.31840500
84.49999516	0.00000000	0.00000000	7.80019600
84.69999515	0.00000000	0.37524600	10.53765000
84.89999514	0.00000000	0.74434050	12.03248000
85.09999512	0.00000000	0.37524600	11.65723000
85.29999511	0.00000000	0.04306102	9.33809000
85.49999510	0.00000000	0.00000000	5.85014700
85.69999509	0.00000000	0.04306102	1.57480300
85.89999508	0.00000000	0.41830710	-2.64517700
86.09999506	0.00000000	1.11343500	-5.71481200
86.29999505	0.00000000	1.07037400	-6.82824800
86.49999504	0.00000000	-0.04306102	-5.29650500
86.69999503	0.00000000	-1.53789400	-1.48868100
86.89999502	0.00000000	-2.69439000	3.15575800
87.09999501	0.00000000	-3.11884800	7.80019600
87.29999499	0.00000000	-3.11884800	11.61417000
87.49999498	0.00000000	-2.69439000	13.14591000
87.69999497	0.00000000	-1.53789400	12.03248000
87.89999496	0.00000000	0.00000000	8.96284400
88.09999495	0.00000000	1.53789400	4.69365100
88.29999493	0.00000000	2.65132900	0.04306102
88.49999492	0.00000000	2.69439000	-4.14000900
88.69999491	0.00000000	1.95620100	-6.45300100
88.89999490	0.00000000	1.16264800	-6.04699800
89.09999489	0.00000000	-0.04306102	-3.38951800
89.29999487	0.00000000	-1.53789400	1.24877000
89.49999486	0.00000000	-2.69439000	6.21924200
89.69999485	0.00000000	-3.06963600	10.49459000
89.89999484	0.00000000	-2.74360200	13.14591000
90.09999483	0.00000000	-1.95620100	13.10285000
90.29999482	0.00000000	-1.16264800	10.07628000
90.49999480	0.00000000	0.00000000	5.06274600
90.69999479	0.00000000	1.11343500	-0.28297240
90.89999478	0.00000000	1.48868100	-4.92125900
91.09999477	0.00000000	1.16264800	-7.16043300
91.29999476	0.00000000	0.41830710	-6.45300100
91.49999474	0.00000000	0.04306102	-2.97736200
91.69999473	0.00000000	0.00000000	1.99311000
91.89999472	0.00000000	0.00000000	7.38188900
92.09999471	0.00000000	0.04306102	11.56496000
92.29999470	0.00000000	0.37524600	13.14591000
92.49999468	0.00000000	0.74434050	12.03248000
92.69999467	0.00000000	0.33218500	8.91978400
92.89999466	0.00000000	-0.41830710	4.31840500
93.09999465	0.00000000	-1.58095500	-0.64591530
93.29999464	0.00000000	-2.69439000	-4.13385800
93.49999463	0.00000000	-3.11884800	-5.67175200
93.69999461	0.00000000	-3.11884800	-4.87204700
93.89999460	0.00000000	-2.65132900	-1.43946800
94.09999459	0.00000000	-1.11343500	3.11269700
94.29999458	0.00000000	1.16264800	7.33882900
94.49999457	0.00000000	3.11884800	10.07628000
94.69999455	0.00000000	4.65059000	10.82677000
94.89999454	0.00000000	5.39493100	9.65797200
95.09999453	0.00000000	4.60752900	6.21924200
95.29999452	0.00000000	2.69439000	2.04232300
95.49999451	0.00000000	-0.04306102	-1.44562000
95.69999449	0.00000000	-3.11884800	-3.76476400
95.89999448	0.00000000	-5.81323800	-4.14000900
96.09999447	0.00000000	-7.35113100	-2.64517700
96.29999446	0.00000000	-7.35113100	0.09227362
96.49999445	0.00000000	-5.77017700	3.48794300
96.69999444	0.00000000	-2.65132900	6.58833600
96.89999442	0.00000000	1.53789400	8.13238100
97.09999441	0.00000000	5.39493100	8.54453700
97.29999440	0.00000000	7.72637700	7.38188900
97.49999439	0.00000000	8.46456700	5.11195900
97.69999438	0.00000000	6.93282500	2.82972400
97.89999436	0.00000000	3.53715500	0.87967510
98.09999435	0.00000000	0.00000000	0.09227362
98.29999434	0.00000000	-3.53715500	0.04306102
98.49999433	0.00000000	-6.97588500	0.46136810
98.69999432	0.00000000	-8.88902600	1.57480300
98.89999430	0.00000000	-8.93208600	2.73745100
99.09999429	0.00000000	-7.35113100	3.53100400
99.29999428	0.00000000	-4.27534400	4.31840500
99.49999427	0.00000000	-0.41830710	4.69365100
99.69999426	0.00000000	3.06963600	4.77977300
99.89999425	0.00000000	5.81323800	5.15501900
100.09999423	0.00000000	7.35113100	5.89320800
100.29999422	0.00000000	7.35113100	6.26845500
100.49999421	0.00000000	5.81323800	6.26845500
100.69999420	0.00000000	3.11884800	5.85014700
100.89999419	0.00000000	0.00000000	4.68750000
101.09999417	0.00000000	-3.06963600	3.15575800
101.29999416	0.00000000	-5.39493100	1.57480300
101.49999415	0.00000000	-6.18848400	0.04306102
101.69999414	0.00000000	-5.85629900	-1.06422200
101.89999413	0.00000000	-4.69980300	-1.06422200
102.09999411	0.00000000	-3.11884800	0.09227362
102.29999410	0.00000000	-1.11343500	2.04232300
102.49999409	0.00000000	1.53789400	4.73671200
102.69999408	0.00000000	3.81397600	7.38188900
102.89999407	0.00000000	4.60752900	8.91978400
103.09999406	0.00000000	4.27534400	8.96284400
103.29999404	0.00000000	3.11884800	7.75713500
103.49999403	0.00000000	1.58095500	5.47490100
103.69999402	0.00000000	-0.04306102	2.36835600
103.89999401	0.00000000	-1.95620100	-0.28297240
104.09999400	0.00000000	-3.85703700	-2.27608300
104.29999398	0.00000000	-4.60752900	-2.97736200
104.49999397	0.00000000	-4.27534400	-2.22687000
104.69999396	0.00000000	-3.06963600	0.09227362
104.89999395	0.00000000	-1.20570900	3.11269700
105.09999394	0.00000000	0.74434050	5.80093500
105.29999392	0.00000000	1.91314000	7.38188900
105.49999391	0.00000000	2.69439000	7.80019600
105.69999390	0.00000000	2.65132900	7.38188900
105.89999389	0.00000000	1.58095500	5.85014700
106.09999388	0.00000000	0.41830710	3.53100400
106.29999387	0.00000000	-0.41830710	1.24877000
106.49999385	0.00000000	-1.58095500	-0.64591530
106.69999384	0.00000000	-2.65132900	-1.02116100
106.89999383	0.00000000	-2.65132900	0.04306102
107.09999382	0.00000000	-1.53789400	1.62401600
107.29999381	0.00000000	-0.04306102	3.57406500
107.49999379	0.00000000	1.11343500	5.80093500
107.69999378	0.00000000	1.53789400	6.96358300
107.89999377	0.00000000	1.53789400	6.64370100
108.09999376	0.00000000	1.11343500	5.89320800
108.29999375	0.00000000	0.00000000	4.64443900
108.49999374	0.00000000	-1.16264800	2.78051200
108.69999372	0.00000000	-1.95620100	0.87967510
108.89999371	0.00000000	-2.69439000	0.13533460
109.09999370	0.00000000	-2.69439000	0.46136810
109.29999369	0.00000000	-1.95620100	1.62401600
109.49999368	0.00000000	-1.16264800	3.15575800
109.69999366	0.00000000	0.00000000	4.73671200
109.89999365	0.00000000	1.16264800	6.22539300
110.09999364	0.00000000	1.91314000	7.00664300
110.29999363	0.00000000	2.32529500	6.59448800
110.49999362	0.00000000	1.91314000	5.47490100
110.69999360	0.00000000	1.16264800	3.57406500
110.89999359	0.00000000	0.00000000	2.04232300
111.09999358	0.00000000	-1.11343500	1.19955700
111.29999357	0.00000000	-1.53789400	0.41830710
111.49999356	0.00000000	-1.58095500	0.09227362
111.69999355	0.00000000	-1.53789400	0.46136810
111.89999353	0.00000000	-1.16264800	1.57480300
112.09999352	0.00000000	-0.37524600	2.73745100
112.29999351	0.00000000	0.37524600	3.53100400
112.49999350	0.00000000	1.16264800	4.31840500
112.69999349	0.00000000	1.53789400	4.69365100
112.89999347	0.00000000	1.53789400	4.73671200
113.09999346	0.00000000	1.16264800	4.69365100
113.29999345	0.00000000	0.41830710	4.31840500
113.49999344	0.00000000	0.04306102	3.57406500
113.69999343	0.00000000	0.00000000	3.19881900
113.89999341	0.00000000	0.00000000	3.11269700
114.09999340	0.00000000	0.00000000	2.78051200
114.29999339	0.00000000	0.00000000	2.36835600
114.49999338	0.00000000	0.00000000	2.36220500
114.69999337	0.00000000	0.00000000	1.95004900
114.89999336	0.00000000	0.00000000	1.61786400
115.09999334	0.00000000	0.00000000	1.57480300
115.29999333	0.00000000	0.00000000	1.61786400
115.49999332	0.00000000	0.00000000	1.99311000
115.69999331	0.00000000	0.00000000	2.78051200
115.89999330	0.00000000	0.00000000	3.53100400
116.09999328	0.00000000	0.00000000	4.36146600
116.29999327	0.00000000	-0.04306102	5.11195900
116.49999326	0.00000000	-0.41830710	5.85014700
116.69999325	0.00000000	-1.16264800	5.85014700
116.89999324	0.00000000	-1.48868100	5.11195900
117.09999322	0.00000000	-1.16264800	4.31840500
117.29999321	0.00000000	-0.37524600	3.11269700
117.49999320	0.00000000	0.37524600	1.62401600
117.69999319	0.00000000	1.20570900	0.51058070
117.89999318	0.00000000	1.91314000	0.46136810
118.09999317	0.00000000	2.32529500	1.15649600
118.29999315	0.00000000	1.91314000	1.57480300
118.49999314	0.00000000	1.20570900	2.04232300
118.69999313	0.00000000	0.37524600	3.15575800
118.89999312	0.00000000	-0.41830710	4.31840500
119.09999311	0.00000000	-1.58095500	5.06274600
119.29999309	0.00000000	-2.69439000	5.47490100
119.49999308	0.00000000	-3.06963600	5.11195900
119.69999307	0.00000000	-2.69439000	4.73671200
119.89999306	0.00000000	-1.53789400	4.31840500
120.09999305	0.00000000	0.00000000	3.57406500
120.29999303	0.00000000	1.53789400	3.15575800
120.49999302	0.00000000	2.69439000	2.73745100
120.69999301	0.00000000	3.06963600	1.99311000
120.89999300	0.00000000	2.74360200	1.61786400
121.09999299	0.00000000	1.95620100	1.57480300
121.29999298	0.00000000	1.16264800	1.61786400
121.49999296	0.00000000	-0.04306102	1.99311000
121.69999295	0.00000000	-1.53789400	2.73745100
121.89999294	0.00000000	-2.69439000	3.11269700
122.09999293	0.00000000	-3.11884800	3.19881900
122.29999292	0.00000000	-3.11884800	3.57406500
122.49999290	0.00000000	-2.69439000	4.31840500
122.69999289	0.00000000	-1.53789400	4.69365100
122.89999288	0.00000000	-0.04306102	4.73671200
123.09999287	0.00000000	1.16264800	4.69365100
123.29999286	0.00000000	1.91314000	4.31840500
123.49999284	0.00000000	2.32529500	3.57406500
123.69999283	0.00000000	1.95620100	3.19881900
123.89999282	0.00000000	1.58095500	3.11269700
124.09999281	0.00000000	1.16264800	2.73745100
124.29999280	0.00000000	0.37524600	2.04232300
124.49999279	0.00000000	-0.37524600	1.99311000
124.69999277	0.00000000	-1.16264800	2.36220500
124.89999276	0.00000000	-1.53789400	2.36835600
125.09999275	0.00000000	-1.58095500	2.82357300
125.29999274	0.00000000	-1.58095500	3.53100400
125.49999273	0.00000000	-1.53789400	4.31840500
125.69999271	0.00000000	-1.11343500	4.69365100
125.89999270	0.00000000	0.00000000	4.73671200
126.09999269	0.00000000	1.16264800	4.73671200
126.29999268	0.00000000	1.95620100	4.69365100
126.49999267	0.00000000	2.69439000	4.31840500
126.69999265	0.00000000	2.69439000	3.57406500
126.89999264	0.00000000	1.95620100	3.15575800
127.09999263	0.00000000	1.16264800	2.73745100
127.29999262	0.00000000	0.00000000	2.04232300
127.49999261	0.00000000	-1.16264800	1.99311000
127.69999260	0.00000000	-1.95620100	2.36220500
127.89999258	0.00000000	-2.69439000	2.36835600
128.09999257	0.00000000	-2.65132900	2.78051200
128.29999256	0.00000000	-1.53789400	3.15575800
128.49999255	0.00000000	-0.04306102	3.57406500
128.69999254	0.00000000	1.16264800	4.26919300
128.89999252	0.00000000	1.95620100	4.26919300
129.09999251	0.00000000	2.69439000	3.57406500
129.29999250	0.00000000	2.65132900	3.19881900
129.49999249	0.00000000	1.58095500	3.11269700
129.69999248	0.00000000	0.46751960	2.78051200
129.89999246	0.00000000	0.00000000	2.41141700
130.09999245	0.00000000	-0.41830710	2.78051200
130.29999244	0.00000000	-1.16264800	3.11269700
130.49999243	0.00000000	-1.53789400	3.15575800
130.69999242	0.00000000	-1.53789400	3.19881900
130.89999241	0.00000000	-1.11343500	3.57406500
131.09999239	0.00000000	0.00000000	4.26919300
131.29999238	0.00000000	1.11343500	4.26919300
131.49999237	0.00000000	1.53789400	3.57406500
131.69999236	0.00000000	1.53789400	3.15575800
131.89999235	0.00000000	1.16264800	2.73745100
132.09999233	0.00000000	0.41830710	1.99311000
132.29999232	0.00000000	0.00000000	1.61786400
132.49999231	0.00000000	-0.37524600	1.61786400
132.69999230	0.00000000	-0.74434050	1.99311000
132.89999229	0.00000000	-0.37524600	2.78051200
133.09999227	0.00000000	-0.04306102	3.53100400
133.29999226	0.00000000	0.00000000	4.31840500
133.49999225	0.00000000	0.00000000	4.69365100
133.69999224	0.00000000	0.00000000	4.73671200
133.89999223	0.00000000	0.00000000	4.69365100
134.09999222	0.00000000	0.00000000	4.31840500
134.29999220	0.00000000	0.00000000	3.53100400
134.49999219	0.00000000	0.00000000	2.78051200
134.69999218	0.00000000	0.00000000	1.99311000
134.89999217	0.00000000	0.04306102	1.61786400
135.09999216	0.00000000	0.41830710	1.57480300
135.29999214	0.00000000	1.16264800	1.61786400
135.49999213	0.00000000	1.48868100	1.99311000
135.69999212	0.00000000	1.16264800	2.78051200
135.89999211	0.00000000	0.41830710	3.53100400
136.09999210	0.00000000	0.00000000	4.31840500
136.29999208	0.00000000	-0.41830710	4.69365100
136.49999207	0.00000000	-1.16264800	4.73671200
136.69999206	0.00000000	-1.48868100	4.69365100
136.89999205	0.00000000	-1.16264800	4.31840500
137.09999204	0.00000000	-0.37524600	3.57406500
137.29999203	0.00000000	0.37524600	3.15575800
137.49999201	0.00000000	1.16264800	2.73745100
137.69999200	0.00000000	1.53789400	1.99311000
137.89999199	0.00000000	1.58095500	1.61786400
138.09999198	0.00000000	1.53789400	1.57480300
138.29999197	0.00000000	1.16264800	1.61786400
138.49999195	0.00000000	0.37524600	1.99311000
138.69999194	0.00000000	-0.37524600	2.73745100
138.89999193	0.00000000	-1.16264800	3.15575800
139.09999192	0.00000000	-1.48868100	3.57406500
139.29999191	0.00000000	-1.16264800	4.31840500
139.49999189	0.00000000	-0.37524600	4.69365100
139.69999188	0.00000000	0.37524600	4.73671200
139.89999187	0.00000000	1.16264800	4.69365100
140.09999186	0.00000000	1.53789400	4.26919300
140.29999185	0.00000000	1.58095500	3.15575800
140.49999184	0.00000000	1.53789400	2.04232300
140.69999182	0.00000000	1.16264800	1.61786400
140.89999181	0.00000000	0.41830710	1.57480300
141.09999180	0.00000000	0.04306102	1.61786400
141.29999179	0.00000000	0.00000000	1.99311000
141.49999178	0.00000000	0.00000000	2.78051200
141.69999176	0.00000000	0.00000000	3.53100400
141.89999175	0.00000000	0.00000000	4.31840500
142.09999174	0.00000000	0.04306102	4.69365100
142.29999173	0.00000000	0.41830710	4.73671200
142.49999172	0.00000000	1.16264800	4.73671200
142.69999170	0.00000000	1.48868100	4.69365100
142.89999169	0.00000000	1.16264800	4.31840500
143.09999168	0.00000000	0.41830710	3.53100400
143.29999167	0.00000000	0.04306102	2.78051200
143.49999166	0.00000000	0.00000000	1.99311000
143.69999165	0.00000000	0.00000000	1.61786400
143.89999163	0.00000000	0.00000000	1.61786400
144.09999162	0.00000000	0.00000000	1.99311000
144.29999161	0.00000000	0.04306102	2.78051200
144.49999160	0.00000000	0.41830710	3.53100400
144.69999159	0.00000000	1.16264800	4.31840500
144.89999157	0.00000000	1.48868100	4.69365100
145.09999156	0.00000000	1.16264800	4.73671200
145.29999155	0.00000000	0.37524600	4.69365100
145.49999154	0.00000000	-0.33218500	4.31840500
145.69999153	0.00000000	-0.74434050	3.53100400
145.89999151	0.00000000	-0.37524600	2.78051200
146.09999150	0.00000000	-0.04306102	1.99311000
146.29999149	0.00000000	0.00000000	1.61786400
146.49999148	0.00000000	0.00000000	1.61786400
146.69999147	0.00000000	0.04306102	1.99311000
146.89999146	0.00000000	0.41830710	2.73745100
147.09999144	0.00000000	1.11343500	3.11269700
147.29999143	0.00000000	1.11343500	3.19881900
147.49999142	0.00000000	0.41830710	3.57406500
147.69999141	0.00000000	0.04306102	4.31840500
147.89999140	0.00000000	0.00000000	4.69365100
148.09999138	0.00000000	0.00000000	4.73671200
148.29999137	0.00000000	0.00000000	4.69365100
148.49999136	0.00000000	0.00000000	4.26919300
148.69999135	0.00000000	0.00000000	3.19881900
148.89999134	0.00000000	0.00000000	2.46063000
149.09999132	0.00000000	0.04306102	2.78051200
149.29999131	0.00000000	0.41830710	3.11269700
149.49999130	0.00000000	1.16264800	3.19881900
149.69999129	0.00000000	1.53789400	3.57406500
149.89999128	0.00000000	1.58095500	4.31840500
150.09999127	0.00000000	1.58095500	4.69365100
150.29999125	0.00000000	1.53789400	4.69365100
150.49999124	0.00000000	1.16264800	4.31840500
150.69999123	0.00000000	0.41830710	3.57406500
150.89999122	0.00000000	0.04306102	3.19881900
151.09999121	0.00000000	-0.04306102	3.15575800
151.29999119	0.00000000	-0.37524600	3.15575800
151.49999118	0.00000000	-0.74434050	3.15575800
151.69999117	0.00000000	-0.37524600	3.15575800
151.89999116	0.00000000	-0.04306102	3.15575800
152.09999115	0.00000000	0.00000000	3.15575800
152.29999113	0.00000000	0.04306102	3.15575800
152.49999112	0.00000000	0.41830710	3.15575800
152.69999111	0.00000000	1.11343500	3.15575800
152.89999110	0.00000000	1.16264800	3.15575800
153.09999109	0.00000000	0.79355310	3.15575800
153.29999108	0.00000000	0.78740150	3.19881900
153.49999106	0.00000000	0.37524600	3.53100400
153.69999105	0.00000000	0.04306102	3.90009800
153.89999104	0.00000000	-0.04306102	3.53100400
154.09999103	0.00000000	-0.41830710	3.24803100
154.29999102	0.00000000	-1.11343500	3.57406500
154.49999100	0.00000000	-1.11343500	4.26919300
154.69999099	0.00000000	-0.41830710	4.26919300
154.89999098	0.00000000	0.00000000	3.57406500
155.09999097	0.00000000	0.41830710	3.19881900
155.29999096	0.00000000	1.16264800	3.15575800
155.49999094	0.00000000	1.53789400	3.15575800
155.69999093	0.00000000	1.58095500	3.15575800
155.89999092	0.00000000	1.53789400	3.15575800
156.09999091	0.00000000	1.16264800	3.19881900
156.29999090	0.00000000	0.41830710	3.57406500
156.49999089	0.00000000	0.04306102	4.31840500
156.69999087	0.00000000	0.00000000	4.69365100
156.89999086	0.00000000	-0.04306102	4.69365100
157.09999085	0.00000000	-0.37524600	4.36146600
157.29999084	0.00000000	-0.74434050	3.94931100
157.49999083	0.00000000	-0.37524600	3.94315900
157.69999081	0.00000000	-0.04306102	3.53100400
157.89999080	0.00000000	0.00000000	3.15575800
158.09999079	0.00000000	0.04306102	2.78051200
158.29999078	0.00000000	0.41830710	2.41141700
158.49999077	0.00000000	1.16264800	2.78051200
158.69999075	0.00000000	1.53789400	3.11269700
158.89999074	0.00000000	1.58095500	3.19881900
159.09999073	0.00000000	1.53789400	3.57406500
159.29999072	0.00000000	1.16264800	4.26919300
159.49999071	0.00000000	0.41830710	4.31840500
159.69999070	0.00000000	0.00000000	3.99237200
159.89999068	0.00000000	-0.37524600	4.36146600
160.09999067	0.00000000	-0.74434050	4.64443900
160.29999066	0.00000000	-0.37524600	4.31840500
160.49999065	0.00000000	-0.04306102	3.57406500
160.69999064	0.00000000	0.00000000	3.19881900
160.89999062	0.00000000	0.00000000	3.15575800
161.09999061	0.00000000	0.00000000	3.15575800
161.29999060	0.00000000	0.00000000	3.15575800
161.49999059	0.00000000	0.04306102	3.15575800
161.69999058	0.00000000	0.37524600	3.15575800
161.89999056	0.00000000	0.78740150	3.15575800
162.09999055	0.00000000	0.79355310	3.15575800
162.29999054	0.00000000	1.16264800	3.15575800
162.49999053	0.00000000	1.16264800	3.15575800
162.69999052	0.00000000	0.79355310	3.15575800
162.89999051	0.00000000	0.78740150	3.19881900
163.09999049	0.00000000	0.37524600	3.53100400
163.29999048	0.00000000	0.04306102	3.90009800
163.49999047	0.00000000	0.00000000	3.53100400
163.69999046	0.00000000	0.00000000	3.19881900
163.89999045	0.00000000	0.00000000	3.15575800
164.09999043	0.00000000	0.00000000	3.15575800
164.29999042	0.00000000	0.04306102	3.15575800
164.49999041	0.00000000	0.41830710	3.15575800
164.69999040	0.00000000	1.16264800	3.15575800
164.89999039	0.00000000	1.53789400	3.15575800
165.09999037	0.00000000	1.53789400	3.15575800
165.29999036	0.00000000	1.20570900	3.15575800
165.49999035	0.00000000	0.79355310	3.15575800
165.69999034	0.00000000	0.78740150	3.15575800
165.89999033	0.00000000	0.37524600	3.15575800
166.09999032	0.00000000	0.04306102	3.15575800
166.29999030	0.00000000	0.00000000	3.15575800
166.49999029	0.00000000	0.00000000	3.15575800
166.69999028	0.00000000	0.00000000	3.15575800
166.89999027	0.00000000	0.00000000	3.15575800
167.09999026	0.00000000	0.04306102	3.15575800
167.29999024	0.00000000	0.37524600	3.15575800
167.49999023	0.00000000	0.78740150	3.15575800
167.69999022	0.00000000	0.75049200	3.15575800
167.89999021	0.00000000	0.83046260	3.15575800
168.09999020	0.00000000	0.75049200	3.15575800
168.29999018	0.00000000	0.78740150	3.15575800
168.49999017	0.00000000	0.37524600	3.15575800
168.69999016	0.00000000	0.04306102	3.15575800
168.89999015	0.00000000	0.00000000	3.15575800
169.09999014	0.00000000	0.00000000	3.15575800
169.29999013	0.00000000	0.00000000	3.15575800
169.49999011	0.00000000	0.00000000	3.15575800
169.69999010	0.00000000	0.00000000	3.15575800
169.89999009	0.00000000	0.00000000	3.15575800
170.09999008	0.00000000	0.00000000	3.15575800
170.29999007	0.00000000	0.00000000	3.15575800
170.49999005	0.00000000	0.00000000	3.15575800
170.69999004	0.00000000	0.04306102	3.15575800
170.89999003	0.00000000	0.37524600	3.15575800
171.09999002	0.00000000	0.78740150	3.15575800
171.29999001	0.00000000	0.79355310	3.15575800
171.49998999	0.00000000	1.20570900	3.15575800
171.69998998	0.00000000	1.48868100	3.15575800
171.89998997	0.00000000	1.16264800	3.15575800
172.09998996	0.00000000	0.41830710	3.15575800
172.29998995	0.00000000	0.04306102	3.15575800
172.49998994	0.00000000	0.00000000	3.15575800
172.69998992	0.00000000	0.00000000	3.15575800
172.89998991	0.00000000	0.00000000	3.15575800
173.09998990	0.00000000	0.00000000	3.15575800
173.29998989	0.00000000	0.04306102	3.15575800
173.49998988	0.00000000	0.37524600	3.15575800
173.69998986	0.00000000	0.74434050	3.15575800
173.89998985	0.00000000	0.41830710	3.15575800
174.09998984	0.00000000	0.41830710	3.15575800
174.29998983	0.00000000	0.78740150	3.15575800
174.49998982	0.00000000	0.75049200	3.15575800
174.69998980	0.00000000	0.78740150	3.15575800
174.89998979	0.00000000	0.37524600	3.15575800
175.09998978	0.00000000	0.04306102	3.15575800
175.29998977	0.00000000	0.04306102	3.15575800
175.49998976	0.00000000	0.37524600	3.15575800
175.69998975	0.00000000	0.74434050	3.15575800
175.89998973	0.00000000	0.37524600	3.19881900
176.09998972	0.00000000	0.04306102	3.53100400
176.29998971	0.00000000	0.00000000	3.90009800
176.49998970	0.00000000	0.00000000	3.53100400
176.69998969	0.00000000	0.00000000	3.19881900
176.89998967	0.00000000	0.00000000	3.15575800
177.09998966	0.00000000	0.04306102	3.15575800
177.29998965	0.00000000	0.37524600	3.15575800
177.49998964	0.00000000	0.74434050	3.15575800
177.69998963	0.00000000	0.37524600	3.15575800
177.89998961	0.00000000	0.04306102	3.15575800
178.09998960	0.00000000	0.00000000	3.15575800
178.29998959	0.00000000	0.00000000	3.15575800
178.49998958	0.00000000	0.00000000	3.15575800
178.69998957	0.00000000	0.00000000	3.15575800
178.89998956	0.00000000	0.00000000	3.15575800
179.09998954	0.00000000	0.00000000	3.15575800
179.29998953	0.00000000	0.00000000	3.15575800
179.49998952	0.00000000	0.00000000	3.15575800
179.69998951	0.00000000	0.04306102	3.15575800
179.89998950	0.00000000	0.41830710	3.15575800
180.09998948	0.00000000	1.11343500	3.11269700
180.29998947	0.00000000	1.11343500	2.78051200
180.49998946	0.00000000	0.41830710	2.41141700
180.69998945	0.00000000	0.04306102	2.78051200
180.89998944	0.00000000	0.00000000	3.11269700
181.09998942	0.00000000	0.00000000	3.15575800
181.29998941	0.00000000	0.00000000	3.19881900
181.49998940	0.00000000	0.04306102	3.53100400
181.69998939	0.00000000	0.37524600	3.90009800
181.89998938	0.00000000	0.78740150	3.53100400
182.09998937	0.00000000	0.79355310	3.19881900
182.29998935	0.00000000	1.16264800	3.15575800
182.49998934	0.00000000	1.16264800	3.15575800
182.69998933	0.00000000	0.83661410	3.15575800
182.89998932	0.00000000	1.16264800	3.15575800
183.09998931	0.00000000	1.16264800	3.15575800
183.29998929	0.00000000	0.79355310	3.15575800
183.49998928	0.00000000	0.78740150	3.15575800
183.69998927	0.00000000	0.37524600	3.15575800
183.89998926	0.00000000	0.04306102	3.15575800
184.09998925	0.00000000	0.00000000	3.19881900
184.29998923	0.00000000	0.00000000	3.57406500
184.49998922	0.00000000	0.00000000	4.31840500
184.69998921	0.00000000	0.00000000	4.69365100
184.89998920	0.00000000	0.04306102	4.69365100
185.09998919	0.00000000	0.41830710	4.31840500
185.29998918	0.00000000	1.11343500	3.57406500
185.49998916	0.00000000	1.16264800	3.19881900
185.69998915	0.00000000	0.83661410	3.15575800
185.89998914	0.00000000	1.20570900	3.15575800
186.09998913	0.00000000	1.53789400	3.15575800
186.29998912	0.00000000	1.58095500	3.15575800
186.49998910	0.00000000	1.53789400	3.15575800
186.69998909	0.00000000	1.16264800	3.15575800
186.89998908	0.00000000	0.41830710	3.19881900
187.09998907	0.00000000	0.04306102	3.57406500
187.29998906	0.00000000	0.00000000	4.31840500
187.49998904	0.00000000	0.00000000	4.69365100
187.69998903	0.00000000	0.00000000	4.73671200
187.89998902	0.00000000	0.00000000	4.69365100
188.09998901	0.00000000	0.04306102	4.31840500
188.29998900	0.00000000	0.41830710	3.57406500
188.49998899	0.00000000	1.16264800	3.19881900
188.69998897	0.00000000	1.53789400	3.15575800
188.89998896	0.00000000	1.58095500	3.15575800
189.09998895	0.00000000	1.58095500	3.15575800
189.29998894	0.00000000	1.53789400	3.15575800
189.49998893	0.00000000	1.16264800	3.15575800
189.69998891	0.00000000	0.41830710	3.15575800
189.89998890	0.00000000	0.04306102	3.19881900
190.09998889	0.00000000	0.04306102	3.57406500
190.29998888	0.00000000	0.37524600	4.26919300
190.49998887	0.00000000	0.74434050	4.31840500
190.69998885	0.00000000	0.37524600	3.99237200
190.89998884	0.00000000	0.09227362	4.31840500
191.09998883	0.00000000	0.41830710	4.26919300
191.29998882	0.00000000	1.16264800	3.57406500
191.49998881	0.00000000	1.53789400	3.19881900
191.69998880	0.00000000	1.58095500	3.15575800
191.89998878	0.00000000	1.53789400	3.15575800
192.09998877	0.00000000	1.16264800	3.15575800
192.29998876	0.00000000	0.41830710	3.15575800
192.49998875	0.00000000	0.04306102	3.15575800
192.69998874	0.00000000	0.00000000	3.15575800
192.89998872	0.00000000	0.00000000	3.15575800
193.09998871	0.00000000	0.00000000	3.15575800
193.29998870	0.00000000	0.00000000	3.15575800
193.49998869	0.00000000	0.00000000	3.15575800
193.69998868	0.00000000	0.00000000	3.15575800
193.89998866	0.00000000	0.04306102	3.15575800
194.09998865	0.00000000	0.41830710	3.19881900
194.29998864	0.00000000	1.16264800	3.57406500
194.49998863	0.00000000	1.53789400	4.31840500
194.69998862	0.00000000	1.58095500	4.64443900
194.89998861	0.00000000	1.58095500	4.36146600
195.09998859	0.00000000	1.58095500	3.94931100
195.29998858	0.00000000	1.53789400	3.94315900
195.49998857	0.00000000	1.16264800	3.53100400
195.69998856	0.00000000	0.41830710	3.19881900
195.89998855	0.00000000	0.04306102	3.15575800
196.09998853	0.00000000	0.00000000	3.15575800
