Time	Channel A	Channel B	Channel C
(us)	(V)	(mV)	(mV)

-4.49999956	0.00000000	-0.37524600	-6.72982200
-4.29999957	0.00000000	-0.74434050	-6.35457700
-4.09999958	0.00000000	-0.37524600	-6.31151500
-3.89999959	0.00000000	-0.04306102	-6.31151500
-3.69999960	0.00000000	0.00000000	-6.31151500
-3.49999962	0.00000000	0.00000000	-6.31151500
-3.29999963	0.00000000	0.00000000	-6.31151500
-3.09999964	0.00000000	0.00000000	-6.31151500
-2.89999965	0.00000000	0.00000000	-6.35457700
-2.69999966	0.00000000	0.00000000	-6.68676100
-2.49999968	0.00000000	-0.04306102	-7.05585600
-2.29999969	0.00000000	-0.37524600	-6.68676100
-2.09999970	0.00000000	-0.74434050	-6.35457700
-1.89999971	0.00000000	-0.37524600	-6.31151500
-1.69999972	0.00000000	-0.04306102	-6.35457700
-1.49999973	0.00000000	0.00000000	-6.72982200
-1.29999975	0.00000000	-0.04306102	-7.42495000
-1.09999976	0.00000000	-0.37524600	-7.42495000
-0.89999977	0.00000000	-0.74434050	-6.77903500
-0.69999978	0.00000000	-0.37524600	-6.72982200
-0.49999979	0.00000000	-0.04306102	-7.05585600
-0.29999981	0.31803640	0.00000000	-6.68676100
-0.09999982	0.63668800	0.00000000	-6.35457700
0.10000017	0.95533960	-0.04306102	-6.35457700
0.30000016	1.11466500	-0.37524600	-6.68676100
0.50000015	0.79601380	-0.74434050	-7.05585600
0.70000013	0.31803640	-0.37524600	-6.72982200
0.90000012	-0.47736220	-0.09227362	-6.72982200
1.10000011	-1.43331700	-0.37524600	-7.09891700
1.30000010	-2.22994600	-0.74434050	-7.06200700
1.50000009	-2.70792300	-0.37524600	-7.09891700
1.70000008	-2.54859700	-0.04306102	-6.68676100
1.90000006	-1.43331700	0.00000000	-6.35457700
2.10000005	0.31803640	0.00000000	-6.31151500
2.30000004	2.38927200	0.00000000	-6.31151500
2.50000003	4.30056600	0.00000000	-6.35457700
2.70000002	5.25652100	-0.04306102	-6.72982200
2.90000000	4.93786900	-0.41830710	-7.47416300
3.09999999	3.18590100	-1.11343500	-7.84940900
3.29999998	0.15871060	-1.11343500	-7.89247000
3.49999997	-3.18590100	-0.46751960	-7.89247000
3.69999996	-6.21247500	-0.41830710	-7.84940900
3.89999994	-7.80511800	-0.74434050	-7.47416300
4.09999993	-7.64579200	-0.37524600	-6.72982200
4.29999992	-5.41584600	-0.04306102	-6.35457700
4.49999991	-1.43331700	0.00000000	-6.31151500
4.69999990	3.02657500	0.00000000	-6.31151500
4.89999989	6.84916400	0.00000000	-6.31151500
5.09999987	9.23905000	-0.04306102	-6.35457700
5.29999986	9.23905000	-0.37524600	-6.72982200
5.49999985	6.84916400	-0.78740150	-7.51722400
5.69999984	2.70792300	-0.75049200	-8.22465500
5.89999983	-1.91129400	-0.78740150	-8.63681000
6.09999981	-6.21247500	-0.37524600	-8.22465500
6.29999980	-8.92039900	-0.04306102	-7.51722400
6.49999979	-9.39837600	0.00000000	-6.72982200
6.69999978	-7.32714100	0.00000000	-6.35457700
6.89999977	-3.82258900	0.00000000	-6.31151500
7.09999975	0.47736220	0.00000000	-6.31151500
7.29999974	4.45989200	0.00000000	-6.31151500
7.49999973	7.16781500	0.00000000	-6.35457700
7.69999972	7.80511800	0.00000000	-6.68676100
7.89999971	6.37180100	0.00000000	-7.09891700
8.09999970	3.82258900	-0.04306102	-7.10506800
8.29999968	0.47736220	-0.41830710	-7.47416300
8.49999967	-2.54859700	-1.11343500	-7.47416300
8.69999966	-4.61921700	-1.11343500	-7.10506800
8.89999965	-5.25652100	-0.41830710	-7.09891700
9.09999964	-4.45989200	-0.04306102	-6.68676100
9.29999962	-2.86724900	-0.04306102	-6.35457700
9.49999961	-0.79601380	-0.37524600	-6.31151500
9.69999960	0.95533960	-0.74434050	-6.31151500
9.89999959	2.07062000	-0.41830710	-6.35457700
10.09999958	2.54859700	-0.41830710	-6.72982200
10.29999956	2.22994600	-0.74434050	-7.47416300
10.49999955	1.43331700	-0.37524600	-7.80019600
10.69999954	0.63668800	-0.04306102	-7.51722400
10.89999953	-0.15871060	0.00000000	-7.14812900
11.09999952	-0.63668800	-0.04306102	-7.47416300
11.29999951	-0.95533960	-0.41830710	-7.47416300
11.49999949	-0.95533960	-1.11343500	-7.10506800
11.69999948	-0.79601380	-1.16264800	-7.09891700
11.89999947	-0.47736220	-0.79355310	-6.68676100
12.09999946	-0.15871060	-0.78740150	-6.35457700
12.29999945	-0.15871060	-0.41830710	-6.35457700
12.49999943	-0.15871060	-0.46751960	-6.68676100
12.69999942	0.00000000	-1.11343500	-7.09891700
12.89999941	0.00000000	-1.11343500	-7.06200700
13.09999940	0.00000000	-0.46751960	-7.14197800
13.29999939	0.00000000	-0.41830710	-7.10506800
13.49999937	0.00000000	-0.74434050	-7.51722400
13.69999936	0.00000000	-0.37524600	-7.80019600
13.89999935	0.00000000	-0.04306102	-7.47416300
14.09999934	-0.15871060	0.00000000	-6.72982200
14.29999933	-0.15871060	0.00000000	-6.35457700
14.49999932	-0.15871060	0.00000000	-6.31151500
14.69999930	0.00000000	-0.04306102	-6.35457700
14.89999929	0.00000000	-0.37524600	-6.68676100
15.09999928	0.00000000	-0.78740150	-7.09891700
15.29999927	0.00000000	-0.75049200	-7.06200700
15.49999926	0.00000000	-0.83046260	-7.14197800
15.69999924	0.00000000	-0.79355310	-7.06200700
15.89999923	0.00000000	-1.16264800	-7.09891700
16.09999922	0.00000000	-1.16264800	-6.68676100
16.29999921	0.00000000	-0.79355310	-6.40378900
16.49999920	0.00000000	-0.78740150	-6.68676100
16.69999919	-0.15871060	-0.37524600	-7.09891700
16.89999917	-0.15871060	0.00000000	-7.06200700
17.09999916	0.00000000	0.41830710	-7.09891700
17.29999915	0.00000000	1.16264800	-6.68676100
17.49999914	0.00000000	1.53789400	-6.35457700
17.69999913	0.00000000	1.53789400	-6.31151500
17.89999911	0.00000000	1.11343500	-6.35457700
18.09999910	0.00000000	-0.04306102	-6.68676100
18.29999909	0.00000000	-1.58095500	-7.05585600
18.49999908	0.00000000	-3.16190900	-6.68676100
18.69999907	0.00000000	-4.69980300	-6.40378900
18.89999905	0.00000000	-5.81323800	-6.72982200
19.09999904	0.00000000	-5.81323800	-7.42495000
19.29999903	0.00000000	-4.60752900	-7.42495000
19.49999902	0.00000000	-2.27608300	-6.77903500
19.69999901	0.00000000	1.24877000	-6.72982200
19.89999900	0.00000000	5.07504900	-7.05585600
20.09999898	0.00000000	8.55684000	-6.72982200
20.29999897	0.00000000	10.42077000	-6.72982200
20.49999896	0.00000000	10.00246000	-7.09891700
20.69999895	0.00000000	6.84055100	-7.10506800
20.89999894	0.00000000	1.02731300	-7.47416300
21.09999892	0.00000000	-6.36687900	-7.47416300
21.29999891	0.00000000	-14.05020000	-7.14812900
21.49999890	0.00000000	-20.14025000	-7.51722400
21.69999889	0.00000000	-22.00418000	-7.84940900
21.89999888	0.00000000	-18.89148000	-7.89247000
22.09999886	0.00000000	-11.07283000	-7.89247000
22.29999885	0.00000000	0.51058070	-7.89247000
22.49999884	0.00000000	13.25664000	-7.84940900
22.69999883	0.00000000	24.05266000	-7.51722400
22.89999882	0.00000000	30.56102000	-7.10506800
23.09999881	0.00000000	30.42569000	-7.09891700
23.29999879	0.00000000	22.65625000	-6.68676100
23.49999878	0.00000000	8.32923100	-6.31151500
23.69999877	0.00000000	-9.44266700	-5.89320800
23.89999876	0.00000000	-26.79626000	-5.15501900
24.09999875	0.00000000	-39.45005000	-4.82898600
24.29999873	0.00000000	-43.68848000	-5.15501900
24.49999872	0.00000000	-38.20128000	-5.98548200
24.69999871	0.00000000	-23.86811000	-7.14812900
24.89999870	0.00000000	-2.98351400	-9.09817800
25.09999869	0.00000000	19.35285000	-10.96211000
25.29999867	0.00000000	37.91830000	-12.11860000
25.49999866	0.00000000	48.29601000	-12.11860000
25.69999865	0.00000000	47.82849000	-10.96211000
25.89999864	0.00000000	35.86983000	-8.96284400
26.09999863	0.00000000	14.98524000	-5.80093500
26.29999862	0.00000000	-9.68257800	-1.62401600
26.49999860	0.00000000	-32.88632000	2.18380900
26.69999859	0.00000000	-48.67126000	4.09079700
26.89999858	0.00000000	-53.73400000	3.71555100
27.09999857	0.00000000	-46.75812000	0.89197830
27.29999856	0.00000000	-29.44759000	-4.50295200
27.49999854	0.00000000	-6.23154500	-11.87869000
27.69999853	0.00000000	17.72884000	-19.13755000
27.89999852	0.00000000	37.40772000	-24.93848000
28.09999851	0.00000000	47.87770000	-27.17766000
28.29999850	0.00000000	47.17643000	-25.22145000
28.49999848	0.00000000	36.38041000	-19.00221000
28.69999847	0.00000000	17.82111000	-9.29502900
28.89999846	0.00000000	-4.14616100	1.90698800
29.09999845	0.00000000	-24.28642000	12.72761000
29.29999844	0.00000000	-38.24434000	20.35556000
29.49999843	0.00000000	-43.73154000	22.63164000
29.69999841	0.00000000	-39.87451000	18.31324000
29.89999840	0.00000000	-27.95891000	7.85556000
30.09999839	0.00000000	-10.97441000	-6.82209600
30.29999838	0.00000000	6.79749000	-22.61934000
30.49999837	0.00000000	21.58587000	-35.72219000
30.69999835	0.00000000	30.93627000	-43.02411000
30.89999834	0.00000000	33.67987000	-42.59965000
31.09999833	0.00000000	29.40452000	-34.14739000
31.29999832	0.00000000	18.97761000	-19.83883000
31.49999831	0.00000000	4.74286400	-2.82972400
31.69999829	0.00000000	-9.53494100	13.79798000
31.89999828	0.00000000	-20.47244000	26.16265000
32.09999827	0.00000000	-26.70398000	31.96973000
32.29999826	0.00000000	-27.49138000	29.97047000
32.49999825	0.00000000	-22.51476000	19.93110000
32.69999824	0.00000000	-13.63189000	4.09079700
32.89999822	0.00000000	-2.78666300	-14.03174000
33.09999821	0.00000000	8.00319800	-30.65945000
33.29999820	0.00000000	15.77264000	-41.86147000
33.49999819	0.00000000	19.30979000	-45.76156000
33.69999818	0.00000000	18.51624000	-41.52928000
33.89999816	0.00000000	13.12131000	-30.33341000
34.09999815	0.00000000	4.69980300	-14.85605000
34.29999814	0.00000000	-4.14616100	2.14074800
34.49999813	0.00000000	-11.16511000	16.77534000
34.69999812	0.00000000	-15.02830000	25.69513000
34.89999810	0.00000000	-15.44045000	27.27608000
35.09999809	0.00000000	-11.95866000	21.51206000
35.29999808	0.00000000	-5.90551100	9.94094400
35.49999807	0.00000000	0.69512790	-4.73671200
35.69999806	0.00000000	6.09621000	-19.37131000
35.89999805	0.00000000	9.58415200	-30.56717000
36.09999803	0.00000000	9.95939900	-35.58686000
36.29999802	0.00000000	7.30807100	-33.72293000
36.49999801	0.00000000	2.69439000	-25.63976000
36.69999800	0.00000000	-2.69439000	-13.74262000
36.89999799	0.00000000	-7.30807100	-1.06422200
37.09999797	0.00000000	-10.00246000	8.96899500
37.29999796	0.00000000	-10.00246000	13.98868000
37.49999795	0.00000000	-7.35113100	13.23819000
37.69999794	0.00000000	-3.11884800	6.74212600
37.89999793	0.00000000	1.53789400	-3.15575800
38.09999791	0.00000000	5.77017700	-13.14591000
38.29999790	0.00000000	8.46456700	-20.48474000
38.49999789	0.00000000	8.88902600	-23.55438000
38.69999788	0.00000000	7.30807100	-21.60433000
38.89999787	0.00000000	3.81397600	-14.72687000
39.09999786	0.00000000	-1.16264800	-5.19808000
39.29999784	0.00000000	-5.77017700	3.58021600
39.49999783	0.00000000	-8.93208600	8.96899500
39.69999782	0.00000000	-10.51304000	9.34424200
39.89999781	0.00000000	-10.46998000	4.74286400
40.09999780	0.00000000	-8.55684000	-3.70939900
40.29999778	0.00000000	-5.07504900	-13.65650000
40.49999777	0.00000000	-1.20570900	-22.06570000
40.69999776	0.00000000	2.74360200	-26.29183000
40.89999775	0.00000000	6.18848400	-25.13533000
41.09999774	0.00000000	8.51377900	-19.04527000
41.29999772	0.00000000	8.88902600	-9.80561000
41.49999771	0.00000000	7.35113100	-0.17839570
41.69999770	0.00000000	4.23228400	7.89862200
41.89999769	0.00000000	0.00000000	12.08169000
42.09999768	0.00000000	-4.23228400	10.96826000
42.29999767	0.00000000	-7.35113100	5.25344500
42.49999765	0.00000000	-8.93208600	-3.20497000
42.69999764	0.00000000	-8.97514600	-12.03248000
42.89999763	0.00000000	-7.81250000	-19.00221000
43.09999762	0.00000000	-5.85629900	-22.48400000
43.29999761	0.00000000	-3.11884800	-22.15797000
43.49999759	0.00000000	-0.09227362	-18.30093000
43.69999758	0.00000000	2.27608300	-12.21087000
43.89999757	0.00000000	3.44488200	-5.66560000
44.09999756	0.00000000	3.90625000	-0.59670270
44.29999755	0.00000000	3.49409400	2.51599400
44.49999753	0.00000000	2.78666300	3.29724400
44.69999752	0.00000000	1.99926200	1.39640700
44.89999751	0.00000000	1.58095500	-2.04232300
45.09999750	0.00000000	1.16264800	-6.26845500
45.29999749	0.00000000	0.33218500	-10.11934000
45.49999748	0.00000000	-0.83661410	-12.45079000
45.69999746	0.00000000	-2.82972400	-13.28125000
45.89999745	0.00000000	-5.16117100	-12.53691000
46.09999744	0.00000000	-7.86171200	-11.00517000
46.29999743	0.00000000	-10.09473000	-9.05511800
46.49999742	0.00000000	-10.46998000	-6.72982200
46.69999740	0.00000000	-8.88902600	-4.82283400
46.89999739	0.00000000	-5.35187000	-3.62327700
47.09999738	0.00000000	0.04306102	-3.24803100
47.29999737	0.00000000	5.85629900	-3.62327700
47.49999736	0.00000000	10.88829000	-4.82283400
47.69999734	0.00000000	14.27780000	-6.72982200
47.89999733	0.00000000	14.23474000	-9.05511800
48.09999732	0.00000000	10.37771000	-10.96211000
48.29999731	0.00000000	3.77091500	-12.11860000
48.49999730	0.00000000	-4.69980300	-12.07554000
48.69999729	0.00000000	-12.78912000	-10.53765000
48.89999727	0.00000000	-18.19021000	-7.84940900
49.09999726	0.00000000	-20.09719000	-4.77977300
49.29999725	0.00000000	-17.31053000	-2.08538400
49.49999724	0.00000000	-10.04552000	-0.55364170
49.69999723	0.00000000	-0.41830710	-0.51058070
49.89999721	0.00000000	8.83981200	-1.71013800
50.09999720	0.00000000	15.77264000	-4.08464600
50.29999719	0.00000000	18.46703000	-7.89247000
50.49999718	0.00000000	16.19094000	-11.70029000
50.69999717	0.00000000	10.04552000	-14.07480000
50.89999715	0.00000000	1.53789400	-15.23130000
51.09999714	0.00000000	-7.30807100	-14.76993000
51.29999713	0.00000000	-14.23474000	-12.07554000
51.49999712	0.00000000	-17.31053000	-7.89247000
51.69999711	0.00000000	-15.85876000	-3.66633800
51.89999710	0.00000000	-10.83907000	-0.55364170
52.09999708	0.00000000	-3.90625000	1.02116100
52.29999707	0.00000000	3.81397600	0.97810030
52.49999706	0.00000000	9.91018600	-0.92888770
52.69999705	0.00000000	12.61073000	-4.40452700
52.89999704	0.00000000	11.11590000	-8.22465500
53.09999702	0.00000000	6.14542300	-11.70029000
53.29999701	0.00000000	-0.41830710	-13.65650000
53.49999700	0.00000000	-7.30807100	-14.07480000
53.69999699	0.00000000	-12.27854000	-13.28125000
53.89999698	0.00000000	-13.44734000	-10.96211000
54.09999696	0.00000000	-11.20817000	-7.93553100
54.29999695	0.00000000	-6.18848400	-5.24729300
54.49999694	0.00000000	-0.09227362	-3.70939900
54.69999693	0.00000000	5.35187000	-3.66633800
54.89999692	0.00000000	8.79675100	-4.82283400
55.09999691	0.00000000	9.53494100	-6.72982200
55.29999689	0.00000000	6.88361200	-8.96284400
55.49999688	0.00000000	1.91314000	-10.07628000
55.69999687	0.00000000	-3.44488200	-9.38115100
55.89999686	0.00000000	-8.08932000	-7.84940900
56.09999685	0.00000000	-10.37771000	-5.89320800
56.29999683	0.00000000	-10.04552000	-3.66633800
56.49999682	0.00000000	-7.35113100	-2.59596400
56.69999681	0.00000000	-3.16190900	-3.70939900
56.89999680	0.00000000	1.11343500	-6.36072800
57.09999679	0.00000000	4.60752900	-9.47342500
57.29999677	0.00000000	6.88361200	-12.53691000
57.49999676	0.00000000	6.88361200	-14.81299000
57.69999675	0.00000000	4.65059000	-15.18824000
57.89999674	0.00000000	1.58095500	-13.60728000
58.09999673	0.00000000	-1.53789400	-10.07628000
58.29999672	0.00000000	-4.23228400	-4.69365100
58.49999670	0.00000000	-5.77017700	0.97810030
58.69999669	0.00000000	-5.81323800	4.78592500
58.89999668	0.00000000	-4.65059000	5.20423200
59.09999667	0.00000000	-2.74360200	2.51599400
59.29999666	0.00000000	-0.46751960	-2.55290300
59.49999664	0.00000000	1.07037400	-9.47342500
59.69999663	0.00000000	1.53789400	-16.35089000
59.89999662	0.00000000	1.53789400	-20.95226000
60.09999661	0.00000000	1.11343500	-22.10876000
60.29999660	0.00000000	0.00000000	-19.42052000
60.49999658	0.00000000	-1.11343500	-13.65650000
60.69999657	0.00000000	-1.53789400	-6.31766700
60.89999656	0.00000000	-1.53789400	1.02116100
61.09999655	0.00000000	-1.16264800	6.74212600
61.29999654	0.00000000	-0.41830710	9.06126900
61.49999653	0.00000000	-0.04306102	7.16043300
61.69999651	0.00000000	0.00000000	2.14074800
61.89999650	0.00000000	-0.04306102	-5.24729300
62.09999649	0.00000000	-0.46751960	-13.65650000
62.29999648	0.00000000	-1.62401600	-20.57702000
62.49999647	0.00000000	-3.11884800	-24.06496000
62.69999645	0.00000000	-4.27534400	-23.68971000
62.89999644	0.00000000	-4.65059000	-19.46358000
63.09999643	0.00000000	-4.27534400	-12.54306000
63.29999642	0.00000000	-3.06963600	-4.82898600
63.49999641	0.00000000	-1.16264800	2.14074800
63.69999639	0.00000000	1.11343500	6.74212600
63.89999638	0.00000000	2.65132900	7.94783400
64.09999637	0.00000000	3.02657500	5.62253900
64.29999636	0.00000000	2.27608300	0.64591530
64.49999635	0.00000000	0.37524600	-5.94242000
64.69999634	0.00000000	-1.53789400	-12.45079000
64.89999632	0.00000000	-3.11884800	-17.50738000
65.09999631	0.00000000	-4.27534400	-19.83883000
65.29999630	0.00000000	-4.65059000	-19.50664000
65.49999629	0.00000000	-4.23228400	-16.81225000
65.69999628	0.00000000	-2.69439000	-12.58612000
65.89999626	0.00000000	-0.46751960	-7.93553100
66.09999625	0.00000000	1.07037400	-3.66633800
66.29999624	0.00000000	1.48868100	-0.51058070
66.49999623	0.00000000	1.11343500	1.43946800
66.69999622	0.00000000	-0.04306102	2.22687000
66.89999620	0.00000000	-1.58095500	1.43946800
67.09999619	0.00000000	-3.11884800	-0.46751960
67.29999618	0.00000000	-4.23228400	-3.19881900
67.49999617	0.00000000	-4.18922200	-6.31151500
67.69999616	0.00000000	-2.69439000	-9.47342500
67.89999615	0.00000000	-0.37524600	-12.58612000
68.09999613	0.00000000	1.91314000	-15.27436000
68.29999612	0.00000000	3.85703700	-16.81225000
68.49999611	0.00000000	4.56446800	-16.81225000
68.69999610	0.00000000	3.77091500	-15.23130000
68.89999609	0.00000000	1.02731300	-12.11860000
69.09999607	0.00000000	-3.16190900	-7.84940900
69.29999606	0.00000000	-7.35113100	-3.20497000
69.49999605	0.00000000	-10.09473000	1.02116100
69.69999604	0.00000000	-10.83907000	3.71555100
69.89999603	0.00000000	-9.67027500	4.09079700
70.09999601	0.00000000	-6.14542300	2.18380900
70.29999600	0.00000000	-1.16264800	-1.71013800
70.49999599	0.00000000	4.27534400	-6.72982200
70.69999598	0.00000000	8.83981200	-12.11860000
70.89999597	0.00000000	11.16511000	-16.35089000
71.09999596	0.00000000	10.37771000	-18.30093000
71.29999594	0.00000000	6.93282500	-17.92569000
71.49999593	0.00000000	1.48868100	-15.23130000
71.69999592	0.00000000	-4.65059000	-11.00517000
71.89999591	0.00000000	-10.04552000	-6.35457700
72.09999590	0.00000000	-13.16437000	-2.12844500
72.29999588	0.00000000	-13.58268000	0.60285430
72.49999587	0.00000000	-11.62648000	1.39640700
72.69999586	0.00000000	-7.35113100	0.60285430
72.89999585	0.00000000	-1.58095500	-2.08538400
73.09999584	0.00000000	4.18922200	-5.85014700
73.29999582	0.00000000	8.46456700	-8.91978400
73.49999581	0.00000000	10.37771000	-10.53765000
73.69999580	0.00000000	9.62721400	-10.95595000
73.89999579	0.00000000	6.18848400	-10.58686000
74.09999578	0.00000000	1.58095500	-9.42421200
74.29999577	0.00000000	-3.11884800	-7.93553100
74.49999575	0.00000000	-7.35113100	-6.82209600
74.69999574	0.00000000	-10.04552000	-6.82209600
74.89999573	0.00000000	-10.46998000	-7.93553100
75.09999572	0.00000000	-8.93208600	-9.42421200
75.29999571	0.00000000	-5.85629900	-10.53765000
75.49999569	0.00000000	-2.04847400	-10.53765000
75.69999568	0.00000000	1.07037400	-9.33809000
75.89999567	0.00000000	3.02657500	-7.01279500
76.09999566	0.00000000	3.81397600	-3.57406500
76.29999565	0.00000000	3.11884800	-0.59670270
76.49999563	0.00000000	1.95620100	0.60285430
76.69999562	0.00000000	0.78740150	-0.17839570
76.89999561	0.00000000	-0.74434050	-2.50369100
77.09999560	0.00000000	-1.48868100	-6.40378900
77.29999559	0.00000000	-1.58095500	-11.00517000
77.49999558	0.00000000	-1.58095500	-15.23130000
77.69999556	0.00000000	-1.62401600	-17.92569000
77.89999555	0.00000000	-1.99926200	-18.30093000
78.09999554	0.00000000	-2.74360200	-16.35089000
78.29999553	0.00000000	-3.16190900	-12.07554000
78.49999552	0.00000000	-3.58021600	-6.36072800
78.69999550	0.00000000	-4.27534400	-0.92888770
78.89999549	0.00000000	-4.23228400	2.93430100
79.09999548	0.00000000	-3.06963600	4.87819900
79.29999547	0.00000000	-1.16264800	4.09079700
79.49999546	0.00000000	1.16264800	1.02116100
79.69999544	0.00000000	3.02657500	-3.62327700
79.89999543	0.00000000	3.85703700	-9.00590400
80.09999542	0.00000000	3.44488200	-13.65650000
80.29999541	0.00000000	2.27608300	-16.76919000
80.49999540	0.00000000	-0.09227362	-17.92569000
80.69999539	0.00000000	-3.11884800	-16.76919000
80.89999537	0.00000000	-5.81323800	-13.74262000
81.09999536	0.00000000	-7.35113100	-9.84867000
81.29999535	0.00000000	-7.35113100	-5.98548200
81.49999534	0.00000000	-5.81323800	-2.46063000
81.69999533	0.00000000	-3.16190900	-0.13533460
81.89999531	0.00000000	-0.46751960	1.06422200
82.09999530	0.00000000	1.53789400	1.02116100
82.29999529	0.00000000	3.06963600	-0.46751960
82.49999528	0.00000000	3.81397600	-2.82972400
82.69999527	0.00000000	3.02657500	-5.57332700
82.89999525	0.00000000	1.16264800	-9.05511800
83.09999524	0.00000000	-1.16264800	-12.11860000
83.29999523	0.00000000	-3.06963600	-14.11786000
83.49999522	0.00000000	-4.27534400	-15.27436000
83.69999521	0.00000000	-4.65059000	-15.23130000
83.89999520	0.00000000	-4.32455700	-13.69956000
84.09999518	0.00000000	-3.53715500	-10.96211000
84.29999517	0.00000000	-2.78666300	-7.47416300
84.49999516	0.00000000	-1.99926200	-3.62327700
84.69999515	0.00000000	-1.62401600	-0.51058070
84.89999514	0.00000000	-1.58095500	1.39640700
85.09999512	0.00000000	-1.58095500	1.76550200
85.29999511	0.00000000	-1.53789400	-0.17839570
85.49999510	0.00000000	-1.16264800	-3.62327700
85.69999509	0.00000000	-0.41830710	-7.89247000
85.89999508	0.00000000	-0.04306102	-12.11860000
86.09999506	0.00000000	0.00000000	-15.23130000
86.29999505	0.00000000	-0.04306102	-16.76919000
86.49999504	0.00000000	-0.46751960	-16.39395000
86.69999503	0.00000000	-1.62401600	-14.03174000
86.89999502	0.00000000	-3.11884800	-10.16855000
87.09999501	0.00000000	-4.27534400	-5.15501900
87.29999499	0.00000000	-4.69980300	-0.59670270
87.49999498	0.00000000	-4.69980300	2.09153500
87.69999497	0.00000000	-4.23228400	2.14074800
87.89999496	0.00000000	-2.69439000	-0.13533460
88.09999495	0.00000000	-0.41830710	-3.62327700
88.29999493	0.00000000	1.44562000	-7.89247000
88.49999492	0.00000000	2.27608300	-12.11860000
88.69999491	0.00000000	1.91314000	-15.18824000
88.89999490	0.00000000	1.16264800	-16.30167000
89.09999489	0.00000000	-0.04306102	-14.76993000
89.29999487	0.00000000	-1.58095500	-10.95595000
89.49999486	0.00000000	-3.11884800	-6.35457700
89.69999485	0.00000000	-4.27534400	-2.08538400
89.89999484	0.00000000	-4.65059000	0.97810030
90.09999483	0.00000000	-4.27534400	2.09153500
90.29999482	0.00000000	-3.11884800	0.55979330
90.49999480	0.00000000	-1.62401600	-3.24803100
90.69999479	0.00000000	-0.46751960	-7.84940900
90.89999478	0.00000000	-0.04306102	-12.11860000
91.09999477	0.00000000	0.00000000	-15.18824000
91.29999476	0.00000000	-0.04306102	-16.30167000
91.49999474	0.00000000	-0.41830710	-14.76993000
91.69999473	0.00000000	-1.16264800	-10.95595000
91.89999472	0.00000000	-1.53789400	-6.35457700
92.09999471	0.00000000	-1.58095500	-2.12844500
92.29999470	0.00000000	-1.58095500	0.55979330
92.49999468	0.00000000	-1.58095500	0.93503930
92.69999467	0.00000000	-1.62401600	-0.97194880
92.89999466	0.00000000	-1.99926200	-4.82898600
93.09999465	0.00000000	-2.78666300	-9.43036400
93.29999464	0.00000000	-3.53715500	-13.61343000
93.49999463	0.00000000	-4.27534400	-15.88336000
93.69999461	0.00000000	-4.23228400	-15.14518000
93.89999460	0.00000000	-3.11884800	-12.11860000
94.09999459	0.00000000	-1.58095500	-7.89247000
94.29999458	0.00000000	0.00000000	-3.66633800
94.49999457	0.00000000	1.58095500	-0.55364170
94.69999455	0.00000000	3.11884800	0.97810030
94.89999454	0.00000000	4.18922200	0.51673230
95.09999453	0.00000000	3.77091500	-2.55290300
95.29999452	0.00000000	1.48868100	-7.43110200
95.49999451	0.00000000	-1.53789400	-11.65723000
95.69999449	0.00000000	-4.32455700	-14.03174000
95.89999448	0.00000000	-6.65600300	-14.81299000
96.09999447	0.00000000	-8.55684000	-13.65650000
96.29999446	0.00000000	-8.88902600	-10.96211000
96.49999445	0.00000000	-7.39419200	-7.51722400
96.69999444	0.00000000	-4.65059000	-4.08464600
96.89999442	0.00000000	-1.16264800	-2.17150600
97.09999441	0.00000000	2.69439000	-2.08538400
97.29999440	0.00000000	5.77017700	-3.24803100
97.49999439	0.00000000	7.30807100	-5.15501900
97.69999438	0.00000000	6.93282500	-7.47416300
97.89999436	0.00000000	4.60752900	-9.38115100
98.09999435	0.00000000	1.16264800	-10.58686000
98.29999434	0.00000000	-2.74360200	-10.95595000
98.49999433	0.00000000	-6.23154500	-10.58686000
98.69999432	0.00000000	-8.93208600	-9.42421200
98.89999430	0.00000000	-10.09473000	-7.93553100
99.09999429	0.00000000	-9.30733200	-6.77903500
99.29999428	0.00000000	-7.01894700	-6.35457700
99.49999427	0.00000000	-3.53715500	-6.31151500
99.69999426	0.00000000	-0.04306102	-6.31151500
99.89999425	0.00000000	3.06963600	-6.31151500
100.09999423	0.00000000	5.39493100	-6.26845500
100.29999422	0.00000000	6.14542300	-5.89320800
100.49999421	0.00000000	5.39493100	-5.15501900
100.69999420	0.00000000	3.06963600	-4.82898600
100.89999419	0.00000000	0.00000000	-5.19808000
101.09999417	0.00000000	-3.11884800	-6.36072800
101.29999416	0.00000000	-5.81323800	-7.89247000
101.49999415	0.00000000	-7.39419200	-9.47342500
101.69999414	0.00000000	-7.81250000	-10.96211000
101.89999413	0.00000000	-7.39419200	-11.70029000
102.09999411	0.00000000	-5.81323800	-10.96211000
102.29999410	0.00000000	-3.16190900	-9.42421200
102.49999409	0.00000000	-0.46751960	-7.43110200
102.69999408	0.00000000	1.53789400	-4.73671200
102.89999407	0.00000000	3.06963600	-2.12844500
103.09999406	0.00000000	3.81397600	-0.97194880
103.29999404	0.00000000	3.06963600	-1.71013800
103.49999403	0.00000000	1.53789400	-3.61712600
103.69999402	0.00000000	-0.41830710	-6.36072800
103.89999401	0.00000000	-2.74360200	-9.42421200
104.09999400	0.00000000	-4.65059000	-12.11860000
104.29999398	0.00000000	-5.81323800	-13.65650000
104.49999397	0.00000000	-5.81323800	-13.65650000
104.69999396	0.00000000	-4.69980300	-12.11860000
104.89999395	0.00000000	-3.16190900	-9.42421200
105.09999394	0.00000000	-1.58095500	-6.36072800
105.29999392	0.00000000	-0.04306102	-3.66633800
105.49999391	0.00000000	1.11343500	-2.12844500
105.69999390	0.00000000	1.48868100	-2.08538400
105.89999389	0.00000000	1.11343500	-3.24803100
106.09999388	0.00000000	-0.04306102	-5.15501900
106.29999387	0.00000000	-1.53789400	-7.47416300
106.49999385	0.00000000	-2.69439000	-9.38115100
106.69999384	0.00000000	-3.11884800	-10.53765000
106.89999383	0.00000000	-3.11884800	-10.58686000
107.09999382	0.00000000	-2.74360200	-9.79945900
107.29999381	0.00000000	-1.95620100	-8.63681000
107.49999379	0.00000000	-1.20570900	-6.72982200
107.69999378	0.00000000	-0.41830710	-5.24729300
107.89999377	0.00000000	-0.09227362	-4.82898600
108.09999376	0.00000000	-0.46751960	-5.19808000
108.29999375	0.00000000	-1.58095500	-6.36072800
108.49999374	0.00000000	-2.74360200	-7.89247000
108.69999372	0.00000000	-3.53715500	-9.42421200
108.89999371	0.00000000	-4.27534400	-10.58686000
109.09999370	0.00000000	-4.27534400	-10.91289000
109.29999369	0.00000000	-3.49409400	-10.16855000
109.49999368	0.00000000	-2.36835600	-8.26771600
109.69999366	0.00000000	-0.79355310	-6.36072800
109.89999365	0.00000000	0.33218500	-4.77977300
110.09999364	0.00000000	1.11343500	-3.66633800
110.29999363	0.00000000	1.07037400	-3.66633800
110.49999362	0.00000000	0.00000000	-4.77977300
110.69999360	0.00000000	-1.16264800	-6.31151500
110.89999359	0.00000000	-1.95620100	-7.89247000
111.09999358	0.00000000	-2.78666300	-9.42421200
111.29999357	0.00000000	-3.49409400	-10.53765000
111.49999356	0.00000000	-3.90625000	-10.58686000
111.69999355	0.00000000	-3.49409400	-9.84867000
111.89999353	0.00000000	-2.78666300	-9.05511800
112.09999352	0.00000000	-1.95620100	-7.89247000
112.29999351	0.00000000	-1.20570900	-6.72982200
112.49999350	0.00000000	-0.41830710	-5.93626900
112.69999349	0.00000000	-0.04306102	-5.19808000
112.89999347	0.00000000	-0.04306102	-5.19808000
113.09999346	0.00000000	-0.41830710	-5.89320800
113.29999345	0.00000000	-1.20570900	-6.31151500
113.49999344	0.00000000	-1.91314000	-6.72982200
113.69999343	0.00000000	-2.32529500	-7.47416300
113.89999341	0.00000000	-1.95620100	-7.84940900
114.09999340	0.00000000	-1.62401600	-7.89247000
114.29999339	0.00000000	-1.58095500	-7.89247000
114.49999338	0.00000000	-1.58095500	-7.93553100
114.69999337	0.00000000	-1.58095500	-8.31077700
114.89999336	0.00000000	-1.58095500	-9.05511800
115.09999334	0.00000000	-1.58095500	-9.43036400
115.29999333	0.00000000	-1.58095500	-9.43036400
115.49999332	0.00000000	-1.58095500	-9.05511800
115.69999331	0.00000000	-1.58095500	-8.26771600
115.89999330	0.00000000	-1.62401600	-7.51722400
116.09999328	0.00000000	-1.99926200	-6.68676100
116.29999327	0.00000000	-2.74360200	-5.93626900
116.49999326	0.00000000	-3.11884800	-5.19808000
116.69999325	0.00000000	-3.11884800	-5.19808000
116.89999324	0.00000000	-2.74360200	-5.89320800
117.09999322	0.00000000	-1.99926200	-6.31151500
117.29999321	0.00000000	-1.58095500	-6.77903500
117.49999320	0.00000000	-1.16264800	-7.89247000
117.69999319	0.00000000	-0.41830710	-9.00590400
117.89999318	0.00000000	-0.04306102	-9.43036400
118.09999317	0.00000000	0.00000000	-9.47342500
118.29999315	0.00000000	-0.04306102	-9.43036400
118.49999314	0.00000000	-0.46751960	-9.05511800
118.69999313	0.00000000	-1.58095500	-8.26771600
118.89999312	0.00000000	-2.74360200	-7.47416300
119.09999311	0.00000000	-3.53715500	-6.31151500
119.29999309	0.00000000	-4.32455700	-5.24729300
119.49999308	0.00000000	-4.65059000	-5.19808000
119.69999307	0.00000000	-4.27534400	-5.89320800
119.89999306	0.00000000	-3.11884800	-6.26845500
120.09999305	0.00000000	-1.62401600	-6.31151500
120.29999303	0.00000000	-0.41830710	-6.35457700
120.49999302	0.00000000	0.37524600	-6.72982200
120.69999301	0.00000000	1.16264800	-7.47416300
120.89999300	0.00000000	1.48868100	-7.89247000
121.09999299	0.00000000	1.11343500	-8.31077700
121.29999298	0.00000000	-0.04306102	-9.00590400
121.49999296	0.00000000	-1.58095500	-9.00590400
121.69999295	0.00000000	-3.11884800	-8.31077700
121.89999294	0.00000000	-4.27534400	-7.89247000
122.09999293	0.00000000	-4.69980300	-7.47416300
122.29999292	0.00000000	-4.69980300	-6.72982200
122.49999290	0.00000000	-4.27534400	-6.35457700
122.69999289	0.00000000	-3.16190900	-6.31151500
122.89999288	0.00000000	-1.99926200	-6.26845500
123.09999287	0.00000000	-1.20570900	-5.93626900
123.29999286	0.00000000	-0.41830710	-5.57332700
123.49999284	0.00000000	-0.04306102	-5.98548200
123.69999283	0.00000000	0.00000000	-6.68676100
123.89999282	0.00000000	-0.04306102	-7.47416300
124.09999281	0.00000000	-0.41830710	-7.84940900
124.29999280	0.00000000	-1.20570900	-7.89247000
124.49999279	0.00000000	-1.95620100	-7.89247000
124.69999277	0.00000000	-2.78666300	-7.89247000
124.89999276	0.00000000	-3.53715500	-7.89247000
125.09999275	0.00000000	-4.32455700	-7.89247000
125.29999274	0.00000000	-4.65059000	-7.84940900
125.49999273	0.00000000	-4.32455700	-7.47416300
125.69999271	0.00000000	-3.53715500	-6.72982200
125.89999270	0.00000000	-2.74360200	-6.35457700
126.09999269	0.00000000	-1.58095500	-6.31151500
126.29999268	0.00000000	-0.46751960	-6.31151500
126.49999267	0.00000000	-0.04306102	-6.35457700
126.69999265	0.00000000	0.00000000	-6.72982200
126.89999264	0.00000000	-0.04306102	-7.47416300
127.09999263	0.00000000	-0.46751960	-7.84940900
127.29999262	0.00000000	-1.58095500	-7.89247000
127.49999261	0.00000000	-2.69439000	-7.89247000
127.69999260	0.00000000	-3.16190900	-7.89247000
127.89999258	0.00000000	-3.53715500	-7.89247000
128.09999257	0.00000000	-3.90625000	-7.84940900
128.29999256	0.00000000	-3.49409400	-7.51722400
128.49999255	0.00000000	-2.74360200	-7.10506800
128.69999254	0.00000000	-1.58095500	-7.09891700
128.89999252	0.00000000	-0.46751960	-6.68676100
129.09999251	0.00000000	-0.04306102	-6.40378900
129.29999250	0.00000000	-0.04306102	-6.72982200
129.49999249	0.00000000	-0.41830710	-7.47416300
129.69999248	0.00000000	-1.20570900	-7.84940900
129.89999246	0.00000000	-1.95620100	-7.89247000
130.09999245	0.00000000	-2.78666300	-7.89247000
130.29999244	0.00000000	-3.49409400	-7.89247000
130.49999243	0.00000000	-3.90625000	-7.84940900
130.69999242	0.00000000	-3.49409400	-7.47416300
130.89999241	0.00000000	-2.74360200	-6.72982200
131.09999239	0.00000000	-1.58095500	-6.35457700
131.29999238	0.00000000	-0.46751960	-6.35457700
131.49999237	0.00000000	-0.04306102	-6.72982200
131.69999236	0.00000000	-0.04306102	-7.51722400
131.89999235	0.00000000	-0.41830710	-8.26771600
132.09999233	0.00000000	-1.20570900	-9.05511800
132.29999232	0.00000000	-1.95620100	-9.43036400
132.49999231	0.00000000	-2.74360200	-9.43036400
132.69999230	0.00000000	-3.11884800	-9.05511800
132.89999229	0.00000000	-3.11884800	-8.26771600
133.09999227	0.00000000	-2.74360200	-7.51722400
133.29999226	0.00000000	-1.99926200	-6.72982200
133.49999225	0.00000000	-1.62401600	-6.35457700
133.69999224	0.00000000	-1.58095500	-6.31151500
133.89999223	0.00000000	-1.58095500	-6.31151500
134.09999222	0.00000000	-1.58095500	-6.35457700
134.29999220	0.00000000	-1.58095500	-6.72982200
134.49999219	0.00000000	-1.58095500	-7.51722400
134.69999218	0.00000000	-1.58095500	-8.26771600
134.89999217	0.00000000	-1.58095500	-9.05511800
135.09999216	0.00000000	-1.58095500	-9.38115100
135.29999214	0.00000000	-1.58095500	-9.05511800
135.49999213	0.00000000	-1.58095500	-8.31077700
135.69999212	0.00000000	-1.58095500	-7.89247000
135.89999211	0.00000000	-1.62401600	-7.47416300
136.09999210	0.00000000	-2.04847400	-6.72982200
136.29999208	0.00000000	-3.11884800	-6.35457700
136.49999207	0.00000000	-3.85703700	-6.31151500
136.69999206	0.00000000	-3.53715500	-6.31151500
136.89999205	0.00000000	-3.20497000	-6.35457700
137.09999204	0.00000000	-3.11884800	-6.72982200
137.29999203	0.00000000	-2.74360200	-7.47416300
137.49999201	0.00000000	-1.95620100	-7.89247000
137.69999200	0.00000000	-1.20570900	-8.31077700
137.89999199	0.00000000	-0.41830710	-9.05511800
138.09999198	0.00000000	-0.09227362	-9.43036400
138.29999197	0.00000000	-0.41830710	-9.47342500
138.49999195	0.00000000	-1.20570900	-9.43036400
138.69999194	0.00000000	-1.95620100	-9.05511800
138.89999193	0.00000000	-2.74360200	-8.26771600
139.09999192	0.00000000	-3.11884800	-7.47416300
139.29999191	0.00000000	-3.16190900	-6.36072800
139.49999189	0.00000000	-3.11884800	-5.57332700
139.69999188	0.00000000	-2.74360200	-5.56717500
139.89999187	0.00000000	-1.95620100	-5.53026500
140.09999186	0.00000000	-1.20570900	-5.93626900
140.29999185	0.00000000	-0.41830710	-6.31151500
140.49999184	0.00000000	-0.09227362	-6.77903500
140.69999182	0.00000000	-0.41830710	-7.89247000
140.89999181	0.00000000	-1.20570900	-9.00590400
141.09999180	0.00000000	-1.95620100	-9.43036400
141.29999179	0.00000000	-2.74360200	-9.47342500
141.49999178	0.00000000	-3.11884800	-9.38115100
141.69999176	0.00000000	-3.16190900	-8.63681000
141.89999175	0.00000000	-3.11884800	-7.14812900
142.09999174	0.00000000	-2.74360200	-6.35457700
142.29999173	0.00000000	-1.99926200	-5.93626900
142.49999172	0.00000000	-1.62401600	-5.57332700
142.69999170	0.00000000	-1.58095500	-5.98548200
142.89999169	0.00000000	-1.58095500	-6.68676100
143.09999168	0.00000000	-1.58095500	-7.51722400
143.29999167	0.00000000	-1.62401600	-8.26771600
143.49999166	0.00000000	-1.99926200	-9.05511800
143.69999165	0.00000000	-2.74360200	-9.43036400
143.89999163	0.00000000	-3.06963600	-9.43036400
144.09999162	0.00000000	-2.74360200	-9.05511800
144.29999161	0.00000000	-1.99926200	-8.26771600
144.49999160	0.00000000	-1.62401600	-7.51722400
144.69999159	0.00000000	-1.58095500	-6.72982200
144.89999157	0.00000000	-1.58095500	-6.35457700
145.09999156	0.00000000	-1.58095500	-6.31151500
145.29999155	0.00000000	-1.58095500	-6.31151500
145.49999154	0.00000000	-1.62401600	-6.35457700
145.69999153	0.00000000	-1.99926200	-6.72982200
145.89999151	0.00000000	-2.74360200	-7.47416300
146.09999150	0.00000000	-3.11884800	-7.89247000
146.29999149	0.00000000	-3.16190900	-8.31077700
146.49999148	0.00000000	-3.11884800	-9.00590400
146.69999147	0.00000000	-2.74360200	-9.00590400
146.89999146	0.00000000	-1.99926200	-8.31077700
147.09999144	0.00000000	-1.62401600	-7.93553100
147.29999143	0.00000000	-1.58095500	-7.84940900
147.49999142	0.00000000	-1.58095500	-7.47416300
147.69999141	0.00000000	-1.58095500	-6.72982200
147.89999140	0.00000000	-1.62401600	-6.35457700
148.09999138	0.00000000	-1.99926200	-6.31151500
148.29999137	0.00000000	-2.74360200	-6.35457700
148.49999136	0.00000000	-3.11884800	-6.72982200
148.69999135	0.00000000	-3.16190900	-7.47416300
148.89999134	0.00000000	-3.11884800	-7.84940900
149.09999132	0.00000000	-2.74360200	-7.89247000
149.29999131	0.00000000	-1.99926200	-7.89247000
149.49999130	0.00000000	-1.62401600	-7.89247000
149.69999129	0.00000000	-1.58095500	-7.89247000
149.89999128	0.00000000	-1.58095500	-7.89247000
150.09999127	0.00000000	-1.58095500	-7.84940900
150.29999125	0.00000000	-1.58095500	-7.47416300
150.49999124	0.00000000	-1.62401600	-6.72982200
150.69999123	0.00000000	-1.99926200	-6.35457700
150.89999122	0.00000000	-2.74360200	-6.31151500
151.09999121	0.00000000	-3.11884800	-6.35457700
151.29999119	0.00000000	-3.16190900	-6.72982200
151.49999118	0.00000000	-3.16190900	-7.47416300
151.69999117	0.00000000	-3.16190900	-7.84940900
151.89999116	0.00000000	-3.16190900	-7.89247000
152.09999115	0.00000000	-3.11884800	-7.89247000
152.29999113	0.00000000	-2.74360200	-7.89247000
152.49999112	0.00000000	-1.99926200	-7.89247000
152.69999111	0.00000000	-1.62401600	-7.89247000
152.89999110	0.00000000	-1.58095500	-7.89247000
153.09999109	0.00000000	-1.58095500	-7.89247000
153.29999108	0.00000000	-1.58095500	-7.84940900
153.49999106	0.00000000	-1.62401600	-7.47416300
153.69999105	0.00000000	-1.99926200	-6.72982200
153.89999104	0.00000000	-2.74360200	-6.35457700
154.09999103	0.00000000	-3.11884800	-6.31151500
154.29999102	0.00000000	-3.16190900	-6.35457700
154.49999100	0.00000000	-3.16190900	-6.68676100
154.69999099	0.00000000	-3.16190900	-7.09891700
154.89999098	0.00000000	-3.11884800	-7.10506800
155.09999097	0.00000000	-2.74360200	-7.51722400
155.29999096	0.00000000	-1.99926200	-7.84940900
155.49999094	0.00000000	-1.62401600	-7.89247000
155.69999093	0.00000000	-1.58095500	-7.89247000
155.89999092	0.00000000	-1.58095500	-7.89247000
156.09999091	0.00000000	-1.58095500	-7.89247000
156.29999090	0.00000000	-1.62401600	-7.84940900
156.49999089	0.00000000	-1.99926200	-7.47416300
156.69999087	0.00000000	-2.74360200	-6.72982200
156.89999086	0.00000000	-3.11884800	-6.35457700
157.09999085	0.00000000	-3.16190900	-6.31151500
157.29999084	0.00000000	-3.16190900	-6.35457700
157.49999083	0.00000000	-3.16190900	-6.68676100
157.69999081	0.00000000	-3.16190900	-7.05585600
157.89999080	0.00000000	-3.11884800	-6.72982200
158.09999079	0.00000000	-2.74360200	-6.77903500
158.29999078	0.00000000	-1.99926200	-7.47416300
158.49999077	0.00000000	-1.62401600	-7.84940900
158.69999075	0.00000000	-1.58095500	-7.89247000
158.89999074	0.00000000	-1.58095500	-7.89247000
159.09999073	0.00000000	-1.58095500	-7.84940900
159.29999072	0.00000000	-1.62401600	-7.47416300
159.49999071	0.00000000	-1.99926200	-6.72982200
159.69999070	0.00000000	-2.69439000	-6.35457700
159.89999068	0.00000000	-2.74360200	-6.31151500
160.09999067	0.00000000	-2.41756900	-6.31151500
160.29999066	0.00000000	-2.78666300	-6.31151500
160.49999065	0.00000000	-3.11884800	-6.35457700
160.69999064	0.00000000	-3.16190900	-6.72982200
160.89999062	0.00000000	-3.16190900	-7.47416300
161.09999061	0.00000000	-3.11884800	-7.84940900
161.29999060	0.00000000	-2.74360200	-7.89247000
161.49999059	0.00000000	-1.99926200	-7.89247000
161.69999058	0.00000000	-1.62401600	-7.89247000
161.89999056	0.00000000	-1.58095500	-7.89247000
162.09999055	0.00000000	-1.58095500	-7.84940900
162.29999054	0.00000000	-1.58095500	-7.47416300
162.49999053	0.00000000	-1.58095500	-6.72982200
162.69999052	0.00000000	-1.62401600	-6.35457700
162.89999051	0.00000000	-1.99926200	-6.31151500
163.09999049	0.00000000	-2.74360200	-6.35457700
163.29999048	0.00000000	-3.11884800	-6.68676100
163.49999047	0.00000000	-3.16190900	-7.09891700
163.69999046	0.00000000	-3.16190900	-7.10506800
163.89999045	0.00000000	-3.16190900	-7.51722400
164.09999043	0.00000000	-3.16190900	-7.84940900
164.29999042	0.00000000	-3.11884800	-7.89247000
164.49999041	0.00000000	-2.74360200	-7.89247000
164.69999040	0.00000000	-1.99926200	-7.89247000
164.89999039	0.00000000	-1.62401600	-7.89247000
165.09999037	0.00000000	-1.58095500	-7.89247000
165.29999036	0.00000000	-1.58095500	-7.89247000
165.49999035	0.00000000	-1.58095500	-7.89247000
165.69999034	0.00000000	-1.62401600	-7.89247000
165.89999033	0.00000000	-1.99926200	-7.89247000
166.09999032	0.00000000	-2.74360200	-7.89247000
166.29999030	0.00000000	-3.06963600	-7.84940900
166.49999029	0.00000000	-2.78666300	-7.51722400
166.69999028	0.00000000	-2.41756900	-7.14812900
166.89999027	0.00000000	-2.78666300	-7.51722400
167.09999026	0.00000000	-3.06963600	-7.84940900
167.29999024	0.00000000	-2.74360200	-7.89247000
167.49999023	0.00000000	-1.99926200	-7.89247000
167.69999022	0.00000000	-1.62401600	-7.89247000
167.89999021	0.00000000	-1.58095500	-7.89247000
168.09999020	0.00000000	-1.58095500	-7.89247000
168.29999018	0.00000000	-1.62401600	-7.89247000
168.49999017	0.00000000	-1.95620100	-7.89247000
168.69999016	0.00000000	-2.32529500	-7.89247000
168.89999015	0.00000000	-1.99926200	-7.89247000
169.09999014	0.00000000	-2.04847400	-7.89247000
169.29999013	0.00000000	-2.74360200	-7.89247000
169.49999011	0.00000000	-3.11884800	-7.89247000
169.69999010	0.00000000	-3.16190900	-7.89247000
169.89999009	0.00000000	-3.16190900	-7.89247000
170.09999008	0.00000000	-3.16190900	-7.89247000
170.29999007	0.00000000	-3.11884800	-7.89247000
170.49999005	0.00000000	-2.74360200	-7.89247000
170.69999004	0.00000000	-2.04847400	-7.89247000
170.89999003	0.00000000	-1.99926200	-7.89247000
171.09999002	0.00000000	-2.32529500	-7.89247000
171.29999001	0.00000000	-1.95620100	-7.89247000
171.49998999	0.00000000	-1.67322800	-7.89247000
171.69998998	0.00000000	-1.95620100	-7.89247000
171.89998997	0.00000000	-2.32529500	-7.89247000
172.09998996	0.00000000	-1.95620100	-7.89247000
172.29998995	0.00000000	-1.67322800	-7.89247000
172.49998994	0.00000000	-1.99926200	-7.89247000
172.69998992	0.00000000	-2.74360200	-7.89247000
172.89998991	0.00000000	-3.11884800	-7.84940900
173.09998990	0.00000000	-3.11884800	-7.51722400
173.29998989	0.00000000	-2.74360200	-7.14812900
173.49998988	0.00000000	-2.04847400	-7.51722400
173.69998986	0.00000000	-1.99926200	-7.84940900
173.89998985	0.00000000	-2.32529500	-7.89247000
174.09998984	0.00000000	-1.95620100	-7.89247000
174.29998983	0.00000000	-1.62401600	-7.89247000
174.49998982	0.00000000	-1.62401600	-7.89247000
174.69998980	0.00000000	-1.95620100	-7.89247000
174.89998979	0.00000000	-2.32529500	-7.89247000
175.09998978	0.00000000	-1.99926200	-7.89247000
175.29998977	0.00000000	-2.04847400	-7.89247000
175.49998976	0.00000000	-2.69439000	-7.89247000
175.69998975	0.00000000	-2.74360200	-7.89247000
175.89998973	0.00000000	-2.37450800	-7.89247000
176.09998972	0.00000000	-2.36835600	-7.84940900
176.29998971	0.00000000	-1.95620100	-7.51722400
176.49998970	0.00000000	-1.62401600	-7.14812900
176.69998969	0.00000000	-1.62401600	-7.51722400
176.89998967	0.00000000	-1.95620100	-7.84940900
177.09998966	0.00000000	-2.36835600	-7.89247000
177.29998965	0.00000000	-2.37450800	-7.89247000
177.49998964	0.00000000	-2.78666300	-7.89247000
177.69998963	0.00000000	-3.11884800	-7.89247000
177.89998961	0.00000000	-3.16190900	-7.89247000
178.09998960	0.00000000	-3.16190900	-7.89247000
178.29998959	0.00000000	-3.11884800	-7.84940900
178.49998958	0.00000000	-2.74360200	-7.51722400
178.69998957	0.00000000	-2.04847400	-7.14812900
178.89998956	0.00000000	-1.99926200	-7.51722400
179.09998954	0.00000000	-2.32529500	-7.84940900
179.29998953	0.00000000	-1.99926200	-7.89247000
179.49998952	0.00000000	-2.04847400	-7.89247000
179.69998951	0.00000000	-2.69439000	-7.89247000
179.89998950	0.00000000	-2.74360200	-7.89247000
180.09998948	0.00000000	-2.41756900	-7.89247000
180.29998947	0.00000000	-2.78666300	-7.89247000
180.49998946	0.00000000	-3.11884800	-7.89247000
180.69998945	0.00000000	-3.11884800	-7.89247000
180.89998944	0.00000000	-2.78666300	-7.89247000
181.09998942	0.00000000	-2.41756900	-7.89247000
181.29998941	0.00000000	-2.78666300	-7.89247000
181.49998940	0.00000000	-3.11884800	-7.84940900
181.69998939	0.00000000	-3.11884800	-7.47416300
181.89998938	0.00000000	-2.74360200	-6.72982200
182.09998937	0.00000000	-1.99926200	-6.40378900
182.29998935	0.00000000	-1.62401600	-6.72982200
182.49998934	0.00000000	-1.58095500	-7.47416300
182.69998933	0.00000000	-1.58095500	-7.84940900
182.89998932	0.00000000	-1.58095500	-7.89247000
183.09998931	0.00000000	-1.62401600	-7.89247000
183.29998929	0.00000000	-1.95620100	-7.89247000
183.49998928	0.00000000	-2.36835600	-7.89247000
183.69998927	0.00000000	-2.33144700	-7.89247000
183.89998926	0.00000000	-2.41141700	-7.89247000
184.09998925	0.00000000	-2.37450800	-7.89247000
184.29998923	0.00000000	-2.78666300	-7.84940900
184.49998922	0.00000000	-3.06963600	-7.47416300
184.69998921	0.00000000	-2.78666300	-6.72982200
184.89998920	0.00000000	-2.41756900	-6.35457700
185.09998919	0.00000000	-2.74360200	-6.35457700
185.29998918	0.00000000	-2.69439000	-6.72982200
185.49998916	0.00000000	-1.99926200	-7.47416300
185.69998915	0.00000000	-1.62401600	-7.84940900
185.89998914	0.00000000	-1.58095500	-7.89247000
186.09998913	0.00000000	-1.58095500	-7.89247000
186.29998912	0.00000000	-1.62401600	-7.89247000
186.49998910	0.00000000	-1.99926200	-7.89247000
186.69998909	0.00000000	-2.74360200	-7.89247000
186.89998908	0.00000000	-3.11884800	-7.84940900
187.09998907	0.00000000	-3.16190900	-7.47416300
187.29998906	0.00000000	-3.16190900	-6.72982200
187.49998904	0.00000000	-3.16190900	-6.35457700
187.69998903	0.00000000	-3.16190900	-6.31151500
187.89998902	0.00000000	-3.11884800	-6.31151500
188.09998901	0.00000000	-2.78666300	-6.35457700
188.29998900	0.00000000	-2.37450800	-6.72982200
188.49998899	0.00000000	-2.36835600	-7.47416300
188.69998897	0.00000000	-1.95620100	-7.84940900
188.89998896	0.00000000	-1.62401600	-7.89247000
189.09998895	0.00000000	-1.58095500	-7.93553100
189.29998894	0.00000000	-1.62401600	-8.26771600
189.49998893	0.00000000	-1.99926200	-8.67987200
189.69998891	0.00000000	-2.74360200	-8.64296200
189.89998890	0.00000000	-3.11884800	-8.67987200
190.09998889	0.00000000	-3.16190900	-8.26771600
190.29998888	0.00000000	-3.16190900	-7.93553100
190.49998887	0.00000000	-3.16190900	-7.89247000
190.69998885	0.00000000	-3.16190900	-7.89247000
190.89998884	0.00000000	-3.16190900	-7.84940900
191.09998883	0.00000000	-3.16190900	-7.51722400
191.29998882	0.00000000	-3.16190900	-7.14812900
191.49998881	0.00000000	-3.16190900	-7.51722400
191.69998880	0.00000000	-3.11884800	-7.84940900
191.89998878	0.00000000	-2.74360200	-7.89247000
192.09998877	0.00000000	-2.04847400	-7.89247000
192.29998876	0.00000000	-2.04847400	-7.89247000
192.49998875	0.00000000	-2.74360200	-7.89247000
192.69998874	0.00000000	-3.11884800	-7.89247000
192.89998872	0.00000000	-3.16190900	-7.89247000
193.09998871	0.00000000	-3.16190900	-7.89247000
193.29998870	0.00000000	-3.16190900	-7.89247000
193.49998869	0.00000000	-3.16190900	-7.89247000
193.69998868	0.00000000	-3.16190900	-7.89247000
193.89998866	0.00000000	-3.11884800	-7.84940900
194.09998865	0.00000000	-2.74360200	-7.51722400
194.29998864	0.00000000	-1.99926200	-7.14812900
194.49998863	0.00000000	-1.62401600	-7.51722400
194.69998862	0.00000000	-1.58095500	-7.84940900
194.89998861	0.00000000	-1.58095500	-7.89247000
195.09998859	0.00000000	-1.58095500	-7.89247000
195.29998858	0.00000000	-1.62401600	-7.89247000
195.49998857	0.00000000	-1.99926200	-7.89247000
195.69998856	0.00000000	-2.74360200	-7.89247000
195.89998855	0.00000000	-3.11884800	-7.89247000
196.09998853	0.00000000	-3.16190900	-7.89247000
