Time	Channel A	Channel B
(us)	(V)	(mV)

-4.59999956	0.00000000	-38.09670000
-4.39999957	0.00000000	-38.09670000
-4.19999958	0.00000000	-38.09670000
-3.99999959	0.00000000	-38.09670000
-3.79999960	0.00000000	-38.09670000
-3.59999962	0.00000000	-38.09670000
-3.39999963	0.00000000	-38.09670000
-3.19999964	0.00000000	-38.09670000
-2.99999965	0.00000000	-38.09670000
-2.79999966	0.00000000	-38.09670000
-2.59999968	0.00000000	-38.09670000
-2.39999969	0.00000000	-38.09670000
-2.19999970	0.00000000	-38.09670000
-1.99999971	0.00000000	-38.09670000
-1.79999972	0.00000000	-38.09670000
-1.59999973	0.00000000	-38.09670000
-1.39999975	0.00000000	-38.04749000
-1.19999976	0.00000000	-37.68455000
-0.99999977	0.00000000	-37.28469000
-0.79999978	0.00000000	-37.68455000
-0.59999979	0.00000000	-38.04749000
-0.39999981	0.35125490	-38.09670000
-0.19999982	0.70250980	-38.09670000
0.00000017	0.87844490	-38.09670000
0.20000016	1.05376500	-38.09670000
0.40000015	0.70250980	-38.04749000
0.60000013	0.17531990	-37.68455000
0.80000012	-0.70250980	-37.28469000
1.00000011	-1.75689000	-37.68455000
1.20000010	-2.63533500	-38.04749000
1.40000009	-2.81127000	-38.04749000
1.60000008	-2.28408000	-37.63533000
1.80000006	-0.87844490	-36.82332000
2.00000005	1.05376500	-36.46038000
2.20000004	3.16252500	-36.82332000
2.40000003	4.74409400	-37.63533000
2.60000002	5.27128500	-38.04749000
2.80000000	4.39283900	-38.09670000
2.99999999	2.10814500	-38.09670000
3.19999998	-1.05376500	-38.09670000
3.39999997	-4.39283900	-38.04749000
3.59999996	-7.02817400	-37.63533000
3.79999994	-8.08255400	-36.82332000
3.99999993	-7.02817400	-36.41117000
4.19999992	-4.04096900	-36.36196000
4.39999991	0.17531990	-36.36196000
4.59999990	4.56816000	-36.41117000
4.79999989	7.90661900	-36.82332000
4.99999987	9.48818900	-37.63533000
5.19999986	8.43380900	-38.04749000
5.39999985	5.44660400	-38.09670000
5.59999984	1.05376500	-38.09670000
5.79999983	-3.68971500	-38.04749000
5.99999981	-7.55536400	-37.63533000
6.19999980	-9.31225400	-36.82332000
6.39999979	-8.96099900	-36.41117000
6.59999978	-6.14972900	-36.36196000
6.79999977	-2.10814500	-36.41117000
6.99999975	2.28408000	-36.82332000
7.19999974	5.79847400	-37.63533000
7.39999973	7.55536400	-38.04749000
7.59999972	7.37942900	-38.09670000
7.79999971	5.44660400	-38.04749000
7.99999970	2.28408000	-37.68455000
8.19999968	-0.87844490	-37.28469000
8.39999967	-3.51377900	-37.63533000
8.59999966	-4.91941500	-37.58612000
8.79999965	-5.09534900	-36.87254000
8.99999964	-3.86565000	-36.87254000
9.19999962	-1.93282500	-37.63533000
9.39999961	0.00000000	-38.04749000
9.59999960	1.58095500	-38.09670000
9.79999959	2.45940000	-38.09670000
9.99999958	2.45940000	-38.04749000
10.19999956	1.75689000	-37.63533000
10.39999955	1.05376500	-36.82332000
10.59999954	0.00000000	-36.41117000
10.79999953	-0.52657480	-36.36196000
10.99999952	-0.87844490	-36.36196000
11.19999951	-0.87844490	-36.36196000
11.39999949	-0.70250980	-36.41117000
11.59999948	-0.52657480	-36.82332000
11.79999947	-0.17531990	-37.63533000
11.99999946	0.00000000	-38.04749000
12.19999945	0.00000000	-38.09670000
12.39999943	-0.17531990	-38.09670000
12.59999942	-0.17531990	-38.09670000
12.79999941	-0.17531990	-38.09670000
12.99999940	0.00000000	-38.09670000
13.19999939	-0.17531990	-38.09670000
13.39999937	0.00000000	-38.09670000
13.59999936	0.00000000	-38.09670000
13.79999935	0.00000000	-38.09670000
13.99999934	0.00000000	-38.09670000
14.19999933	0.00000000	-38.04749000
14.39999932	0.00000000	-37.68455000
14.59999930	0.00000000	-37.28469000
14.79999929	0.00000000	-37.63533000
14.99999928	0.00000000	-37.58612000
15.19999927	0.00000000	-36.82332000
15.39999926	0.00000000	-36.41117000
15.59999924	0.00000000	-36.41117000
15.79999923	0.00000000	-36.82332000
15.99999922	0.00000000	-37.58612000
16.19999921	0.00000000	-37.63533000
16.39999920	0.00000000	-37.23548000
16.59999919	0.00000000	-37.22318000
16.79999917	0.00000000	-36.82332000
16.99999916	0.00000000	-36.87254000
17.19999915	0.00000000	-37.58612000
17.39999914	0.00000000	-37.58612000
17.59999913	0.00000000	-36.82332000
17.79999911	0.00000000	-36.41117000
17.99999910	0.00000000	-36.36196000
18.19999909	0.00000000	-36.36196000
18.39999908	0.00000000	-36.36196000
18.59999907	0.00000000	-36.41117000
18.79999905	0.00000000	-36.82332000
18.99999904	0.00000000	-37.63533000
19.19999903	0.00000000	-37.99828000
19.39999902	0.00000000	-37.63533000
19.59999901	0.00000000	-36.82332000
19.79999900	0.00000000	-36.46038000
19.99999898	0.00000000	-36.77411000
20.19999897	0.00000000	-37.22318000
20.39999896	0.00000000	-37.18627000
20.59999895	0.00000000	-37.27239000
20.79999894	0.00000000	-37.23548000
20.99999892	0.00000000	-37.68455000
21.19999891	0.00000000	-38.04749000
21.39999890	0.00000000	-38.09670000
21.59999889	0.00000000	-38.09670000
21.79999888	0.00000000	-38.09670000
21.99999886	0.00000000	-38.09670000
22.19999885	0.00000000	-38.04749000
22.39999884	0.00000000	-37.63533000
22.59999883	0.00000000	-36.87254000
22.79999882	0.00000000	-36.87254000
22.99999881	0.00000000	-37.63533000
23.19999879	0.00000000	-38.04749000
23.39999878	0.00000000	-38.09670000
23.59999877	0.00000000	-38.09670000
23.79999876	0.00000000	-38.09670000
23.99999875	0.00000000	-38.04749000
24.19999873	0.00000000	-37.58612000
24.39999872	0.00000000	-36.31274000
24.59999871	0.00000000	-34.68258000
24.79999870	0.00000000	-33.40920000
24.99999869	0.00000000	-32.99704000
25.19999867	0.00000000	-33.40920000
25.39999866	0.00000000	-34.73179000
25.59999865	0.00000000	-36.87254000
25.79999864	0.00000000	-39.83145000
25.99999863	0.00000000	-42.83341000
26.19999862	0.00000000	-45.33710000
26.39999860	0.00000000	-46.91191000
26.59999859	0.00000000	-45.58932000
26.79999858	0.00000000	-41.41240000
26.99999857	0.00000000	-35.90059000
27.19999856	0.00000000	-29.89665000
27.39999854	0.00000000	-24.39099000
27.59999853	0.00000000	-20.26329000
27.79999852	0.00000000	-19.50049000
27.99999851	0.00000000	-23.36368000
28.19999850	0.00000000	-31.01009000
28.39999848	0.00000000	-41.60925000
28.59999847	0.00000000	-52.56520000
28.79999846	0.00000000	-61.02977000
28.99999845	0.00000000	-65.20669000
29.19999844	0.00000000	-63.37352000
29.39999843	0.00000000	-54.86589000
29.59999841	0.00000000	-40.85260000
29.79999840	0.00000000	-24.39099000
29.99999839	0.00000000	-9.20890700
30.19999838	0.00000000	0.47367120
30.39999837	0.00000000	2.10999000
30.59999835	0.00000000	-5.17962600
30.79999834	0.00000000	-20.86614000
30.99999833	0.00000000	-41.60925000
31.19999832	0.00000000	-62.75836000
31.39999831	0.00000000	-79.62598000
31.59999829	0.00000000	-87.57997000
31.79999828	0.00000000	-84.16584000
31.99999827	0.00000000	-69.69118000
32.19999826	0.00000000	-46.86269000
32.39999825	0.00000000	-20.67544000
32.59999824	0.00000000	2.15920300
32.79999822	0.00000000	16.57849000
32.99999821	0.00000000	19.48204000
33.19999820	0.00000000	9.70103300
33.39999819	0.00000000	-11.03592000
33.59999818	0.00000000	-38.14591000
33.79999816	0.00000000	-65.61884000
33.99999815	0.00000000	-87.16781000
34.19999814	0.00000000	-97.31176000
34.39999813	0.00000000	-93.94685000
34.59999812	0.00000000	-77.84818000
34.79999810	0.00000000	-52.46678000
34.99999809	0.00000000	-23.72662000
35.19999808	0.00000000	1.64862200
35.39999807	0.00000000	17.74729000
35.59999806	0.00000000	21.16142000
35.79999805	0.00000000	11.47884000
35.99999803	0.00000000	-8.84596300
36.19999802	0.00000000	-35.04552000
36.39999801	0.00000000	-61.28198000
36.59999800	0.00000000	-81.11466000
36.79999799	0.00000000	-90.02214000
36.99999797	0.00000000	-85.84522000
37.19999796	0.00000000	-70.34940000
37.39999795	0.00000000	-48.38828000
37.59999794	0.00000000	-25.50443000
37.79999793	0.00000000	-6.45300100
37.99999791	0.00000000	4.55216500
38.19999790	0.00000000	5.01353300
38.39999789	0.00000000	-4.61983300
38.59999788	0.00000000	-21.43824000
38.79999787	0.00000000	-40.39739000
38.99999786	0.00000000	-56.49606000
39.19999784	0.00000000	-66.27706000
39.39999783	0.00000000	-68.06102000
39.59999782	0.00000000	-62.20472000
39.79999781	0.00000000	-50.88582000
39.99999780	0.00000000	-37.38312000
40.19999778	0.00000000	-25.55364000
40.39999777	0.00000000	-17.91339000
40.59999776	0.00000000	-16.23400000
40.79999775	0.00000000	-20.71850000
40.99999774	0.00000000	-29.02313000
41.19999772	0.00000000	-37.48769000
41.39999771	0.00000000	-44.31594000
41.59999770	0.00000000	-48.54823000
41.79999769	0.00000000	-48.96038000
41.99999768	0.00000000	-45.69389000
42.19999767	0.00000000	-40.29281000
42.39999765	0.00000000	-35.24237000
42.59999764	0.00000000	-31.82825000
42.79999763	0.00000000	-30.55487000
42.99999762	0.00000000	-31.72982000
43.19999761	0.00000000	-34.17200000
43.39999759	0.00000000	-36.26353000
43.59999758	0.00000000	-37.58612000
43.79999757	0.00000000	-37.99828000
43.99999756	0.00000000	-37.63533000
44.19999755	0.00000000	-36.82332000
44.39999753	0.00000000	-36.41117000
44.59999752	0.00000000	-36.41117000
44.79999751	0.00000000	-36.92175000
44.99999750	0.00000000	-38.60728000
45.19999749	0.00000000	-41.00024000
45.39999748	0.00000000	-42.22441000
45.59999746	0.00000000	-41.41240000
45.79999745	0.00000000	-39.32087000
45.99999744	0.00000000	-36.31274000
46.19999743	0.00000000	-32.94783000
46.39999742	0.00000000	-30.04429000
46.59999740	0.00000000	-28.82013000
46.79999739	0.00000000	-30.09350000
46.99999738	0.00000000	-33.40920000
47.19999737	0.00000000	-37.63533000
47.39999736	0.00000000	-41.46161000
47.59999734	0.00000000	-44.41437000
47.79999733	0.00000000	-45.63853000
47.99999732	0.00000000	-44.41437000
48.19999731	0.00000000	-41.51083000
48.39999730	0.00000000	-38.09670000
48.59999729	0.00000000	-34.63336000
48.79999727	0.00000000	-31.26845000
48.99999726	0.00000000	-28.77091000
49.19999725	0.00000000	-28.36491000
49.39999724	0.00000000	-29.99508000
49.59999723	0.00000000	-32.89862000
49.79999721	0.00000000	-35.90059000
49.99999720	0.00000000	-38.45964000
50.19999719	0.00000000	-40.64345000
50.39999718	0.00000000	-41.87376000
50.59999717	0.00000000	-42.32283000
50.79999715	0.00000000	-41.51083000
50.99999714	0.00000000	-40.24360000
51.19999713	0.00000000	-38.90871000
51.39999712	0.00000000	-36.77411000
51.59999711	0.00000000	-34.68258000
51.79999710	0.00000000	-32.94783000
51.99999708	0.00000000	-31.68061000
52.19999707	0.00000000	-31.26845000
52.39999706	0.00000000	-31.72982000
52.59999705	0.00000000	-33.40920000
52.79999704	0.00000000	-35.90059000
52.99999702	0.00000000	-38.04749000
53.19999701	0.00000000	-39.83145000
53.39999700	0.00000000	-41.46161000
53.59999699	0.00000000	-42.27362000
53.79999698	0.00000000	-41.41240000
53.99999696	0.00000000	-39.32087000
54.19999695	0.00000000	-36.36196000
54.39999694	0.00000000	-33.45841000
54.59999693	0.00000000	-31.72982000
54.79999692	0.00000000	-31.26845000
54.99999691	0.00000000	-31.72982000
55.19999689	0.00000000	-33.45841000
55.39999688	0.00000000	-36.36196000
55.59999687	0.00000000	-39.32087000
55.79999686	0.00000000	-41.41240000
55.99999685	0.00000000	-42.27362000
56.19999683	0.00000000	-41.41240000
56.39999682	0.00000000	-39.37008000
56.59999681	0.00000000	-36.77411000
56.79999680	0.00000000	-34.27042000
56.99999679	0.00000000	-32.13582000
57.19999677	0.00000000	-31.31767000
57.39999676	0.00000000	-31.72982000
57.59999675	0.00000000	-33.45841000
57.79999674	0.00000000	-36.41117000
57.99999673	0.00000000	-39.73302000
58.19999672	0.00000000	-42.27977000
58.39999670	0.00000000	-43.09793000
58.59999669	0.00000000	-42.27977000
58.79999668	0.00000000	-39.73302000
58.99999667	0.00000000	-36.36196000
59.19999666	0.00000000	-32.94783000
59.39999664	0.00000000	-30.04429000
59.59999663	0.00000000	-28.82013000
59.79999662	0.00000000	-30.04429000
59.99999661	0.00000000	-32.94783000
60.19999660	0.00000000	-36.36196000
60.39999658	0.00000000	-39.78223000
60.59999657	0.00000000	-42.73499000
60.79999656	0.00000000	-44.36515000
60.99999655	0.00000000	-43.95915000
61.19999654	0.00000000	-41.41240000
61.39999653	0.00000000	-37.68455000
61.59999651	0.00000000	-33.87057000
61.79999650	0.00000000	-31.31767000
61.99999649	0.00000000	-29.99508000
62.19999648	0.00000000	-30.04429000
62.39999647	0.00000000	-31.68061000
62.59999645	0.00000000	-34.22121000
62.79999644	0.00000000	-36.77411000
62.99999643	0.00000000	-39.32087000
63.19999642	0.00000000	-41.00024000
63.39999641	0.00000000	-41.46161000
63.59999639	0.00000000	-41.09867000
63.79999638	0.00000000	-40.24360000
63.99999637	0.00000000	-39.37008000
64.19999636	0.00000000	-38.04749000
64.39999635	0.00000000	-36.36196000
64.59999634	0.00000000	-34.63336000
64.79999632	0.00000000	-32.94783000
64.99999631	0.00000000	-31.68061000
65.19999630	0.00000000	-31.21924000
65.39999629	0.00000000	-31.26845000
65.59999628	0.00000000	-32.18504000
65.79999626	0.00000000	-34.73179000
65.99999625	0.00000000	-38.09670000
66.19999624	0.00000000	-41.46161000
66.39999623	0.00000000	-44.00837000
66.59999622	0.00000000	-44.87574000
66.79999620	0.00000000	-44.46358000
66.99999619	0.00000000	-42.68578000
67.19999618	0.00000000	-39.27165000
67.39999617	0.00000000	-34.63336000
67.59999616	0.00000000	-29.99508000
67.79999615	0.00000000	-26.63017000
67.99999613	0.00000000	-25.35679000
68.19999612	0.00000000	-26.67938000
68.39999611	0.00000000	-30.45029000
68.59999610	0.00000000	-35.94980000
68.79999609	0.00000000	-41.46161000
68.99999607	0.00000000	-46.14911000
69.19999606	0.00000000	-49.05881000
69.39999605	0.00000000	-49.05881000
69.59999604	0.00000000	-46.09990000
69.79999603	0.00000000	-41.00024000
69.99999601	0.00000000	-34.68258000
70.19999600	0.00000000	-28.77091000
70.39999599	0.00000000	-24.95079000
70.59999598	0.00000000	-23.62820000
70.79999597	0.00000000	-24.90157000
70.99999596	0.00000000	-28.31570000
71.19999594	0.00000000	-33.40920000
71.39999593	0.00000000	-39.32087000
71.59999592	0.00000000	-44.36515000
71.79999591	0.00000000	-47.32406000
71.99999590	0.00000000	-47.37327000
72.19999588	0.00000000	-44.87574000
72.39999587	0.00000000	-41.04945000
72.59999586	0.00000000	-36.36196000
72.79999585	0.00000000	-31.72982000
72.99999584	0.00000000	-28.31570000
73.19999582	0.00000000	-26.63017000
73.39999581	0.00000000	-27.03617000
73.59999580	0.00000000	-29.58292000
73.79999579	0.00000000	-33.35999000
73.99999578	0.00000000	-37.63533000
74.19999577	0.00000000	-41.46161000
74.39999575	0.00000000	-44.41437000
74.59999574	0.00000000	-45.63853000
74.79999573	0.00000000	-44.36515000
74.99999572	0.00000000	-41.00024000
75.19999571	0.00000000	-36.36196000
75.39999569	0.00000000	-31.77903000
75.59999568	0.00000000	-28.77091000
75.79999567	0.00000000	-27.90354000
75.99999566	0.00000000	-28.77091000
76.19999565	0.00000000	-31.77903000
76.39999563	0.00000000	-36.36196000
76.59999562	0.00000000	-41.00024000
76.79999561	0.00000000	-44.41437000
76.99999560	0.00000000	-46.09990000
77.19999559	0.00000000	-45.64468000
77.39999558	0.00000000	-42.63656000
77.59999556	0.00000000	-37.58612000
77.79999555	0.00000000	-31.72982000
77.99999554	0.00000000	-27.09153000
78.19999553	0.00000000	-24.95079000
78.39999552	0.00000000	-25.35679000
78.59999550	0.00000000	-28.36491000
78.79999549	0.00000000	-33.45841000
78.99999548	0.00000000	-39.78223000
79.19999547	0.00000000	-45.64468000
79.39999546	0.00000000	-49.05881000
79.59999544	0.00000000	-49.51402000
79.79999543	0.00000000	-47.37327000
79.99999542	0.00000000	-42.68578000
80.19999541	0.00000000	-36.31274000
80.39999540	0.00000000	-29.53371000
80.59999539	0.00000000	-23.72047000
80.79999537	0.00000000	-21.17987000
80.99999536	0.00000000	-22.75467000
81.19999535	0.00000000	-26.58095000
81.39999534	0.00000000	-32.18504000
81.59999533	0.00000000	-39.37008000
81.79999531	0.00000000	-46.05069000
81.99999530	0.00000000	-50.32603000
82.19999529	0.00000000	-51.24261000
82.39999528	0.00000000	-49.51402000
82.59999527	0.00000000	-45.23253000
82.79999525	0.00000000	-38.50886000
82.99999524	0.00000000	-31.72982000
83.19999523	0.00000000	-26.16880000
83.39999522	0.00000000	-22.35482000
83.59999521	0.00000000	-21.53666000
83.79999520	0.00000000	-23.57899000
83.99999518	0.00000000	-27.85433000
84.19999517	0.00000000	-33.40920000
84.39999516	0.00000000	-39.78223000
84.59999515	0.00000000	-45.68774000
84.79999514	0.00000000	-49.51402000
84.99999512	0.00000000	-50.78740000
85.19999511	0.00000000	-49.05265000
85.39999510	0.00000000	-44.41437000
85.59999509	0.00000000	-38.09670000
85.79999508	0.00000000	-31.72982000
85.99999506	0.00000000	-26.58095000
86.19999505	0.00000000	-23.16683000
86.39999504	0.00000000	-21.89345000
86.59999503	0.00000000	-23.21604000
86.79999502	0.00000000	-27.04232000
86.99999501	0.00000000	-32.99704000
87.19999499	0.00000000	-39.73302000
87.39999498	0.00000000	-45.68774000
87.59999497	0.00000000	-49.51402000
87.79999496	0.00000000	-50.78740000
87.99999495	0.00000000	-49.10187000
88.19999493	0.00000000	-44.87574000
88.39999492	0.00000000	-39.32087000
88.59999491	0.00000000	-32.94783000
88.79999490	0.00000000	-27.04232000
88.99999489	0.00000000	-23.26525000
89.19999487	0.00000000	-22.40403000
89.39999486	0.00000000	-24.90157000
89.59999485	0.00000000	-29.53371000
89.79999484	0.00000000	-35.04552000
89.99999483	0.00000000	-40.59424000
90.19999482	0.00000000	-44.82652000
90.39999480	0.00000000	-47.42249000
90.59999479	0.00000000	-47.77928000
90.79999478	0.00000000	-45.68774000
90.99999477	0.00000000	-41.46161000
91.19999476	0.00000000	-36.41117000
91.39999474	0.00000000	-31.72982000
91.59999473	0.00000000	-28.36491000
91.79999472	0.00000000	-27.04232000
91.99999471	0.00000000	-27.85433000
92.19999470	0.00000000	-29.94586000
92.39999468	0.00000000	-32.94783000
92.59999467	0.00000000	-36.31274000
92.79999466	0.00000000	-39.32087000
92.99999465	0.00000000	-41.41240000
93.19999464	0.00000000	-42.27362000
93.39999463	0.00000000	-41.46161000
93.59999461	0.00000000	-39.83145000
93.79999460	0.00000000	-38.09670000
93.99999459	0.00000000	-36.36196000
94.19999458	0.00000000	-34.63336000
94.39999457	0.00000000	-32.99704000
94.59999455	0.00000000	-32.13582000
94.79999454	0.00000000	-32.53568000
94.99999453	0.00000000	-33.35999000
95.19999452	0.00000000	-34.68258000
95.39999451	0.00000000	-36.31274000
95.59999449	0.00000000	-37.53691000
95.79999448	0.00000000	-37.58612000
95.99999447	0.00000000	-36.87254000
96.19999446	0.00000000	-36.87254000
96.39999445	0.00000000	-37.58612000
96.59999444	0.00000000	-37.58612000
96.79999442	0.00000000	-36.82332000
96.99999441	0.00000000	-36.36196000
97.19999440	0.00000000	-35.94980000
97.39999439	0.00000000	-35.50074000
97.59999438	0.00000000	-35.49459000
97.79999436	0.00000000	-35.04552000
97.99999435	0.00000000	-34.68258000
98.19999434	0.00000000	-34.63336000
98.39999433	0.00000000	-34.68258000
98.59999432	0.00000000	-35.14394000
98.79999430	0.00000000	-36.36196000
98.99999429	0.00000000	-37.58612000
99.19999428	0.00000000	-38.04749000
99.39999427	0.00000000	-38.09670000
99.59999426	0.00000000	-38.04749000
99.79999425	0.00000000	-37.63533000
99.99999423	0.00000000	-36.77411000
100.19999422	0.00000000	-35.90059000
100.39999421	0.00000000	-34.63336000
100.59999420	0.00000000	-33.40920000
100.79999419	0.00000000	-32.99704000
100.99999417	0.00000000	-33.35999000
101.19999416	0.00000000	-34.22121000
101.39999415	0.00000000	-35.09473000
101.59999414	0.00000000	-36.36196000
101.79999413	0.00000000	-37.58612000
101.99999411	0.00000000	-38.04749000
102.19999410	0.00000000	-38.04749000
102.39999409	0.00000000	-37.63533000
102.59999408	0.00000000	-36.77411000
102.79999407	0.00000000	-35.94980000
102.99999406	0.00000000	-35.04552000
103.19999404	0.00000000	-34.22121000
103.39999403	0.00000000	-33.35999000
103.59999402	0.00000000	-32.99704000
103.79999401	0.00000000	-33.40920000
103.99999400	0.00000000	-34.68258000
104.19999398	0.00000000	-36.31274000
104.39999397	0.00000000	-37.58612000
104.59999396	0.00000000	-38.04749000
104.79999395	0.00000000	-38.09670000
104.99999394	0.00000000	-38.04749000
105.19999392	0.00000000	-37.58612000
105.39999391	0.00000000	-36.36196000
105.59999390	0.00000000	-35.09473000
105.79999389	0.00000000	-34.22121000
105.99999388	0.00000000	-33.40920000
106.19999387	0.00000000	-33.40920000
106.39999385	0.00000000	-34.22121000
106.59999384	0.00000000	-35.09473000
106.79999383	0.00000000	-36.36196000
106.99999382	0.00000000	-37.63533000
107.19999381	0.00000000	-38.45964000
107.39999379	0.00000000	-38.90871000
107.59999378	0.00000000	-38.45964000
107.79999377	0.00000000	-37.63533000
107.99999376	0.00000000	-36.31274000
108.19999375	0.00000000	-34.68258000
108.39999374	0.00000000	-33.40920000
108.59999372	0.00000000	-32.94783000
108.79999371	0.00000000	-32.94783000
108.99999370	0.00000000	-33.40920000
109.19999369	0.00000000	-34.68258000
109.39999368	0.00000000	-36.36196000
109.59999366	0.00000000	-38.04749000
109.79999365	0.00000000	-39.32087000
109.99999364	0.00000000	-39.73302000
110.19999363	0.00000000	-39.27165000
110.39999362	0.00000000	-37.58612000
110.59999360	0.00000000	-35.09473000
110.79999359	0.00000000	-32.99704000
110.99999358	0.00000000	-31.68061000
111.19999357	0.00000000	-31.26845000
111.39999356	0.00000000	-31.68061000
111.59999355	0.00000000	-32.94783000
111.79999353	0.00000000	-34.63336000
111.99999352	0.00000000	-36.36196000
112.19999351	0.00000000	-38.09670000
112.39999350	0.00000000	-39.73302000
112.59999349	0.00000000	-40.54502000
112.79999347	0.00000000	-39.73302000
112.99999346	0.00000000	-38.04749000
113.19999345	0.00000000	-35.90059000
113.39999344	0.00000000	-33.35999000
113.59999343	0.00000000	-31.26845000
113.79999341	0.00000000	-29.99508000
113.99999340	0.00000000	-30.04429000
114.19999339	0.00000000	-31.72982000
114.39999338	0.00000000	-34.63336000
114.59999337	0.00000000	-37.58612000
114.79999336	0.00000000	-39.68380000
114.99999334	0.00000000	-40.59424000
115.19999333	0.00000000	-40.19439000
115.39999332	0.00000000	-39.37008000
115.59999331	0.00000000	-37.99828000
115.79999330	0.00000000	-35.90059000
115.99999328	0.00000000	-33.40920000
116.19999327	0.00000000	-31.72982000
116.39999326	0.00000000	-31.26845000
116.59999325	0.00000000	-31.68061000
116.79999324	0.00000000	-32.99704000
116.99999322	0.00000000	-35.04552000
117.19999321	0.00000000	-37.18011000
117.39999320	0.00000000	-38.45964000
117.59999319	0.00000000	-39.32087000
117.79999318	0.00000000	-39.27165000
117.99999317	0.00000000	-38.04749000
118.19999315	0.00000000	-36.36196000
118.39999314	0.00000000	-34.68258000
118.59999313	0.00000000	-33.40920000
118.79999312	0.00000000	-32.94783000
118.99999311	0.00000000	-32.94783000
119.19999309	0.00000000	-33.40920000
119.39999308	0.00000000	-34.63336000
119.59999307	0.00000000	-35.90059000
119.79999306	0.00000000	-36.77411000
119.99999305	0.00000000	-37.58612000
120.19999303	0.00000000	-37.58612000
120.39999302	0.00000000	-36.77411000
120.59999301	0.00000000	-35.94980000
120.79999300	0.00000000	-35.09473000
120.99999299	0.00000000	-34.68258000
121.19999298	0.00000000	-34.63336000
121.39999296	0.00000000	-34.63336000
121.59999295	0.00000000	-34.68258000
121.79999294	0.00000000	-35.09473000
121.99999293	0.00000000	-35.90059000
122.19999292	0.00000000	-36.31274000
122.39999290	0.00000000	-36.36196000
122.59999289	0.00000000	-36.36196000
122.79999288	0.00000000	-36.31274000
122.99999287	0.00000000	-35.90059000
123.19999286	0.00000000	-35.04552000
123.39999284	0.00000000	-34.27042000
123.59999283	0.00000000	-33.82136000
123.79999282	0.00000000	-34.27042000
123.99999281	0.00000000	-35.04552000
124.19999280	0.00000000	-35.94980000
124.39999279	0.00000000	-36.77411000
124.59999277	0.00000000	-37.63533000
124.79999276	0.00000000	-37.99828000
124.99999275	0.00000000	-37.63533000
125.19999274	0.00000000	-36.82332000
125.39999273	0.00000000	-36.36196000
125.59999271	0.00000000	-35.85138000
125.79999270	0.00000000	-34.63336000
125.99999269	0.00000000	-33.45841000
126.19999268	0.00000000	-33.40920000
126.39999267	0.00000000	-34.22121000
126.59999265	0.00000000	-35.04552000
126.79999264	0.00000000	-35.94980000
126.99999263	0.00000000	-36.77411000
127.19999262	0.00000000	-37.63533000
127.39999261	0.00000000	-37.99828000
127.59999260	0.00000000	-37.63533000
127.79999258	0.00000000	-36.77411000
127.99999257	0.00000000	-35.90059000
128.19999256	0.00000000	-34.63336000
128.39999255	0.00000000	-33.40920000
128.59999254	0.00000000	-32.94783000
128.79999252	0.00000000	-32.94783000
128.99999251	0.00000000	-33.40920000
129.19999250	0.00000000	-34.63336000
129.39999249	0.00000000	-35.90059000
129.59999248	0.00000000	-36.77411000
129.79999246	0.00000000	-37.63533000
129.99999245	0.00000000	-37.99828000
130.19999244	0.00000000	-37.58612000
130.39999243	0.00000000	-36.36196000
130.59999242	0.00000000	-35.09473000
130.79999241	0.00000000	-34.27042000
130.99999239	0.00000000	-33.82136000
131.19999238	0.00000000	-34.22121000
131.39999237	0.00000000	-34.58415000
131.59999236	0.00000000	-34.68258000
131.79999235	0.00000000	-35.09473000
131.99999233	0.00000000	-35.90059000
132.19999232	0.00000000	-36.31274000
132.39999231	0.00000000	-36.31274000
132.59999230	0.00000000	-35.90059000
132.79999229	0.00000000	-35.09473000
132.99999227	0.00000000	-34.68258000
133.19999226	0.00000000	-34.63336000
133.39999225	0.00000000	-34.63336000
133.59999224	0.00000000	-34.63336000
133.79999223	0.00000000	-34.68258000
133.99999222	0.00000000	-35.09473000
134.19999220	0.00000000	-35.90059000
134.39999219	0.00000000	-36.31274000
134.59999218	0.00000000	-36.31274000
134.79999217	0.00000000	-35.90059000
134.99999216	0.00000000	-35.09473000
135.19999214	0.00000000	-34.63336000
135.39999213	0.00000000	-34.17200000
135.59999212	0.00000000	-33.40920000
135.79999211	0.00000000	-33.40920000
135.99999210	0.00000000	-34.22121000
136.19999208	0.00000000	-35.09473000
136.39999207	0.00000000	-36.36196000
136.59999206	0.00000000	-37.58612000
136.79999205	0.00000000	-37.99828000
136.99999204	0.00000000	-37.63533000
137.19999203	0.00000000	-36.77411000
137.39999201	0.00000000	-35.94980000
137.59999200	0.00000000	-35.04552000
137.79999199	0.00000000	-34.22121000
137.99999198	0.00000000	-33.35999000
138.19999197	0.00000000	-32.99704000
138.39999195	0.00000000	-33.40920000
138.59999194	0.00000000	-34.63336000
138.79999193	0.00000000	-35.90059000
138.99999192	0.00000000	-36.77411000
139.19999191	0.00000000	-37.63533000
139.39999189	0.00000000	-37.99828000
139.59999188	0.00000000	-37.63533000
139.79999187	0.00000000	-36.82332000
139.99999186	0.00000000	-36.36196000
140.19999185	0.00000000	-35.90059000
140.39999184	0.00000000	-35.04552000
140.59999182	0.00000000	-34.27042000
140.79999181	0.00000000	-33.77214000
140.99999180	0.00000000	-33.80905000
141.19999179	0.00000000	-33.77214000
141.39999178	0.00000000	-34.27042000
141.59999176	0.00000000	-35.04552000
141.79999175	0.00000000	-35.90059000
141.99999174	0.00000000	-36.36196000
142.19999173	0.00000000	-36.82332000
142.39999172	0.00000000	-37.58612000
142.59999170	0.00000000	-37.58612000
142.79999169	0.00000000	-36.77411000
142.99999168	0.00000000	-35.94980000
143.19999167	0.00000000	-35.04552000
143.39999166	0.00000000	-34.22121000
143.59999165	0.00000000	-33.35999000
143.79999163	0.00000000	-32.94783000
143.99999162	0.00000000	-32.94783000
144.19999161	0.00000000	-33.35999000
144.39999160	0.00000000	-34.22121000
144.59999159	0.00000000	-35.09473000
144.79999157	0.00000000	-36.31274000
144.99999156	0.00000000	-37.17397000
145.19999155	0.00000000	-37.23548000
145.39999154	0.00000000	-37.68455000
145.59999153	0.00000000	-37.99828000
145.79999151	0.00000000	-37.58612000
145.99999150	0.00000000	-36.36196000
146.19999149	0.00000000	-35.14394000
146.39999148	0.00000000	-34.63336000
146.59999147	0.00000000	-34.17200000
146.79999146	0.00000000	-33.35999000
146.99999144	0.00000000	-32.99704000
147.19999143	0.00000000	-33.35999000
147.39999142	0.00000000	-34.22121000
147.59999141	0.00000000	-35.04552000
147.79999140	0.00000000	-35.90059000
147.99999138	0.00000000	-36.31274000
148.19999137	0.00000000	-36.36196000
148.39999136	0.00000000	-36.36196000
148.59999135	0.00000000	-36.31274000
148.79999134	0.00000000	-35.90059000
148.99999132	0.00000000	-35.04552000
149.19999131	0.00000000	-34.22121000
149.39999130	0.00000000	-33.35999000
149.59999129	0.00000000	-32.94783000
149.79999128	0.00000000	-32.94783000
149.99999127	0.00000000	-33.35999000
150.19999125	0.00000000	-34.22121000
150.39999124	0.00000000	-35.04552000
150.59999123	0.00000000	-35.90059000
150.79999122	0.00000000	-36.31274000
150.99999121	0.00000000	-36.36196000
151.19999119	0.00000000	-36.31274000
151.39999118	0.00000000	-35.90059000
151.59999117	0.00000000	-35.09473000
151.79999116	0.00000000	-34.68258000
151.99999115	0.00000000	-34.63336000
152.19999113	0.00000000	-34.63336000
152.39999112	0.00000000	-34.63336000
152.59999111	0.00000000	-34.63336000
152.79999110	0.00000000	-34.68258000
152.99999109	0.00000000	-35.09473000
153.19999108	0.00000000	-35.90059000
153.39999106	0.00000000	-36.26353000
153.59999105	0.00000000	-35.94980000
153.79999104	0.00000000	-35.50074000
153.99999103	0.00000000	-35.49459000
154.19999102	0.00000000	-35.04552000
154.39999100	0.00000000	-34.68258000
154.59999099	0.00000000	-34.63336000
154.79999098	0.00000000	-34.63336000
154.99999097	0.00000000	-34.63336000
155.19999096	0.00000000	-34.63336000
155.39999094	0.00000000	-34.63336000
155.59999093	0.00000000	-34.63336000
155.79999092	0.00000000	-34.63336000
155.99999091	0.00000000	-34.63336000
156.19999090	0.00000000	-34.63336000
156.39999089	0.00000000	-34.63336000
156.59999087	0.00000000	-34.68258000
156.79999086	0.00000000	-35.09473000
156.99999085	0.00000000	-35.90059000
157.19999084	0.00000000	-36.31274000
157.39999083	0.00000000	-36.36196000
157.59999081	0.00000000	-36.31274000
157.79999080	0.00000000	-35.90059000
157.99999079	0.00000000	-35.09473000
158.19999078	0.00000000	-34.68258000
158.39999077	0.00000000	-34.63336000
158.59999075	0.00000000	-34.63336000
158.79999074	0.00000000	-34.63336000
158.99999073	0.00000000	-34.63336000
159.19999072	0.00000000	-34.63336000
159.39999071	0.00000000	-34.68258000
159.59999070	0.00000000	-35.09473000
159.79999068	0.00000000	-35.90059000
159.99999067	0.00000000	-36.31274000
160.19999066	0.00000000	-36.31274000
160.39999065	0.00000000	-35.90059000
160.59999064	0.00000000	-35.09473000
160.79999062	0.00000000	-34.68258000
160.99999061	0.00000000	-34.63336000
161.19999060	0.00000000	-34.63336000
161.39999059	0.00000000	-34.63336000
161.59999058	0.00000000	-34.63336000
161.79999056	0.00000000	-34.63336000
161.99999055	0.00000000	-34.63336000
162.19999054	0.00000000	-34.68258000
162.39999053	0.00000000	-35.09473000
162.59999052	0.00000000	-35.85138000
162.79999051	0.00000000	-35.90059000
162.99999049	0.00000000	-35.50074000
163.19999048	0.00000000	-35.49459000
163.39999047	0.00000000	-35.04552000
163.59999046	0.00000000	-34.68258000
163.79999045	0.00000000	-34.63336000
163.99999043	0.00000000	-34.63336000
164.19999042	0.00000000	-34.63336000
164.39999041	0.00000000	-34.63336000
164.59999040	0.00000000	-34.63336000
164.79999039	0.00000000	-34.63336000
164.99999037	0.00000000	-34.68258000
165.19999036	0.00000000	-35.09473000
165.39999035	0.00000000	-35.85138000
165.59999034	0.00000000	-35.85138000
165.79999033	0.00000000	-35.09473000
165.99999032	0.00000000	-34.68258000
166.19999030	0.00000000	-34.63336000
166.39999029	0.00000000	-34.63336000
166.59999028	0.00000000	-34.63336000
166.79999027	0.00000000	-34.63336000
166.99999026	0.00000000	-34.63336000
167.19999024	0.00000000	-34.63336000
167.39999023	0.00000000	-34.68258000
167.59999022	0.00000000	-35.09473000
167.79999021	0.00000000	-35.85138000
167.99999020	0.00000000	-35.90059000
168.19999018	0.00000000	-35.50074000
168.39999017	0.00000000	-35.49459000
168.59999016	0.00000000	-35.04552000
168.79999015	0.00000000	-34.68258000
168.99999014	0.00000000	-34.63336000
169.19999013	0.00000000	-34.63336000
169.39999011	0.00000000	-34.63336000
169.59999010	0.00000000	-34.68258000
169.79999009	0.00000000	-35.09473000
169.99999008	0.00000000	-35.85138000
170.19999007	0.00000000	-35.90059000
170.39999005	0.00000000	-35.50074000
170.59999004	0.00000000	-35.49459000
170.79999003	0.00000000	-35.04552000
170.99999002	0.00000000	-34.68258000
171.19999001	0.00000000	-34.63336000
171.39998999	0.00000000	-34.63336000
171.59998998	0.00000000	-34.63336000
171.79998997	0.00000000	-34.63336000
171.99998996	0.00000000	-34.63336000
172.19998995	0.00000000	-34.63336000
172.39998994	0.00000000	-34.68258000
172.59998992	0.00000000	-35.04552000
172.79998991	0.00000000	-35.44537000
172.99998990	0.00000000	-35.04552000
173.19998989	0.00000000	-34.68258000
173.39998988	0.00000000	-34.63336000
173.59998986	0.00000000	-34.63336000
173.79998985	0.00000000	-34.63336000
173.99998984	0.00000000	-34.63336000
174.19998983	0.00000000	-34.63336000
174.39998982	0.00000000	-34.63336000
174.59998980	0.00000000	-34.63336000
174.79998979	0.00000000	-34.63336000
174.99998978	0.00000000	-34.63336000
175.19998977	0.00000000	-34.63336000
175.39998976	0.00000000	-34.68258000
175.59998975	0.00000000	-35.09473000
175.79998973	0.00000000	-35.90059000
175.99998972	0.00000000	-36.26353000
176.19998971	0.00000000	-35.90059000
176.39998970	0.00000000	-35.09473000
176.59998969	0.00000000	-34.68258000
176.79998967	0.00000000	-34.58415000
176.99998966	0.00000000	-34.22121000
177.19998965	0.00000000	-33.82136000
177.39998964	0.00000000	-34.22121000
177.59998963	0.00000000	-34.58415000
177.79998961	0.00000000	-34.63336000
177.99998960	0.00000000	-34.63336000
178.19998959	0.00000000	-34.68258000
178.39998958	0.00000000	-35.04552000
178.59998957	0.00000000	-35.49459000
178.79998956	0.00000000	-35.45152000
178.99998954	0.00000000	-35.49459000
179.19998953	0.00000000	-35.04552000
179.39998952	0.00000000	-34.68258000
179.59998951	0.00000000	-34.63336000
179.79998950	0.00000000	-34.63336000
179.99998948	0.00000000	-34.63336000
180.19998947	0.00000000	-34.63336000
180.39998946	0.00000000	-34.63336000
180.59998945	0.00000000	-34.63336000
180.79998944	0.00000000	-34.63336000
180.99998942	0.00000000	-34.63336000
181.19998941	0.00000000	-34.63336000
181.39998940	0.00000000	-34.63336000
181.59998939	0.00000000	-34.63336000
181.79998938	0.00000000	-34.63336000
181.99998937	0.00000000	-34.63336000
182.19998935	0.00000000	-34.63336000
182.39998934	0.00000000	-34.63336000
182.59998933	0.00000000	-34.63336000
182.79998932	0.00000000	-34.63336000
182.99998931	0.00000000	-34.63336000
183.19998929	0.00000000	-34.63336000
183.39998928	0.00000000	-34.63336000
183.59998927	0.00000000	-34.63336000
183.79998926	0.00000000	-34.63336000
183.99998925	0.00000000	-34.63336000
184.19998923	0.00000000	-34.63336000
184.39998922	0.00000000	-34.63336000
184.59998921	0.00000000	-34.63336000
184.79998920	0.00000000	-34.63336000
184.99998919	0.00000000	-34.63336000
185.19998918	0.00000000	-34.63336000
185.39998916	0.00000000	-34.63336000
185.59998915	0.00000000	-34.63336000
185.79998914	0.00000000	-34.63336000
185.99998913	0.00000000	-34.63336000
186.19998912	0.00000000	-34.63336000
186.39998910	0.00000000	-34.63336000
186.59998909	0.00000000	-34.63336000
186.79998908	0.00000000	-34.63336000
186.99998907	0.00000000	-34.63336000
187.19998906	0.00000000	-34.63336000
187.39998904	0.00000000	-34.63336000
187.59998903	0.00000000	-34.63336000
187.79998902	0.00000000	-34.68258000
187.99998901	0.00000000	-35.09473000
188.19998900	0.00000000	-35.85138000
188.39998899	0.00000000	-35.85138000
188.59998897	0.00000000	-35.09473000
188.79998896	0.00000000	-34.68258000
188.99998895	0.00000000	-34.63336000
189.19998894	0.00000000	-34.63336000
189.39998893	0.00000000	-34.58415000
189.59998891	0.00000000	-34.22121000
189.79998890	0.00000000	-33.82136000
189.99998889	0.00000000	-34.22121000
190.19998888	0.00000000	-34.63336000
190.39998887	0.00000000	-35.04552000
190.59998885	0.00000000	-35.44537000
190.79998884	0.00000000	-35.04552000
190.99998883	0.00000000	-34.73179000
191.19998882	0.00000000	-35.04552000
191.39998881	0.00000000	-35.44537000
191.59998880	0.00000000	-35.04552000
191.79998878	0.00000000	-34.63336000
191.99998877	0.00000000	-34.22121000
192.19998876	0.00000000	-33.82136000
192.39998875	0.00000000	-34.22121000
192.59998874	0.00000000	-34.58415000
192.79998872	0.00000000	-34.63336000
192.99998871	0.00000000	-34.63336000
193.19998870	0.00000000	-34.63336000
193.39998869	0.00000000	-34.63336000
193.59998868	0.00000000	-34.63336000
193.79998866	0.00000000	-34.63336000
193.99998865	0.00000000	-34.63336000
194.19998864	0.00000000	-34.63336000
194.39998863	0.00000000	-34.63336000
194.59998862	0.00000000	-34.63336000
194.79998861	0.00000000	-34.63336000
194.99998859	0.00000000	-34.63336000
195.19998858	0.00000000	-34.63336000
195.39998857	0.00000000	-34.63336000
195.59998856	0.00000000	-34.63336000
195.79998855	0.00000000	-34.63336000
195.99998853	0.00000000	-34.63336000
