Time	Channel A	Channel B	Channel C
(us)	(V)	(mV)	(mV)

-4.49999956	0.00000000	-79.85359000	-36.26968000
-4.29999957	0.00000000	-80.22269000	-36.26968000
-4.09999958	0.00000000	-80.17347000	-35.93750000
-3.89999959	0.00000000	-79.52755000	-35.53149000
-3.69999960	0.00000000	-79.47834000	-35.56840000
-3.49999962	0.00000000	-79.80437000	-35.53149000
-3.29999963	0.00000000	-79.47834000	-35.93750000
-3.09999964	0.00000000	-79.47834000	-36.26968000
-2.89999965	0.00000000	-79.84743000	-36.31274000
-2.69999966	0.00000000	-79.85359000	-36.31274000
-2.49999968	0.00000000	-80.22269000	-36.31274000
-2.29999969	0.00000000	-80.22269000	-36.31274000
-2.09999970	0.00000000	-79.89664000	-36.26968000
-1.89999971	0.00000000	-80.26574000	-35.93750000
-1.69999972	0.00000000	-80.59792000	-35.57455000
-1.49999973	0.00000000	-80.64099000	-35.93750000
-1.29999975	0.00000000	-80.64099000	-36.26968000
-1.09999976	0.00000000	-80.59792000	-36.31274000
-0.89999977	0.00000000	-80.26574000	-36.31274000
-0.69999978	0.00000000	-79.89664000	-36.31274000
-0.49999979	0.00000000	-80.26574000	-36.31274000
-0.29999981	0.31803640	-80.59792000	-36.31274000
-0.09999982	0.63668800	-80.64099000	-36.31274000
0.10000017	0.95533960	-80.64099000	-36.31274000
0.30000016	0.95533960	-80.64099000	-36.31274000
0.50000015	0.79601380	-80.64099000	-36.35580000
0.70000013	0.31803640	-80.64099000	-36.68799000
0.90000012	-0.63668800	-80.64099000	-37.10014000
1.10000011	-1.59264300	-80.64099000	-37.06324000
1.30000010	-2.38927200	-80.64099000	-37.10014000
1.50000009	-2.86724900	-80.64099000	-36.68799000
1.70000008	-2.38927200	-80.64099000	-36.35580000
1.90000006	-1.27399100	-80.64099000	-36.31274000
2.10000005	0.63668800	-80.64099000	-36.35580000
2.30000004	2.70792300	-80.64099000	-36.68799000
2.50000003	4.61921700	-80.64099000	-37.10014000
2.70000002	5.25652100	-80.64099000	-37.10630000
2.90000000	4.77854300	-80.64099000	-37.51845000
3.09999999	2.86724900	-80.64099000	-37.85064000
3.29999998	-0.31803640	-80.64099000	-37.89370000
3.49999997	-3.66326300	-80.64099000	-37.85064000
3.69999996	-6.53112700	-80.64099000	-37.47539000
3.89999994	-7.96444400	-80.64099000	-36.73105000
4.09999993	-7.48646600	-80.64099000	-36.35580000
4.29999992	-4.77854300	-80.64099000	-36.31274000
4.49999991	-0.79601380	-80.64099000	-36.31274000
4.69999990	3.66326300	-80.64099000	-36.31274000
4.89999989	7.32714100	-80.64099000	-36.31274000
5.09999987	9.23905000	-80.64099000	-36.35580000
5.29999986	8.92039900	-80.64099000	-36.73105000
5.49999985	6.37180100	-80.64099000	-37.47539000
5.69999984	2.07062000	-80.64099000	-37.85064000
5.89999983	-2.54859700	-80.64099000	-37.85064000
6.09999981	-6.84916400	-80.64099000	-37.51845000
6.29999980	-9.23905000	-80.64099000	-37.10630000
6.49999979	-9.23905000	-80.59792000	-37.05708000
6.69999978	-7.00848900	-80.26574000	-36.26968000
6.89999977	-3.18590100	-79.89664000	-35.24852000
7.09999975	1.11466500	-80.26574000	-35.19931000
7.29999974	4.93786900	-80.59792000	-35.89444000
7.49999973	7.32714100	-80.64099000	-36.26968000
7.69999972	7.64579200	-80.64099000	-36.31274000
7.89999971	6.05315000	-80.64099000	-36.31274000
8.09999970	3.34522600	-80.64099000	-36.31274000
8.29999968	0.00000000	-80.64099000	-36.31274000
8.49999967	-3.02657500	-80.64099000	-36.31274000
8.69999966	-4.77854300	-80.64099000	-36.31274000
8.89999965	-5.09719500	-80.64099000	-36.31274000
9.09999964	-4.30056600	-80.64099000	-36.31274000
9.29999962	-2.54859700	-80.64099000	-36.26968000
9.49999961	-0.47736220	-80.64099000	-35.93750000
9.69999960	1.11466500	-80.64099000	-35.57455000
9.89999959	2.22994600	-80.64099000	-35.93750000
10.09999958	2.54859700	-80.64099000	-36.26968000
10.29999956	2.22994600	-80.64099000	-36.31274000
10.49999955	1.43331700	-80.64099000	-36.31274000
10.69999954	0.47736220	-80.64099000	-36.31274000
10.89999953	-0.31803640	-80.64099000	-36.31274000
11.09999952	-0.79601380	-80.64099000	-36.31274000
11.29999951	-0.95533960	-80.64099000	-36.31274000
11.49999949	-0.95533960	-80.64099000	-36.31274000
11.69999948	-0.79601380	-80.64099000	-36.31274000
11.89999947	-0.47736220	-80.64099000	-36.31274000
12.09999946	-0.15871060	-80.64099000	-36.31274000
12.29999945	-0.15871060	-80.64099000	-36.31274000
12.49999943	0.00000000	-80.64099000	-36.31274000
12.69999942	0.00000000	-80.64099000	-36.31274000
12.89999941	0.00000000	-80.64099000	-36.31274000
13.09999940	0.00000000	-80.64099000	-36.31274000
13.29999939	0.00000000	-80.64099000	-36.31274000
13.49999937	0.00000000	-80.64099000	-36.31274000
13.69999936	0.00000000	-80.64099000	-36.31274000
13.89999935	0.00000000	-80.64099000	-36.31274000
14.09999934	-0.15871060	-80.64099000	-36.31274000
14.29999933	-0.15871060	-80.64099000	-36.31274000
14.49999932	-0.15871060	-80.64099000	-36.31274000
14.69999930	-0.15871060	-80.64099000	-36.31274000
14.89999929	0.00000000	-80.64099000	-36.35580000
15.09999928	0.00000000	-80.59792000	-36.68799000
15.29999927	0.00000000	-80.30881000	-37.05708000
15.49999926	0.00000000	-80.27190000	-36.68799000
15.69999924	0.00000000	-81.01009000	-36.35580000
15.89999923	0.00000000	-80.97318000	-36.31274000
16.09999922	0.00000000	-80.68405000	-36.31274000
16.29999921	-0.15871060	-80.64099000	-36.31274000
16.49999920	-0.15871060	-80.64099000	-36.31274000
16.69999919	-0.15871060	-80.59792000	-36.31274000
16.89999917	-0.15871060	-80.22269000	-36.31274000
17.09999916	0.00000000	-79.47834000	-36.35580000
17.29999915	0.00000000	-79.10310000	-36.68799000
17.49999914	0.00000000	-79.06004000	-37.05708000
17.69999913	0.00000000	-79.10310000	-36.68799000
17.89999911	0.00000000	-79.52755000	-36.35580000
18.09999910	0.00000000	-80.68405000	-36.31274000
18.29999909	0.00000000	-82.22194000	-36.31274000
18.49999908	0.00000000	-83.80289000	-36.31274000
18.69999907	0.00000000	-85.34079000	-36.31274000
18.89999905	0.00000000	-86.45423000	-36.31274000
19.09999904	0.00000000	-86.41116000	-36.31274000
19.29999903	0.00000000	-84.83022000	-36.31274000
19.49999902	0.00000000	-81.75443000	-36.31274000
19.69999901	0.00000000	-77.89738000	-36.31274000
19.89999900	0.00000000	-74.36023000	-36.31274000
20.09999898	0.00000000	-71.29060000	-36.31274000
20.29999897	0.00000000	-69.43282000	-36.31274000
20.49999896	0.00000000	-70.26328000	-36.31274000
20.69999895	0.00000000	-73.80044000	-36.31274000
20.89999894	0.00000000	-80.03198000	-36.35580000
21.09999892	0.00000000	-88.07824000	-36.68799000
21.29999891	0.00000000	-95.38631000	-37.05708000
21.49999890	0.00000000	-100.04310000	-36.68799000
21.69999889	0.00000000	-101.16260000	-36.35580000
21.89999888	0.00000000	-97.95152000	-36.31274000
22.09999886	0.00000000	-90.13287000	-36.31274000
22.29999885	0.00000000	-78.50639000	-36.31274000
22.49999884	0.00000000	-65.42815000	-36.31274000
22.69999883	0.00000000	-54.30610000	-36.31274000
22.89999882	0.00000000	-48.53592000	-36.31274000
23.09999881	0.00000000	-49.79084000	-36.26968000
23.29999879	0.00000000	-58.35383000	-35.89444000
23.49999878	0.00000000	-73.46825000	-35.15625000
23.69999877	0.00000000	-91.57234000	-34.78100000
23.89999876	0.00000000	-108.59990000	-34.73794000
24.09999875	0.00000000	-120.47240000	-34.73794000
24.29999873	0.00000000	-123.86200000	-34.78100000
24.49999872	0.00000000	-116.88610000	-35.24852000
24.69999871	0.00000000	-101.02730000	-36.78026000
24.89999870	0.00000000	-79.75516000	-39.00713000
25.09999869	0.00000000	-57.33267000	-40.58809000
25.29999867	0.00000000	-39.27165000	-41.33858000
25.49999866	-0.15871060	-30.01968000	-41.33243000
25.69999865	0.00000000	-32.38804000	-39.71457000
25.89999864	0.00000000	-45.92765000	-37.05708000
26.09999863	0.00000000	-67.93799000	-33.48917000
26.29999862	0.00000000	-93.43011000	-29.66904000
26.49999860	0.00000000	-116.19090000	-26.19340000
26.69999859	0.00000000	-131.26230000	-24.37254000
26.89999858	0.00000000	-134.71330000	-25.16609000
27.09999857	0.00000000	-125.86740000	-29.06619000
27.29999856	0.00000000	-106.92670000	-35.24852000
27.49999854	0.00000000	-82.22194000	-42.63041000
27.69999853	0.00000000	-57.51722000	-49.93233000
27.89999852	0.00000000	-38.57652000	-55.32111000
28.09999851	0.00000000	-29.64444000	-57.17889000
28.29999850	0.00000000	-32.29576000	-54.81053000
28.49999848	0.00000000	-45.41708000	-47.79773000
28.69999847	0.00000000	-65.88951000	-37.34006000
28.89999846	0.00000000	-89.01943000	-25.35064000
29.09999845	0.00000000	-109.15970000	-14.24705000
29.29999844	0.00000000	-121.96110000	-7.36958600
29.49999843	0.00000000	-125.53520000	-6.99434000
29.69999841	0.00000000	-119.35280000	-13.17667000
29.89999840	0.00000000	-105.48100000	-24.83391000
30.09999839	0.00000000	-86.96481000	-39.89296000
30.29999838	0.00000000	-68.39936000	-55.32111000
30.49999837	0.00000000	-54.02312000	-67.30437000
30.69999835	0.00000000	-45.84153000	-73.44365000
30.89999834	0.00000000	-45.41708000	-72.23179000
31.09999833	0.00000000	-52.34990000	-62.89985000
31.29999832	0.00000000	-64.68381000	-47.50861000
31.49999831	0.00000000	-79.75516000	-29.34916000
31.69999829	0.00000000	-93.67002000	-12.75836000
31.89999828	0.00000000	-103.81400000	-1.15034400
32.09999827	0.00000000	-108.46460000	3.07578700
32.29999826	0.00000000	-106.97590000	-1.15034400
32.49999825	0.00000000	-100.04310000	-12.75836000
32.69999824	0.00000000	-89.61613000	-29.34916000
32.89999822	0.00000000	-78.03272000	-47.50861000
33.09999821	0.00000000	-67.98105000	-62.98597000
33.29999820	0.00000000	-61.74335000	-73.06840000
33.49999819	0.00000000	-60.21161000	-75.76279000
33.69999818	0.00000000	-63.65649000	-70.32480000
33.89999816	0.00000000	-71.29060000	-58.00935000
34.09999815	0.00000000	-80.13041000	-41.43085000
34.29999814	-0.15871060	-87.94906000	-24.79084000
34.49999813	0.00000000	-93.71308000	-11.22662000
34.69999812	0.00000000	-96.03838000	-3.14345500
34.89999810	0.00000000	-94.13754000	-2.76820900
35.09999809	0.00000000	-89.19783000	-10.02092000
35.29999808	0.00000000	-82.64025000	-22.74852000
35.49999807	0.00000000	-76.49483000	-37.80142000
35.69999806	0.00000000	-72.21949000	-52.06693000
35.89999805	0.00000000	-70.68159000	-62.10630000
36.09999803	0.00000000	-72.21949000	-65.58808000
36.29999802	0.00000000	-76.40871000	-62.14936000
36.49999801	0.00000000	-81.75443000	-52.57751000
36.69999800	0.00000000	-86.41116000	-39.93602000
36.89999799	0.00000000	-89.48080000	-27.94660000
37.09999797	0.00000000	-90.26820000	-19.06988000
37.29999796	0.00000000	-88.31815000	-15.21900000
37.49999795	0.00000000	-84.49802000	-17.49508000
37.69999794	0.00000000	-79.47834000	-24.74778000
37.89999793	0.00000000	-74.91387000	-34.73794000
38.09999791	0.00000000	-72.17642000	-44.68504000
38.29999790	0.00000000	-71.75196000	-51.56250000
38.49999789	0.00000000	-73.28986000	-53.09424000
38.69999788	0.00000000	-76.36565000	-48.95423000
38.89999787	0.00000000	-80.26574000	-40.92027000
39.09999786	0.00000000	-84.13508000	-31.71137000
39.29999784	0.00000000	-87.57381000	-23.67741000
39.49999783	0.00000000	-89.15477000	-19.49434000
39.69999782	0.00000000	-88.82874000	-20.60777000
39.89999781	0.00000000	-87.65993000	-26.41486000
40.09999780	0.00000000	-85.24852000	-35.57455000
40.29999778	0.00000000	-81.80363000	-45.55856000
40.49999777	0.00000000	-77.94660000	-52.81742000
40.69999776	0.00000000	-74.82775000	-55.87475000
40.89999775	0.00000000	-72.87155000	-53.18652000
41.09999774	0.00000000	-72.08414000	-45.56471000
41.29999772	0.00000000	-72.87155000	-35.94365000
41.49999771	0.00000000	-74.78469000	-26.27953000
41.69999770	0.00000000	-77.52214000	-19.02682000
41.89999769	0.00000000	-80.64099000	-16.33243000
42.09999768	0.00000000	-83.75984000	-18.98376000
42.29999767	0.00000000	-86.45423000	-25.86122000
42.49999765	0.00000000	-87.99212000	-34.73794000
42.69999764	0.00000000	-88.03519000	-43.56545000
42.89999763	0.00000000	-86.87254000	-50.11687000
43.09999762	0.00000000	-84.96555000	-52.48523000
43.29999761	0.00000000	-82.59719000	-50.99655000
43.49999759	0.00000000	-80.30881000	-46.35211000
43.69999758	0.00000000	-78.31569000	-39.47465000
43.89999757	0.00000000	-77.19611000	-32.54798000
44.09999756	0.00000000	-76.73474000	-27.52830000
44.29999755	0.00000000	-77.10384000	-25.16609000
44.49999753	0.00000000	-77.43602000	-25.90428000
44.69999752	0.00000000	-77.47908000	-28.93085000
44.89999751	0.00000000	-77.52214000	-33.15699000
45.09999750	0.00000000	-77.94660000	-37.43233000
45.29999749	0.00000000	-79.15231000	-40.92027000
45.49999748	0.00000000	-81.05930000	-43.23941000
45.69999746	0.00000000	-83.47071000	-43.65773000
45.89999745	0.00000000	-86.17741000	-42.54429000
46.09999744	0.00000000	-89.24089000	-40.58809000
46.29999743	0.00000000	-91.11097000	-37.89370000
46.49999742	0.00000000	-91.11097000	-35.19931000
46.69999740	0.00000000	-89.10555000	-33.24926000
46.89999739	0.00000000	-84.83022000	-32.08661000
47.09999738	0.00000000	-79.01697000	-32.08661000
47.29999737	0.00000000	-72.87155000	-33.24926000
47.49999736	0.00000000	-67.84571000	-35.19931000
47.69999734	0.00000000	-65.55733000	-37.89370000
47.89999733	0.00000000	-66.35703000	-40.54502000
48.09999732	0.00000000	-70.68159000	-42.11983000
48.29999731	0.00000000	-78.03272000	-42.53814000
48.49999730	0.00000000	-86.92175000	-42.11983000
48.69999729	0.00000000	-95.34325000	-40.54502000
48.89999727	0.00000000	-100.69510000	-37.85064000
49.09999726	0.00000000	-101.11340000	-34.78100000
49.29999725	0.00000000	-96.88114000	-32.08661000
49.49999724	0.00000000	-89.10555000	-30.51181000
49.69999723	0.00000000	-79.10310000	-30.13656000
49.89999721	0.00000000	-69.47588000	-30.97318000
50.09999720	0.00000000	-62.95521000	-33.71063000
50.29999719	0.00000000	-61.00517000	-37.89370000
50.49999718	0.00000000	-64.44389000	-42.07677000
50.69999717	0.00000000	-71.79503000	-44.82037000
50.89999715	0.00000000	-81.43454000	-45.61392000
51.09999714	0.00000000	-91.38779000	-44.77116000
51.29999713	0.00000000	-97.90231000	-41.70152000
51.49999712	0.00000000	-99.57554000	-37.14936000
51.69999711	0.00000000	-96.83193000	-33.24926000
51.89999710	0.00000000	-90.31126000	-30.13656000
52.09999708	0.00000000	-81.47760000	-28.23573000
52.29999707	0.00000000	-73.42519000	-28.64788000
52.49999706	0.00000000	-67.98105000	-30.93012000
52.69999705	0.00000000	-66.44315000	-34.78100000
52.89999704	0.00000000	-69.14369000	-38.96407000
53.09999702	0.00000000	-75.24606000	-42.07677000
53.29999701	0.00000000	-82.91708000	-43.65773000
53.49999700	0.00000000	-89.43774000	-43.61467000
53.69999699	0.00000000	-93.29478000	-41.70152000
53.89999698	0.00000000	-93.29478000	-38.31200000
54.09999696	0.00000000	-89.53001000	-35.24852000
54.29999695	0.00000000	-83.75984000	-33.24926000
54.49999694	0.00000000	-77.57135000	-32.12967000
54.69999693	0.00000000	-72.21949000	-32.50492000
54.89999692	0.00000000	-69.56815000	-34.36269000
55.09999691	0.00000000	-70.68159000	-36.22662000
55.29999689	0.00000000	-74.87081000	-37.42618000
55.49999688	0.00000000	-80.64099000	-37.80142000
55.69999687	0.00000000	-86.36810000	-37.38312000
55.89999686	0.00000000	-90.22514000	-35.80217000
56.09999685	0.00000000	-91.06176000	-33.24926000
56.29999683	0.00000000	-89.53001000	-31.39149000
56.49999682	0.00000000	-85.99286000	-31.71137000
56.69999681	0.00000000	-80.64099000	-33.24926000
56.89999680	0.00000000	-75.33833000	-35.61762000
57.09999679	0.00000000	-72.21949000	-39.09941000
57.29999677	0.00000000	-71.75196000	-42.49508000
57.49999676	0.00000000	-73.28986000	-44.77116000
57.69999675	0.00000000	-76.40871000	-44.72810000
57.89999674	0.00000000	-80.64099000	-42.03371000
58.09999673	0.00000000	-84.83022000	-37.42618000
58.29999672	0.00000000	-87.57381000	-32.04355000
58.49999670	0.00000000	-88.36737000	-27.43602000
58.69999669	0.00000000	-87.57381000	-24.74778000
58.89999668	0.00000000	-84.87327000	-24.79084000
59.09999667	0.00000000	-81.10851000	-27.90354000
59.29999666	0.00000000	-78.03272000	-33.66756000
59.49999664	0.00000000	-76.45177000	-40.58809000
59.69999663	0.00000000	-76.40871000	-46.72736000
59.89999662	0.00000000	-77.57135000	-50.57824000
60.09999661	0.00000000	-79.47834000	-50.95349000
60.29999660	0.00000000	-81.80363000	-47.88385000
60.49999658	0.00000000	-83.71062000	-42.07677000
60.69999657	0.00000000	-84.87327000	-34.78100000
60.89999656	0.00000000	-84.87327000	-27.86048000
61.09999655	0.00000000	-83.71062000	-23.25910000
61.29999654	0.00000000	-81.84669000	-22.09646000
61.49999653	0.00000000	-79.94585000	-24.79084000
61.69999651	0.00000000	-79.15231000	-30.59793000
61.89999650	0.00000000	-79.10310000	-38.31200000
62.09999649	0.00000000	-79.57062000	-46.35211000
62.29999648	0.00000000	-81.10851000	-52.10999000
62.49999647	0.00000000	-83.33538000	-54.06619000
62.69999645	0.00000000	-84.87327000	-52.15920000
62.89999644	0.00000000	-85.29158000	-46.77042000
63.09999643	0.00000000	-84.91634000	-39.47465000
63.29999642	0.00000000	-83.71062000	-32.12967000
63.49999641	0.00000000	-81.80363000	-26.32259000
63.69999639	0.00000000	-79.52755000	-23.20989000
63.89999638	0.00000000	-77.98966000	-23.20989000
64.09999637	0.00000000	-77.57135000	-26.32259000
64.29999636	0.00000000	-77.98966000	-32.04355000
64.49999635	0.00000000	-79.52755000	-38.58883000
64.69999634	0.00000000	-81.80363000	-44.03297000
64.89999632	0.00000000	-83.71062000	-47.93307000
65.09999631	0.00000000	-84.91634000	-49.46481000
65.29999630	0.00000000	-85.29158000	-48.35138000
65.49999629	0.00000000	-84.91634000	-45.28174000
65.69999628	0.00000000	-83.75984000	-41.05561000
65.89999626	0.00000000	-82.22194000	-36.78026000
66.09999625	0.00000000	-80.68405000	-33.24926000
66.29999624	0.00000000	-79.57062000	-30.51181000
66.49999623	0.00000000	-79.57062000	-28.93085000
66.69999622	0.00000000	-80.68405000	-28.51255000
66.89999620	0.00000000	-82.22194000	-28.93085000
67.09999619	0.00000000	-83.71062000	-30.51181000
67.29999618	0.00000000	-84.45496000	-33.20005000
67.49999617	0.00000000	-83.66756000	-36.31274000
67.69999616	0.00000000	-81.80363000	-39.47465000
67.89999615	0.00000000	-79.47834000	-42.58735000
68.09999613	0.00000000	-77.52214000	-45.23868000
68.29999612	0.00000000	-76.03346000	-46.39517000
68.49999611	0.00000000	-75.71358000	-45.65698000
68.69999610	0.00000000	-77.65748000	-43.70079000
68.89999609	0.00000000	-81.05930000	-40.50196000
69.09999607	0.00000000	-84.96555000	-35.85138000
69.29999606	0.00000000	-88.41042000	-30.51181000
69.49999605	0.00000000	-90.73572000	-26.27953000
69.69999604	0.00000000	-91.01869000	-24.32948000
69.89999603	0.00000000	-88.73031000	-24.69857000
70.09999601	0.00000000	-84.08587000	-27.43602000
70.29999600	0.00000000	-78.72785000	-32.08661000
70.49999599	0.00000000	-73.66510000	-37.89370000
70.69999598	0.00000000	-70.22022000	-43.65773000
70.89999597	0.00000000	-69.05757000	-47.88385000
71.09999596	0.00000000	-70.63853000	-49.42175000
71.29999594	0.00000000	-74.91387000	-47.93307000
71.49999593	0.00000000	-81.05930000	-44.07603000
71.69999592	0.00000000	-87.61687000	-39.05635000
71.89999591	0.00000000	-92.59965000	-33.66756000
72.09999590	0.00000000	-94.96801000	-29.43528000
72.29999588	0.00000000	-94.18060000	-27.43602000
72.49999587	0.00000000	-90.73572000	-27.43602000
72.69999586	0.00000000	-85.29158000	-29.34916000
72.89999585	0.00000000	-79.10310000	-32.78174000
73.09999584	0.00000000	-73.33292000	-36.22662000
73.29999582	0.00000000	-69.47588000	-38.96407000
73.49999581	0.00000000	-68.68233000	-40.50196000
73.69999580	0.00000000	-70.59547000	-40.54502000
73.89999579	0.00000000	-74.87081000	-39.43159000
74.09999578	0.00000000	-80.59792000	-37.89370000
74.29999577	0.00000000	-85.99286000	-36.40502000
74.49999575	0.00000000	-89.53001000	-35.66683000
74.69999574	0.00000000	-91.11097000	-36.40502000
74.89999573	0.00000000	-90.68651000	-37.89370000
75.09999572	0.00000000	-88.03519000	-39.43159000
75.29999571	0.00000000	-84.22120000	-40.54502000
75.49999569	0.00000000	-80.73326000	-40.50196000
75.69999568	0.00000000	-77.98966000	-38.92101000
75.89999567	0.00000000	-76.45177000	-35.89444000
76.09999566	0.00000000	-76.40871000	-32.46186000
76.29999565	0.00000000	-77.57135000	-30.17962000
76.49999563	0.00000000	-79.43528000	-29.39222000
76.69999562	0.00000000	-81.38533000	-30.59793000
76.89999561	0.00000000	-82.55412000	-33.66756000
77.09999560	0.00000000	-83.38459000	-37.93676000
77.29999559	0.00000000	-83.71062000	-42.58735000
77.49999558	0.00000000	-83.38459000	-46.77042000
77.69999556	0.00000000	-82.64025000	-49.04650000
77.89999555	0.00000000	-82.31422000	-48.25910000
78.09999554	0.00000000	-82.64025000	-44.82037000
78.29999553	0.00000000	-83.42766000	-39.43159000
78.49999552	0.00000000	-84.13508000	-33.66756000
78.69999550	0.00000000	-84.54724000	-29.01698000
78.89999549	0.00000000	-84.08587000	-26.27953000
79.09999548	0.00000000	-82.96629000	-25.90428000
79.29999547	0.00000000	-81.01624000	-27.81127000
79.49999546	0.00000000	-79.10310000	-31.71137000
79.69999544	0.00000000	-77.57135000	-36.68799000
79.89999543	0.00000000	-76.82701000	-41.75073000
80.09999542	0.00000000	-77.61442000	-45.56471000
80.29999541	0.00000000	-79.52755000	-47.50861000
80.49999540	0.00000000	-82.22194000	-46.81348000
80.69999539	0.00000000	-84.91634000	-44.53740000
80.89999537	0.00000000	-86.87254000	-41.79380000
81.09999536	0.00000000	-87.99212000	-38.26894000
81.29999535	0.00000000	-87.57381000	-34.82406000
81.49999534	0.00000000	-85.29158000	-32.04355000
81.69999533	0.00000000	-82.26501000	-30.13656000
81.89999531	0.00000000	-79.52755000	-29.34916000
82.09999530	0.00000000	-77.57135000	-30.08735000
82.29999529	0.00000000	-76.40871000	-31.62524000
82.49999528	0.00000000	-76.45177000	-33.61835000
82.69999527	0.00000000	-77.98966000	-36.31274000
82.89999525	0.00000000	-80.64099000	-39.05635000
83.09999524	0.00000000	-83.29231000	-41.38164000
83.29999523	0.00000000	-84.87327000	-43.33169000
83.49999522	0.00000000	-85.34079000	-44.07603000
83.69999521	0.00000000	-85.34079000	-43.74385000
83.89999520	0.00000000	-84.91634000	-42.49508000
84.09999518	0.00000000	-83.75984000	-40.16978000
84.29999517	0.00000000	-82.22194000	-36.64493000
84.49999516	0.00000000	-80.73326000	-32.82480000
84.69999515	0.00000000	-79.94585000	-29.34916000
84.89999514	0.00000000	-80.26574000	-27.48524000
85.09999512	0.00000000	-80.59792000	-27.81127000
85.29999511	0.00000000	-80.64099000	-30.13656000
85.49999510	0.00000000	-80.64099000	-33.62450000
85.69999509	0.00000000	-80.64099000	-37.89370000
85.89999508	0.00000000	-80.64099000	-42.11983000
86.09999506	0.00000000	-80.64099000	-45.18947000
86.29999505	0.00000000	-80.68405000	-46.35211000
86.49999504	0.00000000	-81.10851000	-45.18947000
86.69999503	0.00000000	-82.26501000	-42.11983000
86.89999502	0.00000000	-83.75984000	-37.85064000
87.09999501	0.00000000	-84.87327000	-33.24926000
87.29999499	0.00000000	-84.91634000	-29.39222000
87.49999498	0.00000000	-84.17815000	-27.48524000
87.69999497	0.00000000	-83.33538000	-27.86048000
87.89999496	0.00000000	-81.80363000	-30.55487000
88.09999495	0.00000000	-79.89664000	-34.78100000
88.29999493	0.00000000	-78.77706000	-39.38238000
88.49999492	0.00000000	-78.31569000	-43.23941000
88.69999491	0.00000000	-78.77706000	-45.19562000
88.89999490	0.00000000	-79.85359000	-45.10334000
89.09999489	0.00000000	-81.42839000	-42.44586000
89.29999487	0.00000000	-82.59719000	-37.52460000
89.49999486	0.00000000	-83.80289000	-33.29232000
89.69999485	0.00000000	-84.87327000	-30.13656000
89.89999484	0.00000000	-84.87327000	-28.27879000
90.09999483	0.00000000	-83.75984000	-29.06004000
90.29999482	0.00000000	-82.26501000	-32.08661000
90.49999480	0.00000000	-81.10851000	-36.36196000
90.69999479	0.00000000	-80.68405000	-40.92027000
90.89999478	0.00000000	-80.64099000	-44.40207000
91.09999477	0.00000000	-80.68405000	-45.56471000
91.29999476	0.00000000	-81.05930000	-44.77116000
91.49999474	0.00000000	-81.80363000	-41.65846000
91.69999473	0.00000000	-82.17889000	-36.73105000
91.89999472	0.00000000	-82.17889000	-32.17273000
92.09999471	0.00000000	-81.80363000	-29.39222000
92.29999470	0.00000000	-81.10851000	-28.64173000
92.49999468	0.00000000	-81.10851000	-29.81053000
92.69999467	0.00000000	-81.84669000	-33.29232000
92.89999466	0.00000000	-82.59719000	-37.85064000
93.09999465	0.00000000	-83.42766000	-42.11983000
93.29999464	0.00000000	-84.17815000	-45.18947000
93.49999463	0.00000000	-84.96555000	-46.30905000
93.69999461	0.00000000	-85.24852000	-44.77116000
93.89999460	0.00000000	-84.49802000	-40.96333000
94.09999459	0.00000000	-82.59719000	-36.36196000
94.29999458	0.00000000	-80.64099000	-32.12967000
94.49999457	0.00000000	-78.68478000	-29.48450000
94.69999455	0.00000000	-76.82701000	-29.43528000
94.89999454	0.00000000	-76.45177000	-31.71137000
95.09999453	0.00000000	-77.57135000	-35.19931000
95.29999452	0.00000000	-79.57062000	-39.43159000
95.49999451	0.00000000	-82.64025000	-43.23941000
95.69999449	0.00000000	-86.07898000	-45.14640000
95.89999448	0.00000000	-88.41042000	-44.82037000
96.09999447	0.00000000	-89.61613000	-42.54429000
96.29999446	0.00000000	-89.53001000	-39.42544000
96.49999445	0.00000000	-87.61687000	-35.93750000
96.69999444	0.00000000	-84.13508000	-32.54798000
96.89999442	0.00000000	-80.26574000	-31.01624000
97.09999441	0.00000000	-76.40871000	-31.66830000
97.29999440	0.00000000	-73.75738000	-33.24926000
97.49999439	0.00000000	-73.28986000	-35.57455000
97.69999438	0.00000000	-74.45251000	-38.59498000
97.89999436	0.00000000	-76.82701000	-40.50196000
98.09999435	0.00000000	-80.68405000	-40.96333000
98.29999434	0.00000000	-84.91634000	-40.58809000
98.49999433	0.00000000	-88.41042000	-39.47465000
98.69999432	0.00000000	-90.73572000	-38.31200000
98.89999430	0.00000000	-91.11097000	-37.51845000
99.09999429	0.00000000	-89.57307000	-36.73105000
99.29999428	0.00000000	-86.49728000	-36.35580000
99.49999427	0.00000000	-82.64025000	-36.31274000
99.69999426	0.00000000	-79.15231000	-36.31274000
99.89999425	0.00000000	-76.40871000	-36.26968000
100.09999423	0.00000000	-74.87081000	-35.89444000
100.29999422	0.00000000	-74.87081000	-35.15625000
100.49999421	0.00000000	-76.40871000	-34.78100000
100.69999420	0.00000000	-79.10310000	-34.78100000
100.89999419	0.00000000	-82.17889000	-35.19931000
101.09999417	0.00000000	-84.91634000	-36.36196000
101.29999416	0.00000000	-86.87254000	-37.89370000
101.49999415	0.00000000	-88.03519000	-39.43159000
101.69999414	0.00000000	-88.03519000	-40.54502000
101.89999413	0.00000000	-86.87254000	-40.54502000
102.09999411	0.00000000	-84.96555000	-39.38238000
102.29999410	0.00000000	-82.59719000	-37.43233000
102.49999409	0.00000000	-80.30881000	-34.73794000
102.69999408	0.00000000	-78.31569000	-32.08661000
102.89999407	0.00000000	-77.19611000	-30.55487000
103.09999406	0.00000000	-76.78395000	-30.51181000
103.29999404	0.00000000	-77.57135000	-31.66830000
103.49999403	0.00000000	-79.10310000	-33.61835000
103.69999402	0.00000000	-81.05930000	-36.36196000
103.89999401	0.00000000	-83.38459000	-39.42544000
104.09999400	0.00000000	-85.29158000	-42.07677000
104.29999398	0.00000000	-86.45423000	-43.19020000
104.49999397	0.00000000	-86.45423000	-42.11983000
104.69999396	0.00000000	-85.34079000	-39.84990000
104.89999395	0.00000000	-83.80289000	-37.47539000
105.09999394	0.00000000	-82.22194000	-34.78100000
105.29999392	0.00000000	-80.68405000	-32.50492000
105.49999391	0.00000000	-79.52755000	-31.71137000
105.69999390	0.00000000	-79.15231000	-32.08661000
105.89999389	-0.15871060	-79.52755000	-33.66756000
106.09999388	0.00000000	-80.68405000	-36.31274000
106.29999387	0.00000000	-82.17889000	-38.96407000
106.49999385	0.00000000	-83.33538000	-40.54502000
106.69999384	0.00000000	-83.75984000	-40.96333000
106.89999383	0.00000000	-83.75984000	-40.58809000
107.09999382	0.00000000	-83.33538000	-39.38238000
107.29999381	0.00000000	-82.22194000	-37.51845000
107.49999379	0.00000000	-81.10851000	-35.61762000
107.69999378	0.00000000	-80.73326000	-34.83022000
107.89999377	0.00000000	-81.05930000	-34.83022000
108.09999376	0.00000000	-81.84669000	-35.61762000
108.29999375	0.00000000	-82.59719000	-37.51845000
108.49999374	0.00000000	-83.42766000	-39.38238000
108.69999372	0.00000000	-84.17815000	-40.58809000
108.89999371	0.00000000	-84.91634000	-40.96333000
109.09999370	0.00000000	-84.87327000	-40.58809000
109.29999369	0.00000000	-83.75984000	-39.43159000
109.49999368	0.00000000	-82.26501000	-37.89370000
109.69999366	0.00000000	-81.10851000	-36.36196000
109.89999365	0.00000000	-80.68405000	-35.19931000
110.09999364	0.00000000	-80.68405000	-34.83022000
110.29999363	0.00000000	-81.05930000	-35.19931000
110.49999362	0.00000000	-81.84669000	-36.36196000
110.69999360	0.00000000	-82.64025000	-37.89370000
110.89999359	0.00000000	-83.80289000	-39.43159000
111.09999358	0.00000000	-84.87327000	-40.58809000
111.29999357	0.00000000	-84.87327000	-40.96333000
111.49999356	0.00000000	-83.84596000	-40.63730000
111.69999355	0.00000000	-83.05856000	-39.84990000
111.89999353	0.00000000	-83.00935000	-39.05635000
112.09999352	0.00000000	-82.59719000	-37.89370000
112.29999351	0.00000000	-82.26501000	-36.73105000
112.49999350	0.00000000	-82.22194000	-35.98671000
112.69999349	0.00000000	-82.22194000	-35.57455000
112.89999347	0.00000000	-82.22194000	-35.93750000
113.09999346	0.00000000	-82.26501000	-36.26968000
113.29999345	0.00000000	-82.64025000	-36.35580000
113.49999344	0.00000000	-83.38459000	-36.73105000
113.69999343	0.00000000	-83.75984000	-37.47539000
113.89999341	0.00000000	-83.80289000	-37.85064000
114.09999340	0.00000000	-83.75984000	-37.89370000
114.29999339	0.00000000	-83.38459000	-37.89370000
114.49999338	0.00000000	-82.64025000	-37.89370000
114.69999337	0.00000000	-82.26501000	-37.89370000
114.89999336	0.00000000	-82.22194000	-37.89370000
115.09999334	0.00000000	-82.22194000	-37.89370000
115.29999333	0.00000000	-82.22194000	-37.89370000
115.49999332	0.00000000	-82.22194000	-37.85064000
115.69999331	0.00000000	-82.22194000	-37.42618000
115.89999330	0.00000000	-82.22194000	-36.31274000
116.09999328	0.00000000	-82.22194000	-35.19931000
116.29999327	0.00000000	-82.26501000	-34.78100000
116.49999326	0.00000000	-82.59719000	-34.73794000
116.69999325	0.00000000	-82.96629000	-34.78100000
116.89999324	0.00000000	-82.59719000	-35.19931000
117.09999322	0.00000000	-82.26501000	-36.31274000
117.29999321	0.00000000	-82.17889000	-37.47539000
117.49999320	0.00000000	-81.80363000	-38.26894000
117.69999319	0.00000000	-81.05930000	-39.05635000
117.89999318	0.00000000	-80.68405000	-39.38238000
118.09999317	0.00000000	-80.68405000	-39.05635000
118.29999315	0.00000000	-81.05930000	-38.26894000
118.49999314	0.00000000	-81.84669000	-37.51845000
118.69999313	0.00000000	-82.59719000	-36.68799000
118.89999312	0.00000000	-83.42766000	-35.93750000
119.09999311	0.00000000	-84.17815000	-35.15625000
119.29999309	0.00000000	-84.91634000	-34.78100000
119.49999308	0.00000000	-84.91634000	-34.78100000
119.69999307	0.00000000	-84.17815000	-35.15625000
119.89999306	0.00000000	-83.38459000	-35.93750000
120.09999305	0.00000000	-82.22194000	-36.68799000
120.29999303	0.00000000	-81.10851000	-37.47539000
120.49999302	0.00000000	-80.64099000	-37.85064000
120.69999301	0.00000000	-80.26574000	-37.89370000
120.89999300	0.00000000	-79.94585000	-37.89370000
121.09999299	0.00000000	-80.68405000	-37.89370000
121.29999298	0.00000000	-81.80363000	-37.89370000
121.49999296	0.00000000	-82.64025000	-37.89370000
121.69999295	0.00000000	-83.75984000	-37.89370000
121.89999294	0.00000000	-84.54724000	-37.89370000
122.09999293	0.00000000	-84.59645000	-37.85064000
122.29999292	0.00000000	-84.96555000	-37.47539000
122.49999290	0.00000000	-84.87327000	-36.73105000
122.69999289	0.00000000	-83.80289000	-36.35580000
122.89999288	0.00000000	-82.64025000	-36.35580000
123.09999287	0.00000000	-81.84669000	-36.73105000
123.29999286	0.00000000	-81.05930000	-37.47539000
123.49999284	0.00000000	-80.68405000	-37.85064000
123.69999283	0.00000000	-80.68405000	-37.89370000
123.89999282	0.00000000	-81.05930000	-37.93676000
124.09999281	0.00000000	-81.84669000	-38.31200000
124.29999280	0.00000000	-82.59719000	-39.00713000
124.49999279	0.00000000	-83.42766000	-39.05635000
124.69999277	0.00000000	-84.17815000	-38.68725000
124.89999276	0.00000000	-84.96555000	-38.68110000
125.09999275	0.00000000	-85.34079000	-38.26894000
125.29999274	0.00000000	-85.34079000	-37.89370000
125.49999273	0.00000000	-84.96555000	-37.47539000
125.69999271	0.00000000	-84.17815000	-36.73105000
125.89999270	0.00000000	-83.38459000	-36.35580000
126.09999269	0.00000000	-82.22194000	-36.31274000
126.29999268	0.00000000	-81.10851000	-36.35580000
126.49999267	0.00000000	-80.68405000	-36.73105000
126.69999265	0.00000000	-80.68405000	-37.47539000
126.89999264	0.00000000	-81.10851000	-37.85064000
127.09999263	0.00000000	-82.26501000	-37.89370000
127.29999262	0.00000000	-83.75984000	-37.89370000
127.49999261	0.00000000	-84.91634000	-37.89370000
127.69999260	0.00000000	-85.34079000	-37.89370000
127.89999258	0.00000000	-85.34079000	-37.89370000
128.09999257	0.00000000	-84.96555000	-37.85064000
128.29999256	0.00000000	-84.17815000	-37.47539000
128.49999255	0.00000000	-83.38459000	-36.73105000
128.69999254	0.00000000	-82.22194000	-36.35580000
128.89999252	0.00000000	-81.10851000	-36.31274000
129.09999251	0.00000000	-80.68405000	-36.35580000
129.29999250	0.00000000	-80.68405000	-36.73105000
129.49999249	0.00000000	-81.10851000	-37.47539000
129.69999248	0.00000000	-82.26501000	-37.85064000
129.89999246	0.00000000	-83.75984000	-37.89370000
130.09999245	0.00000000	-84.91634000	-37.89370000
130.29999244	0.00000000	-85.29158000	-37.89370000
130.49999243	0.00000000	-84.91634000	-37.85064000
130.69999242	0.00000000	-83.80289000	-37.47539000
130.89999241	0.00000000	-82.64025000	-36.73105000
131.09999239	0.00000000	-81.84669000	-36.35580000
131.29999238	0.00000000	-81.05930000	-36.35580000
131.49999237	0.00000000	-80.73326000	-36.73105000
131.69999236	0.00000000	-81.05930000	-37.47539000
131.89999235	0.00000000	-81.84669000	-37.85064000
132.09999233	0.00000000	-82.59719000	-37.89370000
132.29999232	0.00000000	-83.38459000	-37.89370000
132.49999231	0.00000000	-83.75984000	-37.89370000
132.69999230	0.00000000	-83.80289000	-37.85064000
132.89999229	0.00000000	-83.80289000	-37.47539000
133.09999227	0.00000000	-83.75984000	-36.73105000
133.29999226	0.00000000	-83.38459000	-36.31274000
133.49999225	0.00000000	-82.64025000	-35.89444000
133.69999224	0.00000000	-82.26501000	-35.19931000
133.89999223	0.00000000	-82.26501000	-35.19931000
134.09999222	0.00000000	-82.64025000	-35.93750000
134.29999220	0.00000000	-83.33538000	-36.68799000
134.49999219	0.00000000	-83.33538000	-37.51845000
134.69999218	0.00000000	-82.64025000	-38.26894000
134.89999217	0.00000000	-82.26501000	-39.05635000
135.09999216	0.00000000	-82.22194000	-39.38238000
135.29999214	0.00000000	-82.22194000	-39.05635000
135.49999213	0.00000000	-82.22194000	-38.26894000
135.69999212	0.00000000	-82.26501000	-37.51845000
135.89999211	0.00000000	-82.64025000	-36.73105000
136.09999210	0.00000000	-83.42766000	-36.35580000
136.29999208	0.00000000	-84.13508000	-36.31274000
136.49999207	0.00000000	-84.54724000	-36.31274000
136.69999206	0.00000000	-84.17815000	-36.35580000
136.89999205	0.00000000	-83.80289000	-36.73105000
137.09999204	0.00000000	-83.38459000	-37.47539000
137.29999203	0.00000000	-82.64025000	-37.89370000
137.49999201	0.00000000	-82.26501000	-38.31200000
137.69999200	0.00000000	-82.22194000	-39.05635000
137.89999199	0.00000000	-82.22194000	-39.43159000
138.09999198	0.00000000	-82.22194000	-39.47465000
138.29999197	0.00000000	-82.26501000	-39.43159000
138.49999195	0.00000000	-82.64025000	-39.05635000
138.69999194	0.00000000	-83.42766000	-38.31200000
138.89999193	0.00000000	-84.13508000	-37.89370000
139.09999192	0.00000000	-84.54724000	-37.47539000
139.29999191	0.00000000	-84.17815000	-36.73105000
139.49999189	0.00000000	-83.80289000	-36.35580000
139.69999188	0.00000000	-83.38459000	-36.35580000
139.89999187	0.00000000	-82.64025000	-36.73105000
140.09999186	0.00000000	-82.26501000	-37.51845000
140.29999185	0.00000000	-82.22194000	-38.26894000
140.49999184	0.00000000	-82.26501000	-39.05635000
140.69999182	0.00000000	-82.64025000	-39.43159000
140.89999181	0.00000000	-83.38459000	-39.47465000
141.09999180	0.00000000	-83.75984000	-39.47465000
141.29999179	0.00000000	-83.80289000	-39.43159000
141.49999178	0.00000000	-83.80289000	-39.00713000
141.69999176	0.00000000	-83.80289000	-37.89370000
141.89999175	0.00000000	-83.75984000	-36.78026000
142.09999174	0.00000000	-83.38459000	-36.35580000
142.29999173	0.00000000	-82.64025000	-36.31274000
142.49999172	0.00000000	-82.31422000	-36.35580000
142.69999170	0.00000000	-82.64025000	-36.73105000
142.89999169	0.00000000	-83.38459000	-37.51845000
143.09999168	0.00000000	-83.75984000	-38.26894000
143.29999167	0.00000000	-83.80289000	-39.05635000
143.49999166	0.00000000	-83.80289000	-39.43159000
143.69999165	0.00000000	-83.80289000	-39.43159000
143.89999163	0.00000000	-83.75984000	-39.05635000
144.09999162	0.00000000	-83.38459000	-38.31200000
144.29999161	0.00000000	-82.64025000	-37.89370000
144.49999160	0.00000000	-82.26501000	-37.47539000
144.69999159	0.00000000	-82.22194000	-36.73105000
144.89999157	0.00000000	-82.26501000	-36.35580000
145.09999156	0.00000000	-82.59719000	-36.31274000
145.29999155	0.00000000	-83.00935000	-36.35580000
145.49999154	0.00000000	-83.01550000	-36.73105000
145.69999153	0.00000000	-83.42766000	-37.47539000
145.89999151	0.00000000	-83.75984000	-37.85064000
146.09999150	0.00000000	-83.80289000	-37.93676000
146.29999149	0.00000000	-83.80289000	-38.26894000
146.49999148	0.00000000	-83.75984000	-38.63804000
146.69999147	0.00000000	-83.38459000	-38.26894000
146.89999146	0.00000000	-82.64025000	-37.89370000
147.09999144	0.00000000	-82.26501000	-37.47539000
147.29999143	0.00000000	-82.22194000	-36.73105000
147.49999142	0.00000000	-82.26501000	-36.35580000
147.69999141	0.00000000	-82.64025000	-36.31274000
147.89999140	0.00000000	-83.38459000	-36.31274000
148.09999138	0.00000000	-83.75984000	-36.31274000
148.29999137	0.00000000	-83.80289000	-36.35580000
148.49999136	0.00000000	-83.80289000	-36.73105000
148.69999135	0.00000000	-83.80289000	-37.47539000
148.89999134	0.00000000	-83.75984000	-37.85064000
149.09999132	0.00000000	-83.38459000	-37.89370000
149.29999131	0.00000000	-82.64025000	-37.89370000
149.49999130	0.00000000	-82.26501000	-37.89370000
149.69999129	0.00000000	-82.22194000	-37.89370000
149.89999128	0.00000000	-82.22194000	-37.85064000
150.09999127	0.00000000	-82.26501000	-37.47539000
150.29999125	0.00000000	-82.64025000	-36.73105000
150.49999124	0.00000000	-83.38459000	-36.35580000
150.69999123	0.00000000	-83.75984000	-36.31274000
150.89999122	0.00000000	-83.80289000	-36.31274000
151.09999121	0.00000000	-83.80289000	-36.35580000
151.29999119	0.00000000	-83.80289000	-36.73105000
151.49999118	0.00000000	-83.80289000	-37.47539000
151.69999117	0.00000000	-83.80289000	-37.85064000
151.89999116	0.00000000	-83.75984000	-37.89370000
152.09999115	0.00000000	-83.42766000	-37.89370000
152.29999113	0.00000000	-82.97243000	-37.89370000
152.49999112	0.00000000	-82.67715000	-37.89370000
152.69999111	0.00000000	-82.22810000	-37.89370000
152.89999110	0.00000000	-82.63410000	-37.89370000
153.09999109	0.00000000	-82.59719000	-37.89370000
153.29999108	0.00000000	-82.68947000	-37.89370000
153.49999106	0.00000000	-83.38459000	-37.89370000
153.69999105	0.00000000	-83.80289000	-37.89370000
153.89999104	0.00000000	-84.22120000	-37.89370000
154.09999103	0.00000000	-84.91634000	-37.89370000
154.29999102	0.00000000	-84.91634000	-37.89370000
154.49999100	0.00000000	-84.22120000	-37.89370000
154.69999099	0.00000000	-83.84596000	-37.89370000
154.89999098	0.00000000	-83.80289000	-37.93676000
155.09999097	0.00000000	-83.75984000	-38.26894000
155.29999096	0.00000000	-83.38459000	-38.63804000
155.49999094	0.00000000	-82.64025000	-38.26894000
155.69999093	0.00000000	-82.31422000	-37.98597000
155.89999092	0.00000000	-82.64025000	-38.26894000
156.09999091	0.00000000	-83.38459000	-38.63804000
156.29999090	0.00000000	-83.75984000	-38.26894000
156.49999089	0.00000000	-83.84596000	-37.93676000
156.69999087	0.00000000	-84.22120000	-37.89370000
156.89999086	0.00000000	-84.96555000	-37.85064000
157.09999085	0.00000000	-85.34079000	-37.51845000
157.29999084	0.00000000	-85.34079000	-37.14936000
157.49999083	0.00000000	-84.96555000	-37.51845000
157.69999081	0.00000000	-84.22120000	-37.85064000
157.89999080	0.00000000	-83.84596000	-37.89370000
158.09999079	0.00000000	-83.80289000	-37.93676000
158.29999078	0.00000000	-83.80289000	-38.31200000
158.49999077	0.00000000	-83.75984000	-39.00713000
158.69999075	0.00000000	-83.42766000	-39.00713000
158.89999074	0.00000000	-83.05856000	-38.31200000
159.09999073	0.00000000	-83.42766000	-37.93676000
159.29999072	0.00000000	-83.75984000	-37.85064000
159.49999071	0.00000000	-83.80289000	-37.47539000
159.69999070	0.00000000	-83.80289000	-36.73105000
159.89999068	0.00000000	-83.80289000	-36.35580000
160.09999067	0.00000000	-83.80289000	-36.35580000
160.29999066	0.00000000	-83.80289000	-36.73105000
160.49999065	0.00000000	-83.80289000	-37.47539000
160.69999064	0.00000000	-83.80289000	-37.85064000
160.89999062	0.00000000	-83.80289000	-37.89370000
161.09999061	0.00000000	-83.80289000	-37.89370000
161.29999060	0.00000000	-83.80289000	-37.89370000
161.49999059	0.00000000	-83.80289000	-37.89370000
161.69999058	0.00000000	-83.75984000	-37.85064000
161.89999056	0.00000000	-83.38459000	-37.47539000
162.09999055	0.00000000	-82.68947000	-36.73105000
162.29999054	0.00000000	-82.68947000	-36.35580000
162.49999053	0.00000000	-83.38459000	-36.31274000
162.69999052	0.00000000	-83.75984000	-36.31274000
162.89999051	0.00000000	-83.80289000	-36.31274000
163.09999049	0.00000000	-83.80289000	-36.35580000
163.29999048	0.00000000	-83.80289000	-36.73105000
163.49999047	0.00000000	-83.84596000	-37.47539000
163.69999046	0.00000000	-84.17815000	-37.85064000
163.89999045	0.00000000	-84.54724000	-37.89370000
164.09999043	0.00000000	-84.17815000	-37.89370000
164.29999042	0.00000000	-83.84596000	-37.89370000
164.49999041	0.00000000	-83.75984000	-37.89370000
164.69999040	0.00000000	-83.38459000	-37.89370000
164.89999039	0.00000000	-82.64025000	-37.89370000
165.09999037	0.00000000	-82.31422000	-37.89370000
165.29999036	0.00000000	-82.64025000	-37.89370000
165.49999035	0.00000000	-83.38459000	-37.89370000
165.69999034	0.00000000	-83.75984000	-37.89370000
165.89999033	0.00000000	-83.80289000	-37.89370000
166.09999032	0.00000000	-83.84596000	-37.89370000
166.29999030	0.00000000	-84.17815000	-37.89370000
166.49999029	0.00000000	-84.54724000	-37.89370000
166.69999028	0.00000000	-84.17815000	-37.89370000
166.89999027	0.00000000	-83.84596000	-37.89370000
167.09999026	0.00000000	-83.80289000	-37.89370000
167.29999024	0.00000000	-83.75984000	-37.89370000
167.49999023	0.00000000	-83.42766000	-37.89370000
167.69999022	0.00000000	-83.05856000	-37.89370000
167.89999021	0.00000000	-83.42766000	-37.89370000
168.09999020	0.00000000	-83.75984000	-37.89370000
168.29999018	0.00000000	-83.80289000	-37.89370000
168.49999017	0.00000000	-83.80289000	-37.89370000
168.69999016	0.00000000	-83.80289000	-37.89370000
168.89999015	0.00000000	-83.80289000	-37.89370000
169.09999014	0.00000000	-83.80289000	-37.89370000
169.29999013	0.00000000	-83.80289000	-37.89370000
169.49999011	0.00000000	-83.80289000	-37.89370000
169.69999010	0.00000000	-83.80289000	-37.89370000
169.89999009	0.00000000	-83.80289000	-37.89370000
170.09999008	0.00000000	-83.80289000	-37.89370000
170.29999007	0.00000000	-83.80289000	-37.89370000
170.49999005	0.00000000	-83.80289000	-37.89370000
170.69999004	0.00000000	-83.80289000	-37.89370000
170.89999003	0.00000000	-83.80289000	-37.89370000
171.09999002	0.00000000	-83.80289000	-37.93676000
171.29999001	0.00000000	-83.80289000	-38.31200000
171.49998999	0.00000000	-83.80289000	-39.05635000
171.69998998	0.00000000	-83.80289000	-39.38238000
171.89998997	0.00000000	-83.80289000	-39.05635000
172.09998996	0.00000000	-83.80289000	-38.31200000
172.29998995	0.00000000	-83.84596000	-37.98597000
172.49998994	0.00000000	-84.22120000	-38.26894000
172.69998992	0.00000000	-84.91634000	-38.63804000
172.89998991	0.00000000	-84.91634000	-38.26894000
173.09998990	0.00000000	-84.22120000	-37.93676000
173.29998989	0.00000000	-83.84596000	-37.93676000
173.49998988	0.00000000	-83.80289000	-38.26894000
173.69998986	0.00000000	-83.80289000	-38.63804000
173.89998985	0.00000000	-83.80289000	-38.31200000
174.09998984	0.00000000	-83.80289000	-38.31200000
174.29998983	0.00000000	-83.80289000	-38.63804000
174.49998982	0.00000000	-83.80289000	-38.26894000
174.69998980	0.00000000	-83.80289000	-37.93676000
174.89998979	0.00000000	-83.80289000	-37.89370000
175.09998978	0.00000000	-83.80289000	-37.89370000
175.29998977	0.00000000	-83.80289000	-37.89370000
175.49998976	0.00000000	-83.80289000	-37.89370000
175.69998975	0.00000000	-83.84596000	-37.89370000
175.89998973	0.00000000	-84.17815000	-37.89370000
176.09998972	0.00000000	-84.54724000	-37.89370000
176.29998971	0.00000000	-84.17815000	-37.89370000
176.49998970	0.00000000	-83.84596000	-37.89370000
176.69998969	0.00000000	-83.80289000	-37.89370000
176.89998967	0.00000000	-83.80289000	-37.89370000
177.09998966	0.00000000	-83.80289000	-37.89370000
177.29998965	0.00000000	-83.80289000	-37.89370000
177.49998964	0.00000000	-83.80289000	-37.89370000
177.69998963	0.00000000	-83.80289000	-37.89370000
177.89998961	0.00000000	-83.80289000	-37.89370000
178.09998960	0.00000000	-83.80289000	-37.89370000
178.29998959	0.00000000	-83.80289000	-37.89370000
178.49998958	0.00000000	-83.80289000	-37.85064000
178.69998957	0.00000000	-83.80289000	-37.47539000
178.89998956	0.00000000	-83.80289000	-36.73105000
179.09998954	0.00000000	-83.80289000	-36.40502000
179.29998953	0.00000000	-83.80289000	-36.68799000
179.49998952	0.00000000	-83.80289000	-37.10014000
179.69998951	0.00000000	-83.80289000	-37.10630000
179.89998950	0.00000000	-83.80289000	-37.51845000
180.09998948	0.00000000	-83.80289000	-37.85064000
180.29998947	0.00000000	-83.80289000	-37.89370000
180.49998946	0.00000000	-83.80289000	-37.89370000
180.69998945	0.00000000	-83.80289000	-37.89370000
180.89998944	0.00000000	-83.80289000	-37.89370000
181.09998942	0.00000000	-83.80289000	-37.89370000
181.29998941	0.00000000	-83.80289000	-37.85064000
181.49998940	0.00000000	-83.80289000	-37.47539000
181.69998939	0.00000000	-83.80289000	-36.78026000
181.89998938	0.00000000	-83.80289000	-36.78026000
182.09998937	0.00000000	-83.80289000	-37.47539000
182.29998935	0.00000000	-83.80289000	-37.85064000
182.49998934	0.00000000	-83.80289000	-37.89370000
182.69998933	0.00000000	-83.80289000	-37.89370000
182.89998932	0.00000000	-83.80289000	-37.93676000
183.09998931	0.00000000	-83.80289000	-38.31200000
183.29998929	0.00000000	-83.80289000	-39.00713000
183.49998928	0.00000000	-83.84596000	-39.00713000
183.69998927	0.00000000	-84.17815000	-38.31200000
183.89998926	0.00000000	-84.54724000	-37.93676000
184.09998925	0.00000000	-84.17815000	-37.89370000
184.29998923	0.00000000	-83.84596000	-37.89370000
184.49998922	0.00000000	-83.84596000	-37.89370000
184.69998921	0.00000000	-84.22120000	-37.89370000
184.89998920	0.00000000	-84.91634000	-37.93676000
185.09998919	0.00000000	-84.96555000	-38.26894000
185.29998918	0.00000000	-84.59645000	-38.63804000
185.49998916	0.00000000	-84.59030000	-38.31200000
185.69998915	0.00000000	-84.22120000	-38.36122000
185.89998914	0.00000000	-84.22120000	-39.05635000
186.09998913	0.00000000	-84.54724000	-39.43159000
186.29998912	0.00000000	-84.22120000	-39.47465000
186.49998910	0.00000000	-84.27042000	-39.47465000
186.69998909	0.00000000	-84.96555000	-39.47465000
186.89998908	0.00000000	-85.34079000	-39.43159000
187.09998907	0.00000000	-85.38385000	-39.05635000
187.29998906	0.00000000	-85.38385000	-38.31200000
187.49998904	0.00000000	-85.38385000	-37.93676000
187.69998903	0.00000000	-85.38385000	-37.89370000
187.89998902	0.00000000	-85.38385000	-37.89370000
188.09998901	0.00000000	-85.34079000	-37.93676000
188.29998900	0.00000000	-84.96555000	-38.26894000
188.49998899	0.00000000	-84.22120000	-38.68110000
188.69998897	0.00000000	-83.84596000	-38.68725000
188.89998896	0.00000000	-83.80289000	-39.09941000
189.09998895	0.00000000	-83.84596000	-39.43159000
189.29998894	0.00000000	-84.22120000	-39.47465000
189.49998893	0.00000000	-84.96555000	-39.43159000
189.69998891	0.00000000	-85.34079000	-39.05635000
189.89998890	0.00000000	-85.38385000	-38.31200000
190.09998889	0.00000000	-85.38385000	-37.93676000
190.29998888	0.00000000	-85.38385000	-37.89370000
190.49998887	0.00000000	-85.38385000	-37.89370000
190.69998885	0.00000000	-85.38385000	-37.89370000
190.89998884	0.00000000	-85.34079000	-37.89370000
191.09998883	0.00000000	-84.96555000	-37.89370000
191.29998882	0.00000000	-84.22120000	-37.89370000
191.49998881	0.00000000	-83.84596000	-37.89370000
191.69998880	0.00000000	-83.80289000	-37.89370000
191.89998878	0.00000000	-83.80289000	-37.89370000
192.09998877	0.00000000	-83.80289000	-37.89370000
192.29998876	0.00000000	-83.84596000	-37.89370000
192.49998875	0.00000000	-84.22120000	-37.89370000
192.69998874	0.00000000	-84.96555000	-37.89370000
192.89998872	0.00000000	-85.34079000	-37.89370000
193.09998871	0.00000000	-85.38385000	-37.89370000
193.29998870	0.00000000	-85.38385000	-37.85064000
193.49998869	0.00000000	-85.34079000	-37.51845000
193.69998868	0.00000000	-84.96555000	-37.10630000
193.89998866	0.00000000	-84.22120000	-37.10014000
194.09998865	0.00000000	-83.84596000	-36.68799000
194.29998864	0.00000000	-83.80289000	-36.35580000
194.49998863	0.00000000	-83.80289000	-36.35580000
194.69998862	0.00000000	-83.80289000	-36.73105000
194.89998861	0.00000000	-83.80289000	-37.47539000
195.09998859	0.00000000	-83.80289000	-37.85064000
195.29998858	0.00000000	-83.84596000	-37.89370000
195.49998857	0.00000000	-84.22120000	-37.89370000
195.69998856	0.00000000	-84.96555000	-37.89370000
195.89998855	0.00000000	-85.34079000	-37.89370000
196.09998853	0.00000000	-85.34079000	-37.89370000
