Time	Channel A	Channel B	Channel C
(us)	(V)	(mV)	(mV)

-4.09999969	0.00000000	-117.00910000	-12.62918000
-3.89999971	0.00000000	-117.00910000	-12.62918000
-3.69999972	0.00000000	-118.59000000	-12.62918000
-3.49999973	0.00000000	-117.00910000	-12.62918000
-3.29999974	0.00000000	-117.00910000	-12.62918000
-3.09999975	0.00000000	-117.00910000	-12.62918000
-2.89999977	0.00000000	-117.00910000	-12.62918000
-2.69999978	0.00000000	-117.00910000	-12.62918000
-2.49999979	0.00000000	-117.00910000	-12.62918000
-2.29999980	0.00000000	-117.00910000	-12.62918000
-2.09999981	0.00000000	-117.00910000	-12.62918000
-1.89999982	0.00000000	-117.00910000	-12.62918000
-1.69999984	0.00000000	-117.00910000	-12.62918000
-1.49999985	0.00000000	-117.00910000	-12.62918000
-1.29999986	0.00000000	-117.00910000	-12.62918000
-1.09999987	0.00000000	-118.59000000	-12.62918000
-0.89999988	0.00000000	-117.00910000	-14.21014000
-0.69999990	0.00000000	-117.00910000	-12.62918000
-0.49999991	0.00000000	-117.00910000	-12.62918000
-0.29999992	0.31803640	-117.00910000	-12.62918000
-0.09999993	0.63668800	-117.00910000	-12.62918000
0.10000006	0.95533960	-117.00910000	-12.62918000
0.30000004	1.11466500	-117.00910000	-12.62918000
0.50000003	0.95533960	-115.42810000	-12.62918000
0.70000002	0.47736220	-117.00910000	-12.62918000
0.90000001	-0.15871060	-117.00910000	-12.62918000
1.10000000	-0.95533960	-117.00910000	-12.62918000
1.29999999	-1.91129400	-118.59000000	-12.62918000
1.49999997	-2.54859700	-118.59000000	-12.62918000
1.69999996	-2.70792300	-118.59000000	-12.62918000
1.89999995	-2.22994600	-118.59000000	-12.62918000
2.09999994	-0.95533960	-117.00910000	-12.62918000
2.29999993	0.95533960	-115.42810000	-12.62918000
2.49999991	2.86724900	-115.42810000	-12.62918000
2.69999990	4.61921700	-113.84720000	-12.62918000
2.89999989	5.41584600	-113.84720000	-12.62918000
3.09999988	4.93786900	-113.84720000	-12.62918000
3.29999987	3.34522600	-113.84720000	-12.62918000
3.49999985	0.63668800	-115.42810000	-12.62918000
3.69999984	-2.70792300	-118.59000000	-12.62918000
3.89999983	-5.57517200	-120.17100000	-12.62918000
4.09999982	-7.64579200	-121.75200000	-14.21014000
4.29999981	-7.96444400	-121.75200000	-12.62918000
4.49999980	-6.53112700	-120.17100000	-12.62918000
4.69999978	-3.50393700	-118.59000000	-12.62918000
4.89999977	0.47736220	-117.00910000	-12.62918000
5.09999976	4.61921700	-113.84720000	-12.62918000
5.29999975	7.96444400	-112.26620000	-12.62918000
5.49999974	9.55770200	-110.68530000	-12.62918000
5.69999972	9.07972400	-110.68530000	-12.62918000
5.89999971	6.53112700	-112.26620000	-12.62918000
6.09999970	2.38927200	-115.42810000	-12.62918000
6.29999969	-2.07062000	-117.00910000	-12.62918000
6.49999968	-6.21247500	-120.17100000	-14.21014000
6.69999967	-8.92039900	-121.75200000	-14.21014000
6.89999965	-9.55770200	-121.75200000	-14.21014000
7.09999964	-8.12377000	-120.17100000	-12.62918000
7.29999963	-4.93786900	-120.17100000	-12.62918000
7.49999962	-0.79601380	-117.00910000	-12.62918000
7.69999961	3.18590100	-113.84720000	-12.62918000
7.89999959	6.21247500	-112.26620000	-12.62918000
8.09999958	7.80511800	-112.26620000	-12.62918000
8.29999957	7.48646600	-112.26620000	-12.62918000
8.49999956	5.73449800	-113.84720000	-12.62918000
8.69999955	2.86724900	-115.42810000	-12.62918000
8.89999953	-0.31803640	-117.00910000	-12.62918000
9.09999952	-3.18590100	-118.59000000	-12.62918000
9.29999951	-4.77854300	-118.59000000	-12.62918000
9.49999950	-5.25652100	-118.59000000	-12.62918000
9.69999949	-4.61921700	-118.59000000	-12.62918000
9.89999948	-3.02657500	-117.00910000	-12.62918000
10.09999946	-1.11466500	-117.00910000	-12.62918000
10.29999945	0.79601380	-115.42810000	-12.62918000
10.49999944	2.07062000	-115.42810000	-12.62918000
10.69999943	2.54859700	-115.42810000	-12.62918000
10.89999942	2.54859700	-115.42810000	-12.62918000
11.09999940	1.91129400	-115.42810000	-12.62918000
11.29999939	0.95533960	-118.59000000	-12.62918000
11.49999938	0.15871060	-117.00910000	-12.62918000
11.69999937	-0.47736220	-115.42810000	-12.62918000
11.89999936	-0.95533960	-117.00910000	-14.21014000
12.09999934	-0.95533960	-117.00910000	-12.62918000
12.29999933	-0.95533960	-117.00910000	-12.62918000
12.49999932	-0.63668800	-117.00910000	-12.62918000
12.69999931	-0.31803640	-115.42810000	-12.62918000
12.89999930	0.00000000	-115.42810000	-12.62918000
13.09999929	0.00000000	-117.00910000	-12.62918000
13.29999927	-0.15871060	-117.00910000	-12.62918000
13.49999926	0.00000000	-117.00910000	-12.62918000
13.69999925	0.00000000	-117.00910000	-12.62918000
13.89999924	0.00000000	-117.00910000	-12.62918000
14.09999923	0.00000000	-117.00910000	-12.62918000
14.29999921	0.00000000	-117.00910000	-12.62918000
14.49999920	0.00000000	-115.42810000	-12.62918000
14.69999919	0.00000000	-115.42810000	-12.62918000
14.89999918	0.00000000	-115.42810000	-12.62918000
15.09999917	0.00000000	-115.42810000	-12.62918000
15.29999915	0.00000000	-115.42810000	-12.62918000
15.49999914	0.00000000	-117.00910000	-12.62918000
15.69999913	0.00000000	-117.00910000	-12.62918000
15.89999912	0.00000000	-117.00910000	-12.62918000
16.09999911	0.00000000	-117.00910000	-12.62918000
16.29999910	0.00000000	-118.59000000	-12.62918000
16.49999908	0.00000000	-118.59000000	-12.62918000
16.69999907	0.00000000	-117.00910000	-12.62918000
16.89999906	0.00000000	-117.00910000	-12.62918000
17.09999905	0.00000000	-115.42810000	-12.62918000
17.29999904	0.00000000	-115.42810000	-12.62918000
17.49999902	0.00000000	-113.84720000	-12.62918000
17.69999901	0.00000000	-112.26620000	-12.62918000
17.89999900	0.00000000	-112.26620000	-12.62918000
18.09999899	0.00000000	-110.68530000	-12.62918000
18.29999898	0.00000000	-112.26620000	-12.62918000
18.49999896	0.00000000	-113.84720000	-12.62918000
18.69999895	0.00000000	-117.00910000	-12.62918000
18.89999894	0.00000000	-118.59000000	-12.62918000
19.09999893	0.00000000	-121.75200000	-12.62918000
19.29999892	0.00000000	-123.33290000	-12.62918000
19.49999891	0.00000000	-121.75200000	-12.62918000
19.69999889	0.00000000	-120.17100000	-12.62918000
19.89999888	0.00000000	-117.00910000	-12.62918000
20.09999887	0.00000000	-112.26620000	-12.62918000
20.29999886	0.00000000	-109.10430000	-12.62918000
20.49999885	0.00000000	-105.94240000	-12.62918000
20.69999883	0.00000000	-104.36150000	-12.62918000
20.89999882	0.00000000	-105.94240000	-12.62918000
21.09999881	0.00000000	-107.52340000	-12.62918000
21.29999880	0.00000000	-112.26620000	-12.62918000
21.49999879	0.00000000	-118.59000000	-12.62918000
21.69999877	0.00000000	-123.33290000	-12.62918000
21.89999876	0.00000000	-126.49480000	-12.62918000
22.09999875	0.00000000	-128.07580000	-12.62918000
22.29999874	0.00000000	-126.49480000	-12.62918000
22.49999873	0.00000000	-123.33290000	-12.62918000
22.69999872	0.00000000	-117.00910000	-11.04823000
22.89999870	0.00000000	-110.68530000	-11.04823000
23.09999869	0.00000000	-105.94240000	-11.04823000
23.29999868	0.00000000	-102.78050000	-11.04823000
23.49999867	0.00000000	-104.36150000	-12.62918000
23.69999866	0.00000000	-105.94240000	-12.62918000
23.89999864	0.00000000	-110.68530000	-15.78494000
24.09999863	0.00000000	-115.42810000	-17.36589000
24.29999862	0.00000000	-120.17100000	-18.94685000
24.49999861	0.00000000	-124.91390000	-18.94685000
24.69999860	0.00000000	-124.91390000	-18.94685000
24.89999858	0.00000000	-124.91390000	-15.78494000
25.09999857	0.00000000	-121.75200000	-12.62918000
25.29999856	0.00000000	-117.00910000	-7.89247000
25.49999855	0.00000000	-113.84720000	-4.73671200
25.69999854	0.00000000	-110.68530000	-1.57480300
25.89999853	0.00000000	-109.10430000	0.00000000
26.09999851	0.00000000	-109.10430000	-1.57480300
26.29999850	0.00000000	-110.68530000	-4.73671200
26.49999849	0.00000000	-113.84720000	-11.04823000
26.69999848	0.00000000	-117.00910000	-18.94685000
26.89999847	0.00000000	-118.59000000	-26.83932000
27.09999845	0.00000000	-120.17100000	-31.57603000
27.29999844	0.00000000	-120.17100000	-31.57603000
27.49999843	0.00000000	-117.00910000	-30.00123000
27.69999842	0.00000000	-115.42810000	-25.26452000
27.89999841	0.00000000	-113.84720000	-15.78494000
28.09999839	0.00000000	-112.26620000	-4.73671200
28.29999838	0.00000000	-112.26620000	4.73671200
28.49999837	0.00000000	-112.26620000	11.04823000
28.69999836	0.00000000	-113.84720000	14.21014000
28.89999835	0.00000000	-115.42810000	11.04823000
29.09999834	0.00000000	-117.00910000	3.15575800
29.29999832	0.00000000	-118.59000000	-7.89247000
29.49999831	0.00000000	-118.59000000	-20.52780000
29.69999830	0.00000000	-117.00910000	-31.57603000
29.89999829	0.00000000	-115.42810000	-39.47465000
30.09999828	0.00000000	-115.42810000	-41.05561000
30.29999826	0.00000000	-113.84720000	-37.89370000
30.49999825	0.00000000	-113.84720000	-28.42027000
30.69999824	0.00000000	-113.84720000	-15.78494000
30.89999823	0.00000000	-113.84720000	-3.15575800
31.09999822	0.00000000	-113.84720000	6.31151500
31.29999820	0.00000000	-113.84720000	14.21014000
31.49999819	0.00000000	-112.26620000	14.21014000
31.69999818	0.00000000	-112.26620000	9.47342500
31.89999817	0.00000000	-112.26620000	0.00000000
32.09999816	0.00000000	-112.26620000	-11.04823000
32.29999815	0.00000000	-113.84720000	-23.68356000
32.49999813	0.00000000	-115.42810000	-31.57603000
32.69999812	0.00000000	-118.59000000	-36.31274000
32.89999811	0.00000000	-120.17100000	-34.73794000
33.09999810	0.00000000	-121.75200000	-28.42027000
33.29999809	0.00000000	-121.75200000	-18.94685000
33.49999807	0.00000000	-120.17100000	-9.47342500
33.69999806	0.00000000	-118.59000000	0.00000000
33.89999805	0.00000000	-113.84720000	4.73671200
34.09999804	0.00000000	-110.68530000	6.31151500
34.29999803	0.00000000	-105.94240000	1.57480300
34.49999801	0.00000000	-104.36150000	-6.31151500
34.69999800	0.00000000	-104.36150000	-14.21014000
34.89999799	0.00000000	-107.52340000	-22.10261000
35.09999798	0.00000000	-112.26620000	-28.42027000
35.29999797	0.00000000	-117.00910000	-30.00123000
35.49999796	0.00000000	-121.75200000	-26.83932000
35.69999794	0.00000000	-126.49480000	-20.52780000
35.89999793	0.00000000	-128.07580000	-11.04823000
36.09999792	0.00000000	-128.07580000	-3.15575800
36.29999791	0.00000000	-124.91390000	3.15575800
36.49999790	0.00000000	-118.59000000	4.73671200
36.69999788	0.00000000	-112.26620000	3.15575800
36.89999787	0.00000000	-105.94240000	-3.15575800
37.09999786	0.00000000	-102.78050000	-11.04823000
37.29999785	0.00000000	-99.61245000	-18.94685000
37.49999784	0.00000000	-101.19960000	-26.83932000
37.69999782	0.00000000	-104.36150000	-31.57603000
37.89999781	0.00000000	-110.68530000	-30.00123000
38.09999780	0.00000000	-117.00910000	-26.83932000
38.29999779	0.00000000	-123.33290000	-18.94685000
38.49999778	0.00000000	-128.07580000	-11.04823000
38.69999777	0.00000000	-129.65670000	-3.15575800
38.89999775	0.00000000	-126.49480000	3.15575800
39.09999774	0.00000000	-123.33290000	4.73671200
39.29999773	0.00000000	-117.00910000	3.15575800
39.49999772	0.00000000	-110.68530000	-1.57480300
39.69999771	0.00000000	-105.94240000	-7.89247000
39.89999769	0.00000000	-102.78050000	-15.78494000
40.09999768	0.00000000	-102.78050000	-23.68356000
40.29999767	0.00000000	-104.36150000	-26.83932000
40.49999766	0.00000000	-107.52340000	-26.83932000
40.69999765	0.00000000	-112.26620000	-25.26452000
40.89999763	0.00000000	-117.00910000	-20.52780000
41.09999762	0.00000000	-120.17100000	-15.78494000
41.29999761	0.00000000	-123.33290000	-9.47342500
41.49999760	0.00000000	-123.33290000	-4.73671200
41.69999759	0.00000000	-120.17100000	-1.57480300
41.89999758	0.00000000	-117.00910000	-1.57480300
42.09999756	0.00000000	-113.84720000	-3.15575800
42.29999755	0.00000000	-110.68530000	-6.31151500
42.49999754	0.00000000	-109.10430000	-11.04823000
42.69999753	0.00000000	-109.10430000	-14.21014000
42.89999752	0.00000000	-110.68530000	-17.36589000
43.09999750	0.00000000	-113.84720000	-20.52780000
43.29999749	0.00000000	-117.00910000	-20.52780000
43.49999748	0.00000000	-117.00910000	-20.52780000
43.69999747	0.00000000	-117.00910000	-18.94685000
43.89999746	0.00000000	-115.42810000	-15.78494000
44.09999744	0.00000000	-115.42810000	-12.62918000
44.29999743	0.00000000	-112.26620000	-9.47342500
44.49999742	0.00000000	-110.68530000	-7.89247000
44.69999741	0.00000000	-109.10430000	-4.73671200
44.89999740	0.00000000	-110.68530000	-6.31151500
45.09999739	0.00000000	-112.26620000	-6.31151500
45.29999737	0.00000000	-115.42810000	-7.89247000
45.49999736	0.00000000	-117.00910000	-11.04823000
45.69999735	0.00000000	-120.17100000	-14.21014000
45.89999734	0.00000000	-120.17100000	-15.78494000
46.09999733	0.00000000	-120.17100000	-18.94685000
46.29999731	0.00000000	-118.59000000	-18.94685000
46.49999730	0.00000000	-115.42810000	-18.94685000
46.69999729	0.00000000	-112.26620000	-17.36589000
46.89999728	0.00000000	-109.10430000	-15.78494000
47.09999727	0.00000000	-107.52340000	-12.62918000
47.29999725	0.00000000	-107.52340000	-9.47342500
47.49999724	0.00000000	-109.10430000	-7.89247000
47.69999723	0.00000000	-112.26620000	-7.89247000
47.89999722	0.00000000	-113.84720000	-7.89247000
48.09999721	0.00000000	-117.00910000	-9.47342500
48.29999720	0.00000000	-118.59000000	-9.47342500
48.49999718	0.00000000	-118.59000000	-12.62918000
48.69999717	0.00000000	-118.59000000	-14.21014000
48.89999716	0.00000000	-117.00910000	-15.78494000
49.09999715	0.00000000	-115.42810000	-17.36589000
49.29999714	0.00000000	-113.84720000	-17.36589000
49.49999712	0.00000000	-112.26620000	-15.78494000
49.69999711	0.00000000	-112.26620000	-14.21014000
49.89999710	0.00000000	-112.26620000	-12.62918000
50.09999709	0.00000000	-112.26620000	-12.62918000
50.29999708	0.00000000	-113.84720000	-11.04823000
50.49999706	0.00000000	-113.84720000	-11.04823000
50.69999705	0.00000000	-113.84720000	-11.04823000
50.89999704	0.00000000	-115.42810000	-11.04823000
51.09999703	0.00000000	-115.42810000	-11.04823000
51.29999702	0.00000000	-113.84720000	-12.62918000
51.49999701	0.00000000	-113.84720000	-12.62918000
51.69999699	0.00000000	-113.84720000	-14.21014000
51.89999698	0.00000000	-113.84720000	-14.21014000
52.09999697	0.00000000	-113.84720000	-12.62918000
52.29999696	0.00000000	-115.42810000	-12.62918000
52.49999695	0.00000000	-115.42810000	-12.62918000
52.69999693	0.00000000	-115.42810000	-12.62918000
52.89999692	0.00000000	-113.84720000	-12.62918000
53.09999691	0.00000000	-113.84720000	-12.62918000
53.29999690	0.00000000	-113.84720000	-12.62918000
53.49999689	0.00000000	-112.26620000	-14.21014000
53.69999687	0.00000000	-112.26620000	-14.21014000
53.89999686	0.00000000	-112.26620000	-14.21014000
54.09999685	0.00000000	-112.26620000	-14.21014000
54.29999684	0.00000000	-113.84720000	-12.62918000
54.49999683	0.00000000	-115.42810000	-12.62918000
54.69999682	0.00000000	-115.42810000	-11.04823000
54.89999680	0.00000000	-115.42810000	-9.47342500
55.09999679	0.00000000	-115.42810000	-9.47342500
55.29999678	0.00000000	-113.84720000	-9.47342500
55.49999677	0.00000000	-112.26620000	-11.04823000
55.69999676	0.00000000	-110.68530000	-12.62918000
55.89999674	0.00000000	-109.10430000	-14.21014000
56.09999673	0.00000000	-109.10430000	-15.78494000
56.29999672	0.00000000	-112.26620000	-17.36589000
56.49999671	0.00000000	-113.84720000	-17.36589000
56.69999670	0.00000000	-115.42810000	-15.78494000
56.89999668	0.00000000	-117.00910000	-14.21014000
57.09999667	0.00000000	-118.59000000	-11.04823000
57.29999666	0.00000000	-117.00910000	-9.47342500
57.49999665	0.00000000	-115.42810000	-7.89247000
57.69999664	0.00000000	-113.84720000	-7.89247000
57.89999663	0.00000000	-110.68530000	-9.47342500
58.09999661	0.00000000	-109.10430000	-11.04823000
58.29999660	0.00000000	-107.52340000	-12.62918000
58.49999659	0.00000000	-109.10430000	-15.78494000
58.69999658	0.00000000	-110.68530000	-15.78494000
58.89999657	0.00000000	-112.26620000	-17.36589000
59.09999655	0.00000000	-117.00910000	-17.36589000
59.29999654	0.00000000	-120.17100000	-15.78494000
59.49999653	0.00000000	-118.59000000	-12.62918000
59.69999652	0.00000000	-118.59000000	-11.04823000
59.89999651	0.00000000	-117.00910000	-9.47342500
60.09999649	0.00000000	-113.84720000	-9.47342500
60.29999648	0.00000000	-110.68530000	-9.47342500
60.49999647	0.00000000	-107.52340000	-9.47342500
60.69999646	0.00000000	-105.94240000	-11.04823000
60.89999645	0.00000000	-105.94240000	-14.21014000
61.09999644	0.00000000	-109.10430000	-14.21014000
61.29999642	0.00000000	-110.68530000	-15.78494000
61.49999641	0.00000000	-115.42810000	-15.78494000
61.69999640	0.00000000	-120.17100000	-15.78494000
61.89999639	0.00000000	-123.33290000	-14.21014000
62.09999638	0.00000000	-123.33290000	-12.62918000
62.29999636	0.00000000	-121.75200000	-11.04823000
62.49999635	0.00000000	-117.00910000	-11.04823000
62.69999634	0.00000000	-112.26620000	-9.47342500
62.89999633	0.00000000	-107.52340000	-9.47342500
63.09999632	0.00000000	-104.36150000	-11.04823000
63.29999630	0.00000000	-102.78050000	-11.04823000
63.49999629	0.00000000	-104.36150000	-12.62918000
63.69999628	0.00000000	-107.52340000	-14.21014000
63.89999627	0.00000000	-113.84720000	-14.21014000
64.09999626	0.00000000	-118.59000000	-15.78494000
64.29999625	0.00000000	-121.75200000	-15.78494000
64.49999623	0.00000000	-123.33290000	-14.21014000
64.69999622	0.00000000	-123.33290000	-12.62918000
64.89999621	0.00000000	-121.75200000	-11.04823000
65.09999620	0.00000000	-117.00910000	-11.04823000
65.29999619	0.00000000	-112.26620000	-9.47342500
65.49999617	0.00000000	-107.52340000	-9.47342500
65.69999616	0.00000000	-102.78050000	-9.47342500
65.89999615	0.00000000	-102.78050000	-11.04823000
66.09999614	0.00000000	-102.78050000	-12.62918000
66.29999613	0.00000000	-104.36150000	-14.21014000
66.49999611	0.00000000	-109.10430000	-15.78494000
66.69999610	0.00000000	-113.84720000	-17.36589000
66.89999609	0.00000000	-118.59000000	-17.36589000
67.09999608	0.00000000	-120.17100000	-15.78494000
67.29999607	0.00000000	-120.17100000	-14.21014000
67.49999606	0.00000000	-118.59000000	-12.62918000
67.69999604	0.00000000	-115.42810000	-11.04823000
67.89999603	0.00000000	-112.26620000	-7.89247000
68.09999602	0.00000000	-109.10430000	-7.89247000
68.29999601	0.00000000	-107.52340000	-7.89247000
68.49999600	0.00000000	-105.94240000	-9.47342500
68.69999598	0.00000000	-107.52340000	-11.04823000
68.89999597	0.00000000	-109.10430000	-12.62918000
69.09999596	0.00000000	-110.68530000	-14.21014000
69.29999595	0.00000000	-113.84720000	-15.78494000
69.49999594	0.00000000	-115.42810000	-17.36589000
69.69999592	0.00000000	-115.42810000	-17.36589000
69.89999591	0.00000000	-115.42810000	-15.78494000
70.09999590	0.00000000	-113.84720000	-14.21014000
70.29999589	0.00000000	-113.84720000	-12.62918000
70.49999588	0.00000000	-112.26620000	-11.04823000
70.69999587	0.00000000	-112.26620000	-9.47342500
70.89999585	0.00000000	-112.26620000	-9.47342500
71.09999584	0.00000000	-112.26620000	-9.47342500
71.29999583	0.00000000	-112.26620000	-9.47342500
71.49999582	0.00000000	-112.26620000	-9.47342500
71.69999581	0.00000000	-112.26620000	-11.04823000
71.89999579	0.00000000	-112.26620000	-12.62918000
72.09999578	0.00000000	-113.84720000	-14.21014000
72.29999577	0.00000000	-112.26620000	-15.78494000
72.49999576	0.00000000	-110.68530000	-15.78494000
72.69999575	0.00000000	-110.68530000	-15.78494000
72.89999573	0.00000000	-110.68530000	-15.78494000
73.09999572	0.00000000	-110.68530000	-14.21014000
73.29999571	0.00000000	-112.26620000	-12.62918000
73.49999570	0.00000000	-113.84720000	-11.04823000
73.69999569	0.00000000	-113.84720000	-9.47342500
73.89999568	0.00000000	-113.84720000	-9.47342500
74.09999566	0.00000000	-115.42810000	-9.47342500
74.29999565	0.00000000	-115.42810000	-11.04823000
74.49999564	0.00000000	-115.42810000	-11.04823000
74.69999563	0.00000000	-113.84720000	-12.62918000
74.89999562	0.00000000	-112.26620000	-14.21014000
75.09999560	0.00000000	-110.68530000	-15.78494000
75.29999559	0.00000000	-112.26620000	-15.78494000
75.49999558	0.00000000	-110.68530000	-15.78494000
75.69999557	0.00000000	-110.68530000	-15.78494000
75.89999556	0.00000000	-110.68530000	-14.21014000
76.09999554	0.00000000	-112.26620000	-11.04823000
76.29999553	0.00000000	-113.84720000	-9.47342500
76.49999552	0.00000000	-113.84720000	-9.47342500
76.69999551	0.00000000	-113.84720000	-9.47342500
76.89999550	0.00000000	-113.84720000	-9.47342500
77.09999549	0.00000000	-112.26620000	-11.04823000
77.29999547	0.00000000	-112.26620000	-12.62918000
77.49999546	0.00000000	-112.26620000	-14.21014000
77.69999545	0.00000000	-112.26620000	-15.78494000
77.89999544	0.00000000	-112.26620000	-15.78494000
78.09999543	0.00000000	-110.68530000	-15.78494000
78.29999541	0.00000000	-112.26620000	-14.21014000
78.49999540	0.00000000	-110.68530000	-12.62918000
78.69999539	0.00000000	-112.26620000	-12.62918000
78.89999538	0.00000000	-110.68530000	-11.04823000
79.09999537	0.00000000	-112.26620000	-9.47342500
79.29999535	0.00000000	-112.26620000	-9.47342500
79.49999534	0.00000000	-112.26620000	-9.47342500
79.69999533	0.00000000	-112.26620000	-11.04823000
79.89999532	0.00000000	-113.84720000	-11.04823000
80.09999531	0.00000000	-112.26620000	-12.62918000
80.29999530	0.00000000	-112.26620000	-12.62918000
80.49999528	0.00000000	-112.26620000	-14.21014000
80.69999527	0.00000000	-112.26620000	-14.21014000
80.89999526	0.00000000	-110.68530000	-14.21014000
81.09999525	0.00000000	-110.68530000	-14.21014000
81.29999524	0.00000000	-110.68530000	-12.62918000
81.49999522	0.00000000	-112.26620000	-12.62918000
81.69999521	0.00000000	-110.68530000	-12.62918000
81.89999520	0.00000000	-112.26620000	-11.04823000
82.09999519	0.00000000	-110.68530000	-11.04823000
82.29999518	0.00000000	-112.26620000	-11.04823000
82.49999516	0.00000000	-113.84720000	-11.04823000
82.69999515	0.00000000	-113.84720000	-11.04823000
82.89999514	0.00000000	-113.84720000	-12.62918000
83.09999513	0.00000000	-113.84720000	-12.62918000
83.29999512	0.00000000	-112.26620000	-12.62918000
83.49999511	0.00000000	-110.68530000	-12.62918000
83.69999509	0.00000000	-110.68530000	-12.62918000
83.89999508	0.00000000	-107.52340000	-12.62918000
84.09999507	0.00000000	-107.52340000	-14.21014000
84.29999506	0.00000000	-109.10430000	-14.21014000
84.49999505	0.00000000	-109.10430000	-12.62918000
84.69999503	0.00000000	-110.68530000	-12.62918000
84.89999502	0.00000000	-112.26620000	-12.62918000
85.09999501	0.00000000	-113.84720000	-12.62918000
85.29999500	0.00000000	-115.42810000	-12.62918000
85.49999499	0.00000000	-115.42810000	-12.62918000
85.69999497	0.00000000	-115.42810000	-11.04823000
85.89999496	0.00000000	-113.84720000	-11.04823000
86.09999495	0.00000000	-112.26620000	-11.04823000
86.29999494	0.00000000	-112.26620000	-12.62918000
86.49999493	0.00000000	-110.68530000	-12.62918000
86.69999492	0.00000000	-109.10430000	-12.62918000
86.89999490	0.00000000	-109.10430000	-12.62918000
87.09999489	0.00000000	-109.10430000	-14.21014000
87.29999488	0.00000000	-109.10430000	-14.21014000
87.49999487	0.00000000	-110.68530000	-14.21014000
87.69999486	0.00000000	-112.26620000	-14.21014000
87.89999484	0.00000000	-113.84720000	-12.62918000
88.09999483	0.00000000	-113.84720000	-12.62918000
88.29999482	0.00000000	-115.42810000	-12.62918000
88.49999481	0.00000000	-113.84720000	-11.04823000
88.69999480	0.00000000	-113.84720000	-11.04823000
88.89999478	0.00000000	-112.26620000	-11.04823000
89.09999477	0.00000000	-112.26620000	-11.04823000
89.29999476	0.00000000	-110.68530000	-11.04823000
89.49999475	0.00000000	-110.68530000	-11.04823000
89.69999474	0.00000000	-109.10430000	-12.62918000
89.89999473	0.00000000	-109.10430000	-14.21014000
90.09999471	0.00000000	-109.10430000	-14.21014000
90.29999470	0.00000000	-110.68530000	-14.21014000
90.49999469	0.00000000	-110.68530000	-14.21014000
90.69999468	0.00000000	-110.68530000	-14.21014000
90.89999467	0.00000000	-112.26620000	-12.62918000
91.09999465	0.00000000	-112.26620000	-12.62918000
91.29999464	0.00000000	-112.26620000	-11.04823000
91.49999463	0.00000000	-113.84720000	-11.04823000
91.69999462	0.00000000	-112.26620000	-11.04823000
91.89999461	0.00000000	-113.84720000	-11.04823000
92.09999459	0.00000000	-112.26620000	-11.04823000
92.29999458	0.00000000	-110.68530000	-12.62918000
92.49999457	0.00000000	-110.68530000	-14.21014000
92.69999456	0.00000000	-110.68530000	-14.21014000
92.89999455	0.00000000	-110.68530000	-14.21014000
93.09999454	0.00000000	-110.68530000	-14.21014000
93.29999452	0.00000000	-110.68530000	-14.21014000
93.49999451	0.00000000	-112.26620000	-12.62918000
93.69999450	0.00000000	-112.26620000	-12.62918000
93.89999449	0.00000000	-112.26620000	-12.62918000
94.09999448	0.00000000	-112.26620000	-11.04823000
94.29999446	0.00000000	-112.26620000	-11.04823000
94.49999445	0.00000000	-112.26620000	-11.04823000
94.69999444	0.00000000	-112.26620000	-12.62918000
94.89999443	0.00000000	-112.26620000	-12.62918000
95.09999442	0.00000000	-110.68530000	-12.62918000
95.29999440	0.00000000	-110.68530000	-12.62918000
95.49999439	0.00000000	-110.68530000	-12.62918000
95.69999438	0.00000000	-110.68530000	-14.21014000
95.89999437	0.00000000	-110.68530000	-12.62918000
96.09999436	0.00000000	-110.68530000	-12.62918000
96.29999435	0.00000000	-112.26620000	-12.62918000
96.49999433	0.00000000	-112.26620000	-12.62918000
96.69999432	0.00000000	-112.26620000	-11.04823000
96.89999431	0.00000000	-112.26620000	-11.04823000
97.09999430	0.00000000	-112.26620000	-11.04823000
97.29999429	0.00000000	-112.26620000	-11.04823000
97.49999427	0.00000000	-112.26620000	-12.62918000
97.69999426	0.00000000	-110.68530000	-12.62918000
97.89999425	0.00000000	-110.68530000	-12.62918000
98.09999424	0.00000000	-110.68530000	-12.62918000
98.29999423	0.00000000	-110.68530000	-12.62918000
98.49999422	0.00000000	-110.68530000	-14.21014000
98.69999420	0.00000000	-110.68530000	-12.62918000
98.89999419	0.00000000	-110.68530000	-12.62918000
99.09999418	0.00000000	-112.26620000	-12.62918000
99.29999417	0.00000000	-112.26620000	-12.62918000
99.49999416	0.00000000	-112.26620000	-12.62918000
99.69999414	0.00000000	-112.26620000	-12.62918000
99.89999413	0.00000000	-110.68530000	-11.04823000
100.09999412	0.00000000	-110.68530000	-12.62918000
100.29999411	0.00000000	-109.10430000	-12.62918000
100.49999410	0.00000000	-109.10430000	-12.62918000
100.69999408	0.00000000	-110.68530000	-12.62918000
100.89999407	0.00000000	-110.68530000	-12.62918000
101.09999406	0.00000000	-110.68530000	-12.62918000
101.29999405	0.00000000	-112.26620000	-12.62918000
101.49999404	0.00000000	-112.26620000	-12.62918000
101.69999403	0.00000000	-112.26620000	-12.62918000
101.89999401	0.00000000	-112.26620000	-12.62918000
102.09999400	0.00000000	-112.26620000	-12.62918000
102.29999399	0.00000000	-110.68530000	-12.62918000
102.49999398	0.00000000	-110.68530000	-12.62918000
102.69999397	0.00000000	-109.10430000	-12.62918000
102.89999395	0.00000000	-109.10430000	-12.62918000
103.09999394	0.00000000	-109.10430000	-12.62918000
103.29999393	0.00000000	-109.10430000	-12.62918000
103.49999392	0.00000000	-109.10430000	-11.04823000
103.69999391	0.00000000	-110.68530000	-12.62918000
103.89999389	0.00000000	-112.26620000	-11.04823000
104.09999388	0.00000000	-112.26620000	-11.04823000
104.29999387	0.00000000	-112.26620000	-11.04823000
104.49999386	0.00000000	-110.68530000	-11.04823000
104.69999385	0.00000000	-112.26620000	-12.62918000
104.89999384	0.00000000	-110.68530000	-12.62918000
105.09999382	0.00000000	-110.68530000	-12.62918000
105.29999381	0.00000000	-109.10430000	-14.21014000
105.49999380	0.00000000	-109.10430000	-12.62918000
105.69999379	0.00000000	-109.10430000	-12.62918000
105.89999378	0.00000000	-109.10430000	-12.62918000
106.09999376	0.00000000	-110.68530000	-12.62918000
106.29999375	0.00000000	-110.68530000	-11.04823000
106.49999374	0.00000000	-110.68530000	-11.04823000
106.69999373	0.00000000	-112.26620000	-11.04823000
106.89999372	0.00000000	-110.68530000	-11.04823000
107.09999370	0.00000000	-110.68530000	-11.04823000
107.29999369	0.00000000	-110.68530000	-12.62918000
107.49999368	0.00000000	-105.94240000	-14.21014000
107.69999367	0.00000000	-109.10430000	-12.62918000
107.89999366	0.00000000	-110.68530000	-12.62918000
108.09999365	0.00000000	-110.68530000	-12.62918000
108.29999363	0.00000000	-110.68530000	-14.21014000
108.49999362	0.00000000	-110.68530000	-12.62918000
108.69999361	0.00000000	-110.68530000	-12.62918000
108.89999360	0.00000000	-110.68530000	-12.62918000
109.09999359	0.00000000	-110.68530000	-12.62918000
109.29999357	0.00000000	-110.68530000	-11.04823000
109.49999356	0.00000000	-110.68530000	-11.04823000
109.69999355	0.00000000	-109.10430000	-11.04823000
109.89999354	0.00000000	-109.10430000	-11.04823000
110.09999353	0.00000000	-109.10430000	-12.62918000
110.29999351	0.00000000	-109.10430000	-11.04823000
110.49999350	0.00000000	-109.10430000	-12.62918000
110.69999349	0.00000000	-110.68530000	-12.62918000
110.89999348	0.00000000	-110.68530000	-12.62918000
111.09999347	0.00000000	-112.26620000	-12.62918000
111.29999346	0.00000000	-112.26620000	-14.21014000
111.49999344	0.00000000	-112.26620000	-12.62918000
111.69999343	0.00000000	-110.68530000	-12.62918000
111.89999342	0.00000000	-110.68530000	-12.62918000
112.09999341	0.00000000	-110.68530000	-12.62918000
112.29999340	0.00000000	-109.10430000	-11.04823000
112.49999338	0.00000000	-109.10430000	-12.62918000
112.69999337	0.00000000	-109.10430000	-11.04823000
112.89999336	0.00000000	-109.10430000	-11.04823000
113.09999335	0.00000000	-109.10430000	-11.04823000
113.29999334	0.00000000	-110.68530000	-12.62918000
113.49999332	0.00000000	-110.68530000	-11.04823000
113.69999331	0.00000000	-110.68530000	-12.62918000
113.89999330	0.00000000	-110.68530000	-12.62918000
114.09999329	0.00000000	-110.68530000	-12.62918000
114.29999328	0.00000000	-110.68530000	-12.62918000
114.49999327	0.00000000	-110.68530000	-12.62918000
114.69999325	0.00000000	-110.68530000	-12.62918000
114.89999324	0.00000000	-109.10430000	-12.62918000
115.09999323	0.00000000	-110.68530000	-12.62918000
115.29999322	0.00000000	-109.10430000	-12.62918000
115.49999321	0.00000000	-109.10430000	-11.04823000
115.69999319	0.00000000	-109.10430000	-11.04823000
115.89999318	0.00000000	-110.68530000	-11.04823000
116.09999317	0.00000000	-110.68530000	-12.62918000
116.29999316	0.00000000	-110.68530000	-12.62918000
116.49999315	0.00000000	-110.68530000	-12.62918000
116.69999313	0.00000000	-110.68530000	-12.62918000
116.89999312	0.00000000	-109.10430000	-12.62918000
117.09999311	0.00000000	-109.10430000	-12.62918000
117.29999310	0.00000000	-109.10430000	-12.62918000
117.49999309	0.00000000	-109.10430000	-12.62918000
117.69999308	0.00000000	-109.10430000	-12.62918000
117.89999306	0.00000000	-109.10430000	-12.62918000
118.09999305	0.00000000	-109.10430000	-12.62918000
118.29999304	0.00000000	-110.68530000	-11.04823000
118.49999303	0.00000000	-110.68530000	-11.04823000
118.69999302	0.00000000	-110.68530000	-11.04823000
118.89999300	0.00000000	-110.68530000	-12.62918000
119.09999299	0.00000000	-110.68530000	-12.62918000
119.29999298	0.00000000	-109.10430000	-12.62918000
119.49999297	0.00000000	-109.10430000	-12.62918000
119.69999296	0.00000000	-109.10430000	-12.62918000
119.89999294	0.00000000	-109.10430000	-12.62918000
120.09999293	0.00000000	-110.68530000	-12.62918000
120.29999292	0.00000000	-110.68530000	-12.62918000
120.49999291	0.00000000	-109.10430000	-12.62918000
120.69999290	0.00000000	-110.68530000	-11.04823000
120.89999289	0.00000000	-110.68530000	-11.04823000
121.09999287	0.00000000	-110.68530000	-11.04823000
121.29999286	0.00000000	-109.10430000	-11.04823000
121.49999285	0.00000000	-109.10430000	-11.04823000
121.69999284	0.00000000	-109.10430000	-12.62918000
121.89999283	0.00000000	-109.10430000	-12.62918000
122.09999281	0.00000000	-109.10430000	-12.62918000
122.29999280	0.00000000	-109.10430000	-12.62918000
122.49999279	0.00000000	-109.10430000	-12.62918000
122.69999278	0.00000000	-109.10430000	-12.62918000
122.89999277	0.00000000	-109.10430000	-12.62918000
123.09999275	0.00000000	-109.10430000	-12.62918000
123.29999274	0.00000000	-109.10430000	-11.04823000
123.49999273	0.00000000	-110.68530000	-11.04823000
123.69999272	0.00000000	-109.10430000	-12.62918000
123.89999271	0.00000000	-110.68530000	-11.04823000
124.09999270	0.00000000	-110.68530000	-11.04823000
124.29999268	0.00000000	-110.68530000	-11.04823000
124.49999267	0.00000000	-109.10430000	-12.62918000
124.69999266	0.00000000	-109.10430000	-12.62918000
124.89999265	0.00000000	-109.10430000	-12.62918000
125.09999264	0.00000000	-109.10430000	-12.62918000
125.29999262	0.00000000	-109.10430000	-14.21014000
125.49999261	0.00000000	-110.68530000	-14.21014000
125.69999260	0.00000000	-109.10430000	-12.62918000
125.89999259	0.00000000	-110.68530000	-12.62918000
126.09999258	0.00000000	-110.68530000	-12.62918000
126.29999256	0.00000000	-109.10430000	-12.62918000
126.49999255	0.00000000	-110.68530000	-11.04823000
126.69999254	0.00000000	-109.10430000	-11.04823000
126.89999253	0.00000000	-109.10430000	-11.04823000
127.09999252	0.00000000	-110.68530000	-11.04823000
127.29999251	0.00000000	-109.10430000	-11.04823000
127.49999249	0.00000000	-109.10430000	-11.04823000
127.69999248	0.00000000	-109.10430000	-12.62918000
127.89999247	0.00000000	-109.10430000	-12.62918000
128.09999246	0.00000000	-109.10430000	-12.62918000
128.29999245	0.00000000	-109.10430000	-12.62918000
128.49999243	0.00000000	-109.10430000	-12.62918000
128.69999242	0.00000000	-109.10430000	-12.62918000
128.89999241	0.00000000	-109.10430000	-12.62918000
129.09999240	0.00000000	-109.10430000	-12.62918000
129.29999239	0.00000000	-109.10430000	-12.62918000
129.49999237	0.00000000	-109.10430000	-12.62918000
129.69999236	0.00000000	-109.10430000	-12.62918000
129.89999235	0.00000000	-109.10430000	-12.62918000
130.09999234	0.00000000	-109.10430000	-12.62918000
130.29999233	0.00000000	-109.10430000	-12.62918000
130.49999232	0.00000000	-109.10430000	-12.62918000
130.69999230	0.00000000	-110.68530000	-12.62918000
130.89999229	0.00000000	-109.10430000	-12.62918000
131.09999228	0.00000000	-109.10430000	-12.62918000
131.29999227	0.00000000	-109.10430000	-12.62918000
131.49999226	0.00000000	-109.10430000	-12.62918000
131.69999224	0.00000000	-109.10430000	-12.62918000
131.89999223	0.00000000	-109.10430000	-12.62918000
132.09999222	0.00000000	-109.10430000	-12.62918000
132.29999221	0.00000000	-109.10430000	-12.62918000
132.49999220	0.00000000	-109.10430000	-12.62918000
132.69999218	0.00000000	-109.10430000	-11.04823000
132.89999217	0.00000000	-109.10430000	-12.62918000
133.09999216	0.00000000	-109.10430000	-12.62918000
133.29999215	0.00000000	-109.10430000	-12.62918000
133.49999214	0.00000000	-109.10430000	-12.62918000
133.69999213	0.00000000	-110.68530000	-11.04823000
133.89999211	0.00000000	-109.10430000	-11.04823000
134.09999210	0.00000000	-109.10430000	-12.62918000
134.29999209	0.00000000	-109.10430000	-12.62918000
134.49999208	0.00000000	-109.10430000	-12.62918000
134.69999207	0.00000000	-109.10430000	-12.62918000
134.89999205	0.00000000	-107.52340000	-12.62918000
135.09999204	0.00000000	-109.10430000	-12.62918000
135.29999203	0.00000000	-109.10430000	-12.62918000
135.49999202	0.00000000	-109.10430000	-12.62918000
135.69999201	0.00000000	-109.10430000	-12.62918000
135.89999199	0.00000000	-109.10430000	-12.62918000
136.09999198	0.00000000	-109.10430000	-12.62918000
136.29999197	0.00000000	-109.10430000	-12.62918000
136.49999196	0.00000000	-107.52340000	-12.62918000
136.69999195	0.00000000	-109.10430000	-12.62918000
136.89999194	0.00000000	-107.52340000	-12.62918000
137.09999192	0.00000000	-107.52340000	-12.62918000
137.29999191	0.00000000	-107.52340000	-12.62918000
137.49999190	0.00000000	-107.52340000	-12.62918000
137.69999189	0.00000000	-109.10430000	-12.62918000
137.89999188	0.00000000	-109.10430000	-12.62918000
138.09999186	0.00000000	-109.10430000	-12.62918000
138.29999185	0.00000000	-109.10430000	-12.62918000
138.49999184	0.00000000	-109.10430000	-12.62918000
138.69999183	0.00000000	-109.10430000	-12.62918000
138.89999182	0.00000000	-109.10430000	-12.62918000
139.09999180	0.00000000	-109.10430000	-12.62918000
139.29999179	0.00000000	-109.10430000	-12.62918000
139.49999178	0.00000000	-109.10430000	-11.04823000
139.69999177	0.00000000	-104.36150000	-11.04823000
139.89999176	0.00000000	-107.52340000	-12.62918000
140.09999175	0.00000000	-107.52340000	-12.62918000
140.29999173	0.00000000	-107.52340000	-12.62918000
140.49999172	0.00000000	-107.52340000	-12.62918000
140.69999171	0.00000000	-107.52340000	-12.62918000
140.89999170	0.00000000	-107.52340000	-12.62918000
141.09999169	0.00000000	-109.10430000	-12.62918000
141.29999167	0.00000000	-109.10430000	-12.62918000
141.49999166	0.00000000	-110.68530000	-11.04823000
141.69999165	0.00000000	-110.68530000	-11.04823000
141.89999164	0.00000000	-109.10430000	-12.62918000
142.09999163	0.00000000	-109.10430000	-12.62918000
142.29999161	0.00000000	-109.10430000	-12.62918000
142.49999160	0.00000000	-109.10430000	-12.62918000
142.69999159	0.00000000	-109.10430000	-12.62918000
142.89999158	0.00000000	-107.52340000	-12.62918000
143.09999157	0.00000000	-109.10430000	-12.62918000
143.29999156	0.00000000	-109.10430000	-12.62918000
143.49999154	0.00000000	-109.10430000	-12.62918000
143.69999153	0.00000000	-109.10430000	-12.62918000
143.89999152	0.00000000	-109.10430000	-12.62918000
144.09999151	0.00000000	-109.10430000	-11.04823000
144.29999150	0.00000000	-109.10430000	-11.04823000
144.49999148	0.00000000	-109.10430000	-12.62918000
144.69999147	0.00000000	-109.10430000	-11.04823000
144.89999146	0.00000000	-109.10430000	-12.62918000
145.09999145	0.00000000	-109.10430000	-12.62918000
145.29999144	0.00000000	-107.52340000	-12.62918000
145.49999142	0.00000000	-107.52340000	-12.62918000
145.69999141	0.00000000	-109.10430000	-12.62918000
145.89999140	0.00000000	-107.52340000	-12.62918000
146.09999139	0.00000000	-107.52340000	-12.62918000
146.29999138	0.00000000	-107.52340000	-12.62918000
146.49999137	0.00000000	-107.52340000	-12.62918000
146.69999135	0.00000000	-107.52340000	-12.62918000
146.89999134	0.00000000	-107.52340000	-11.04823000
147.09999133	0.00000000	-109.10430000	-12.62918000
147.29999132	0.00000000	-107.52340000	-12.62918000
147.49999131	0.00000000	-107.52340000	-11.04823000
147.69999129	0.00000000	-107.52340000	-12.62918000
147.89999128	0.00000000	-107.52340000	-12.62918000
148.09999127	0.00000000	-107.52340000	-12.62918000
148.29999126	0.00000000	-107.52340000	-12.62918000
148.49999125	0.00000000	-107.52340000	-12.62918000
148.69999123	0.00000000	-107.52340000	-12.62918000
148.89999122	0.00000000	-107.52340000	-12.62918000
149.09999121	0.00000000	-107.52340000	-12.62918000
149.29999120	0.00000000	-107.52340000	-12.62918000
149.49999119	0.00000000	-107.52340000	-12.62918000
149.69999118	0.00000000	-107.52340000	-12.62918000
149.89999116	0.00000000	-107.52340000	-11.04823000
150.09999115	0.00000000	-107.52340000	-12.62918000
150.29999114	0.00000000	-109.10430000	-11.04823000
150.49999113	0.00000000	-107.52340000	-12.62918000
150.69999112	0.00000000	-107.52340000	-12.62918000
150.89999110	0.00000000	-107.52340000	-12.62918000
151.09999109	0.00000000	-109.10430000	-12.62918000
151.29999108	0.00000000	-109.10430000	-12.62918000
151.49999107	0.00000000	-109.10430000	-12.62918000
151.69999106	0.00000000	-107.52340000	-12.62918000
151.89999104	0.00000000	-109.10430000	-12.62918000
152.09999103	0.00000000	-107.52340000	-12.62918000
152.29999102	0.00000000	-107.52340000	-12.62918000
152.49999101	0.00000000	-107.52340000	-12.62918000
152.69999100	0.00000000	-109.10430000	-12.62918000
152.89999099	0.00000000	-107.52340000	-12.62918000
153.09999097	0.00000000	-107.52340000	-12.62918000
153.29999096	0.00000000	-109.10430000	-12.62918000
153.49999095	0.00000000	-109.10430000	-12.62918000
153.69999094	0.00000000	-109.10430000	-12.62918000
153.89999093	0.00000000	-107.52340000	-12.62918000
154.09999091	0.00000000	-105.94240000	-12.62918000
154.29999090	0.00000000	-107.52340000	-12.62918000
154.49999089	0.00000000	-107.52340000	-12.62918000
154.69999088	0.00000000	-107.52340000	-11.04823000
154.89999087	0.00000000	-107.52340000	-12.62918000
155.09999085	0.00000000	-109.10430000	-12.62918000
155.29999084	0.00000000	-107.52340000	-11.04823000
155.49999083	0.00000000	-109.10430000	-12.62918000
155.69999082	0.00000000	-109.10430000	-12.62918000
155.89999081	0.00000000	-110.68530000	-14.21014000
156.09999080	0.00000000	-109.10430000	-11.04823000
156.29999078	0.00000000	-109.10430000	-12.62918000
156.49999077	0.00000000	-107.52340000	-12.62918000
156.69999076	0.00000000	-107.52340000	-12.62918000
156.89999075	0.00000000	-107.52340000	-11.04823000
157.09999074	0.00000000	-107.52340000	-12.62918000
157.29999072	0.00000000	-107.52340000	-12.62918000
157.49999071	0.00000000	-107.52340000	-12.62918000
157.69999070	0.00000000	-107.52340000	-11.04823000
157.89999069	0.00000000	-107.52340000	-11.04823000
158.09999068	0.00000000	-107.52340000	-12.62918000
158.29999066	0.00000000	-107.52340000	-12.62918000
158.49999065	0.00000000	-107.52340000	-12.62918000
158.69999064	0.00000000	-107.52340000	-12.62918000
158.89999063	0.00000000	-107.52340000	-12.62918000
159.09999062	0.00000000	-105.94240000	-11.04823000
159.29999061	0.00000000	-105.94240000	-12.62918000
159.49999059	0.00000000	-107.52340000	-12.62918000
159.69999058	0.00000000	-107.52340000	-12.62918000
159.89999057	0.00000000	-107.52340000	-11.04823000
160.09999056	0.00000000	-107.52340000	-12.62918000
160.29999055	0.00000000	-107.52340000	-12.62918000
160.49999053	0.00000000	-107.52340000	-12.62918000
160.69999052	0.00000000	-107.52340000	-12.62918000
160.89999051	0.00000000	-107.52340000	-12.62918000
161.09999050	0.00000000	-107.52340000	-12.62918000
161.29999049	0.00000000	-107.52340000	-12.62918000
161.49999047	0.00000000	-107.52340000	-12.62918000
161.69999046	0.00000000	-107.52340000	-12.62918000
161.89999045	0.00000000	-107.52340000	-12.62918000
162.09999044	0.00000000	-107.52340000	-12.62918000
162.29999043	0.00000000	-107.52340000	-11.04823000
162.49999042	0.00000000	-107.52340000	-12.62918000
162.69999040	0.00000000	-107.52340000	-11.04823000
162.89999039	0.00000000	-107.52340000	-12.62918000
163.09999038	0.00000000	-107.52340000	-12.62918000
163.29999037	0.00000000	-107.52340000	-12.62918000
163.49999036	0.00000000	-107.52340000	-11.04823000
163.69999034	0.00000000	-107.52340000	-12.62918000
163.89999033	0.00000000	-107.52340000	-12.62918000
164.09999032	0.00000000	-107.52340000	-12.62918000
164.29999031	0.00000000	-107.52340000	-12.62918000
164.49999030	0.00000000	-105.94240000	-12.62918000
164.69999028	0.00000000	-107.52340000	-12.62918000
164.89999027	0.00000000	-105.94240000	-12.62918000
165.09999026	0.00000000	-105.94240000	-12.62918000
165.29999025	0.00000000	-105.94240000	-11.04823000
165.49999024	0.00000000	-107.52340000	-11.04823000
165.69999023	0.00000000	-107.52340000	-11.04823000
165.89999021	0.00000000	-107.52340000	-11.04823000
166.09999020	0.00000000	-107.52340000	-12.62918000
166.29999019	0.00000000	-107.52340000	-12.62918000
166.49999018	0.00000000	-107.52340000	-12.62918000
166.69999017	0.00000000	-107.52340000	-12.62918000
166.89999015	0.00000000	-107.52340000	-12.62918000
167.09999014	0.00000000	-107.52340000	-12.62918000
167.29999013	0.00000000	-107.52340000	-12.62918000
167.49999012	0.00000000	-107.52340000	-12.62918000
167.69999011	0.00000000	-107.52340000	-12.62918000
167.89999009	0.00000000	-107.52340000	-12.62918000
168.09999008	0.00000000	-107.52340000	-12.62918000
168.29999007	0.00000000	-107.52340000	-12.62918000
168.49999006	0.00000000	-107.52340000	-11.04823000
168.69999005	0.00000000	-107.52340000	-11.04823000
168.89999004	0.00000000	-107.52340000	-12.62918000
169.09999002	0.00000000	-107.52340000	-11.04823000
169.29999001	0.00000000	-107.52340000	-12.62918000
169.49999000	0.00000000	-107.52340000	-12.62918000
169.69998999	0.00000000	-107.52340000	-12.62918000
169.89998998	0.00000000	-107.52340000	-12.62918000
170.09998996	0.00000000	-105.94240000	-12.62918000
170.29998995	0.00000000	-107.52340000	-12.62918000
170.49998994	0.00000000	-107.52340000	-12.62918000
170.69998993	0.00000000	-107.52340000	-12.62918000
170.89998992	0.00000000	-107.52340000	-12.62918000
171.09998990	0.00000000	-107.52340000	-11.04823000
171.29998989	0.00000000	-107.52340000	-12.62918000
171.49998988	0.00000000	-107.52340000	-12.62918000
171.69998987	0.00000000	-107.52340000	-12.62918000
171.89998986	0.00000000	-107.52340000	-12.62918000
172.09998985	0.00000000	-109.10430000	-14.21014000
172.29998983	0.00000000	-107.52340000	-12.62918000
172.49998982	0.00000000	-105.94240000	-12.62918000
172.69998981	0.00000000	-105.94240000	-12.62918000
172.89998980	0.00000000	-105.94240000	-12.62918000
173.09998979	0.00000000	-107.52340000	-11.04823000
173.29998977	0.00000000	-107.52340000	-12.62918000
173.49998976	0.00000000	-107.52340000	-12.62918000
173.69998975	0.00000000	-105.94240000	-11.04823000
173.89998974	0.00000000	-107.52340000	-11.04823000
174.09998973	0.00000000	-105.94240000	-12.62918000
174.29998971	0.00000000	-107.52340000	-12.62918000
174.49998970	0.00000000	-107.52340000	-12.62918000
174.69998969	0.00000000	-107.52340000	-12.62918000
174.89998968	0.00000000	-105.94240000	-12.62918000
175.09998967	0.00000000	-107.52340000	-12.62918000
175.29998966	0.00000000	-105.94240000	-12.62918000
175.49998964	0.00000000	-107.52340000	-12.62918000
175.69998963	0.00000000	-107.52340000	-12.62918000
175.89998962	0.00000000	-107.52340000	-11.04823000
176.09998961	0.00000000	-107.52340000	-12.62918000
176.29998960	0.00000000	-107.52340000	-11.04823000
176.49998958	0.00000000	-107.52340000	-12.62918000
176.69998957	0.00000000	-107.52340000	-11.04823000
176.89998956	0.00000000	-105.94240000	-11.04823000
177.09998955	0.00000000	-105.94240000	-12.62918000
177.29998954	0.00000000	-105.94240000	-12.62918000
177.49998952	0.00000000	-107.52340000	-12.62918000
177.69998951	0.00000000	-107.52340000	-12.62918000
177.89998950	0.00000000	-105.94240000	-12.62918000
178.09998949	0.00000000	-105.94240000	-12.62918000
178.29998948	0.00000000	-105.94240000	-12.62918000
178.49998947	0.00000000	-105.94240000	-12.62918000
178.69998945	0.00000000	-105.94240000	-11.04823000
178.89998944	0.00000000	-105.94240000	-11.04823000
179.09998943	0.00000000	-107.52340000	-11.04823000
179.29998942	0.00000000	-107.52340000	-11.04823000
179.49998941	0.00000000	-107.52340000	-11.04823000
179.69998939	0.00000000	-105.94240000	-11.04823000
179.89998938	0.00000000	-107.52340000	-11.04823000
180.09998937	0.00000000	-105.94240000	-12.62918000
180.29998936	0.00000000	-105.94240000	-12.62918000
180.49998935	0.00000000	-105.94240000	-12.62918000
180.69998933	0.00000000	-105.94240000	-12.62918000
180.89998932	0.00000000	-105.94240000	-12.62918000
181.09998931	0.00000000	-105.94240000	-12.62918000
181.29998930	0.00000000	-105.94240000	-11.04823000
181.49998929	0.00000000	-105.94240000	-12.62918000
181.69998928	0.00000000	-105.94240000	-12.62918000
181.89998926	0.00000000	-105.94240000	-12.62918000
182.09998925	0.00000000	-105.94240000	-12.62918000
182.29998924	0.00000000	-105.94240000	-12.62918000
182.49998923	0.00000000	-105.94240000	-12.62918000
182.69998922	0.00000000	-105.94240000	-12.62918000
182.89998920	0.00000000	-105.94240000	-12.62918000
183.09998919	0.00000000	-105.94240000	-11.04823000
183.29998918	0.00000000	-105.94240000	-12.62918000
183.49998917	0.00000000	-105.94240000	-11.04823000
183.69998916	0.00000000	-105.94240000	-12.62918000
183.89998914	0.00000000	-105.94240000	-12.62918000
184.09998913	0.00000000	-105.94240000	-12.62918000
184.29998912	0.00000000	-105.94240000	-11.04823000
184.49998911	0.00000000	-105.94240000	-12.62918000
184.69998910	0.00000000	-105.94240000	-12.62918000
184.89998909	0.00000000	-105.94240000	-12.62918000
185.09998907	0.00000000	-105.94240000	-11.04823000
185.29998906	0.00000000	-105.94240000	-12.62918000
185.49998905	0.00000000	-105.94240000	-11.04823000
185.69998904	0.00000000	-104.36150000	-12.62918000
185.89998903	0.00000000	-104.36150000	-11.04823000
186.09998901	0.00000000	-105.94240000	-11.04823000
186.29998900	0.00000000	-104.36150000	-12.62918000
186.49998899	0.00000000	-105.94240000	-12.62918000
186.69998898	0.00000000	-105.94240000	-12.62918000
186.89998897	0.00000000	-105.94240000	-12.62918000
187.09998895	0.00000000	-105.94240000	-12.62918000
187.29998894	0.00000000	-105.94240000	-11.04823000
187.49998893	0.00000000	-107.52340000	-12.62918000
187.69998892	0.00000000	-105.94240000	-12.62918000
187.89998891	0.00000000	-105.94240000	-12.62918000
188.09998890	0.00000000	-105.94240000	-12.62918000
188.29998888	0.00000000	-107.52340000	-11.04823000
188.49998887	0.00000000	-105.94240000	-12.62918000
188.69998886	0.00000000	-105.94240000	-12.62918000
188.89998885	0.00000000	-105.94240000	-11.04823000
189.09998884	0.00000000	-105.94240000	-11.04823000
189.29998882	0.00000000	-105.94240000	-12.62918000
189.49998881	0.00000000	-105.94240000	-11.04823000
189.69998880	0.00000000	-105.94240000	-12.62918000
189.89998879	0.00000000	-105.94240000	-12.62918000
190.09998878	0.00000000	-105.94240000	-12.62918000
190.29998877	0.00000000	-105.94240000	-12.62918000
190.49998875	0.00000000	-105.94240000	-12.62918000
190.69998874	0.00000000	-105.94240000	-12.62918000
190.89998873	0.00000000	-105.94240000	-11.04823000
191.09998872	0.00000000	-105.94240000	-11.04823000
191.29998871	0.00000000	-105.94240000	-12.62918000
191.49998869	0.00000000	-105.94240000	-11.04823000
191.69998868	0.00000000	-102.78050000	-12.62918000
191.89998867	0.00000000	-104.36150000	-11.04823000
192.09998866	0.00000000	-105.94240000	-12.62918000
192.29998865	0.00000000	-105.94240000	-12.62918000
192.49998863	0.00000000	-105.94240000	-12.62918000
192.69998862	0.00000000	-104.36150000	-11.04823000
192.89998861	0.00000000	-104.36150000	-11.04823000
193.09998860	0.00000000	-104.36150000	-11.04823000
193.29998859	0.00000000	-104.36150000	-11.04823000
193.49998858	0.00000000	-104.36150000	-11.04823000
193.69998856	0.00000000	-104.36150000	-11.04823000
193.89998855	0.00000000	-104.36150000	-11.04823000
194.09998854	0.00000000	-104.36150000	-12.62918000
194.29998853	0.00000000	-104.36150000	-11.04823000
194.49998852	0.00000000	-104.36150000	-11.04823000
194.69998850	0.00000000	-105.94240000	-11.04823000
194.89998849	0.00000000	-104.36150000	-11.04823000
195.09998848	0.00000000	-104.36150000	-12.62918000
195.29998847	0.00000000	-104.36150000	-11.04823000
195.49998846	0.00000000	-105.94240000	-12.62918000
195.69998844	0.00000000	-104.36150000	-11.04823000
195.89998843	0.00000000	-104.36150000	-12.62918000
196.09998842	0.00000000	-104.36150000	-12.62918000
196.29998841	0.00000000	-104.36150000	-11.04823000
196.49998840	0.00000000	-104.36150000	-12.62918000
