Time	Channel A	Channel B	Channel C
(us)	(V)	(mV)	(mV)

-4.59999956	0.00000000	90.12672000	26.83932000
-4.39999957	0.00000000	90.12672000	26.83932000
-4.19999958	0.00000000	90.12672000	26.83932000
-3.99999959	0.00000000	90.12672000	26.83932000
-3.79999960	0.00000000	90.12672000	26.83932000
-3.59999962	0.00000000	90.12672000	26.83932000
-3.39999963	0.00000000	90.12672000	26.83932000
-3.19999964	0.00000000	90.12672000	26.83932000
-2.99999965	0.00000000	90.12672000	26.79626000
-2.79999966	0.00000000	90.08366000	26.42101000
-2.59999968	0.00000000	89.75147000	25.77510000
-2.39999969	0.00000000	89.38238000	26.14419000
-2.19999970	0.00000000	89.75147000	27.54060000
-1.99999971	0.00000000	90.08366000	27.90969000
-1.79999972	0.00000000	90.12672000	27.25763000
-1.59999973	0.00000000	90.12672000	26.88238000
-1.39999975	0.00000000	90.12672000	26.83932000
-1.19999976	0.00000000	90.12672000	26.83932000
-0.99999977	0.00000000	90.12672000	26.83932000
-0.79999978	0.00000000	90.12672000	26.83932000
-0.59999979	0.00000000	90.12672000	26.83932000
-0.39999981	0.15871060	90.12672000	26.83932000
-0.19999982	0.47736220	90.12672000	26.83932000
0.00000017	0.79601380	90.12672000	26.83932000
0.20000016	0.95533960	90.12672000	26.83932000
0.40000015	0.95533960	90.12672000	26.79626000
0.60000013	0.63668800	90.12672000	26.46407000
0.80000012	0.00000000	90.12672000	26.10113000
1.00000011	-0.95533960	90.12672000	26.46407000
1.20000010	-1.91129400	90.12672000	26.79626000
1.40000009	-2.70792300	90.12672000	26.83932000
1.60000008	-2.70792300	90.12672000	26.83932000
1.80000006	-1.91129400	90.12672000	26.83932000
2.00000005	-0.47736220	90.12672000	26.83932000
2.20000004	1.59264300	90.12672000	26.83932000
2.40000003	3.66326300	90.12672000	26.83932000
2.60000002	5.09719500	90.12672000	26.79626000
2.80000000	5.25652100	90.12672000	26.42101000
2.99999999	3.98191400	90.12672000	25.68282000
3.19999998	1.59264300	90.12672000	25.35679000
3.39999997	-1.75196900	90.12672000	25.68282000
3.59999996	-5.09719500	90.12672000	26.42101000
3.79999994	-7.32714100	90.12672000	26.79626000
3.99999993	-7.96444400	90.12672000	26.83932000
4.19999992	-6.53112700	90.12672000	26.83932000
4.39999991	-3.18590100	90.12672000	26.83932000
4.59999990	1.11466500	90.12672000	26.83932000
4.79999989	5.41584600	90.12672000	26.83932000
4.99999987	8.44242100	90.12672000	26.79626000
5.19999986	9.39837600	90.12672000	26.42101000
5.39999985	8.12377000	90.12672000	25.68282000
5.59999984	4.77854300	90.12672000	25.35679000
5.79999983	0.00000000	90.12672000	25.68282000
5.99999981	-4.61921700	90.12672000	26.42101000
6.19999980	-8.12377000	90.12672000	26.79626000
6.39999979	-9.55770200	90.12672000	26.83932000
6.59999978	-8.44242100	90.12672000	26.83932000
6.79999977	-5.41584600	90.12672000	26.83932000
6.99999975	-1.27399100	90.12672000	26.83932000
7.19999974	3.02657500	90.12672000	26.83932000
7.39999973	6.21247500	90.08366000	26.83932000
7.59999972	7.64579200	89.75147000	26.79626000
7.79999971	7.16781500	89.38238000	26.46407000
7.99999970	4.93786900	89.75147000	26.05807000
8.19999968	1.75196900	90.08366000	26.09498000
8.39999967	-1.43331700	90.12672000	26.00886000
8.59999966	-3.98191400	90.12672000	26.09498000
8.79999965	-5.09719500	90.12672000	26.05807000
8.99999964	-4.93786900	90.12672000	26.46407000
9.19999962	-3.66326300	90.12672000	26.79626000
9.39999961	-1.75196900	90.12672000	26.83932000
9.59999960	0.15871060	90.12672000	26.83932000
9.79999959	1.75196900	90.12672000	26.83932000
9.99999958	2.38927200	90.12672000	26.83932000
10.19999956	2.38927200	90.12672000	26.83932000
10.39999955	1.91129400	90.12672000	26.83932000
10.59999954	0.95533960	90.12672000	26.83932000
10.79999953	0.15871060	90.12672000	26.83932000
10.99999952	-0.47736220	90.12672000	26.83932000
11.19999951	-0.79601380	90.12672000	26.83932000
11.39999949	-0.95533960	90.12672000	26.83932000
11.59999948	-0.79601380	90.12672000	26.83932000
11.79999947	-0.63668800	90.12672000	26.83932000
11.99999946	-0.31803640	90.12672000	26.83932000
12.19999945	-0.15871060	90.12672000	26.79626000
12.39999943	-0.15871060	90.12672000	26.46407000
12.59999942	0.00000000	90.12672000	26.10113000
12.79999941	0.00000000	90.12672000	26.46407000
12.99999940	0.00000000	90.12672000	26.79626000
13.19999939	0.00000000	90.12672000	26.83932000
13.39999937	0.00000000	90.12672000	26.83932000
13.59999936	0.00000000	90.12672000	26.83932000
13.79999935	0.00000000	90.12672000	26.83932000
13.99999934	-0.15871060	90.12672000	26.83932000
14.19999933	-0.15871060	90.12672000	26.83932000
14.39999932	-0.15871060	90.12672000	26.83932000
14.59999930	0.00000000	90.12672000	26.83932000
14.79999929	0.00000000	90.12672000	26.83932000
14.99999928	0.00000000	90.12672000	26.83932000
15.19999927	0.00000000	90.12672000	26.83932000
15.39999926	0.00000000	90.12672000	26.83932000
15.59999924	0.00000000	90.12672000	26.83932000
15.79999923	0.00000000	90.12672000	26.83932000
15.99999922	0.00000000	90.12672000	26.83932000
16.19999921	0.00000000	90.12672000	26.83932000
16.39999920	0.00000000	90.12672000	26.83932000
16.59999919	-0.15871060	90.12672000	26.83932000
16.79999917	-0.15871060	90.12672000	26.83932000
16.99999916	0.00000000	90.16978000	26.83932000
17.19999915	0.00000000	90.54502000	26.83932000
17.39999914	0.00000000	91.28937000	26.83932000
17.59999913	0.00000000	91.66460000	26.83932000
17.79999911	0.00000000	91.61539000	26.83932000
17.99999910	0.00000000	90.82184000	26.79626000
18.19999909	0.00000000	88.92101000	26.46407000
18.39999908	0.00000000	87.00787000	26.10113000
18.59999907	0.00000000	85.42691000	26.46407000
18.79999905	0.00000000	84.27042000	26.74705000
18.99999904	-0.15871060	83.89517000	26.46407000
19.19999903	0.00000000	84.35654000	26.10113000
19.39999902	0.00000000	86.35580000	26.46407000
19.59999901	0.00000000	90.16978000	26.79626000
19.79999900	0.00000000	94.40206000	26.79626000
19.99999898	0.00000000	97.89616000	26.37795000
20.19999897	0.00000000	100.22150000	25.35064000
20.39999896	0.00000000	100.55360000	24.98770000
20.59999895	0.00000000	98.54822000	26.00270000
20.79999894	0.00000000	93.80536000	26.37795000
20.99999892	0.00000000	86.49728000	26.10113000
21.19999891	0.00000000	78.40797000	26.42101000
21.39999890	0.00000000	71.88730000	26.42101000
21.59999889	0.00000000	68.49162000	26.05807000
21.79999888	0.00000000	70.02953000	26.04577000
21.99999886	0.00000000	76.25491000	25.63976000
22.19999885	0.00000000	85.66068000	25.30758000
22.39999884	0.00000000	98.08070000	25.30758000
22.59999883	0.00000000	110.69140000	25.68282000
22.79999882	0.00000000	119.48820000	26.42101000
22.99999881	0.00000000	121.76430000	26.79626000
23.19999879	0.00000000	116.28320000	26.83932000
23.39999878	0.00000000	103.90010000	26.88238000
23.59999877	0.00000000	86.87868000	27.25763000
23.79999876	0.00000000	69.10064000	28.00197000
23.99999875	0.00000000	54.48449000	28.32800000
24.19999873	0.00000000	46.81348000	28.00197000
24.39999872	0.00000000	48.84966000	27.21457000
24.59999871	0.00000000	60.44537000	26.37795000
24.79999870	0.00000000	79.84128000	24.79700000
24.99999869	0.00000000	102.55290000	22.57013000
25.19999867	0.00000000	123.39440000	21.08145000
25.39999866	0.00000000	136.89100000	21.03838000
25.59999865	0.00000000	139.96680000	22.19488000
25.79999864	0.00000000	131.77290000	24.19414000
25.99999863	0.00000000	113.25660000	27.30684000
26.19999862	0.00000000	88.96407000	31.15772000
26.39999860	0.00000000	64.95447000	34.64567000
26.59999859	0.00000000	46.01993000	37.29700000
26.79999858	0.00000000	36.43578000	37.99213000
26.99999857	0.00000000	39.13017000	35.62377000
27.19999856	0.00000000	53.37106000	30.60408000
27.39999854	0.00000000	75.38139000	23.63435000
27.59999853	0.00000000	100.13530000	16.29552000
27.79999852	0.00000000	122.14570000	10.11319000
27.99999851	0.00000000	136.42350000	6.30536400
28.19999850	0.00000000	139.58540000	6.39763700
28.39999848	0.00000000	131.53910000	11.09129000
28.59999847	0.00000000	114.92370000	20.01107000
28.79999846	0.00000000	93.28863000	31.57603000
28.99999845	0.00000000	71.70275000	43.14714000
29.19999844	0.00000000	55.37032000	51.98080000
29.39999843	0.00000000	47.18258000	55.78863000
29.59999841	0.00000000	47.93307000	53.05118000
29.79999840	0.00000000	57.56028000	44.13140000
29.99999839	0.00000000	73.33292000	30.60408000
30.19999838	0.00000000	91.15402000	15.13902000
30.39999837	0.00000000	107.43720000	1.28567900
30.59999835	0.00000000	119.06990000	-7.95398600
30.79999834	0.00000000	123.76970000	-9.86097400
30.99999833	0.00000000	121.11220000	-4.05388800
31.19999832	0.00000000	112.22930000	8.30462600
31.39999831	0.00000000	99.10187000	24.93233000
31.59999829	0.00000000	84.82406000	41.89838000
31.79999828	0.00000000	72.77312000	55.87475000
31.99999827	0.00000000	64.99754000	63.92101000
32.19999826	0.00000000	62.62918000	64.33317000
32.39999825	0.00000000	66.06791000	56.58218000
32.59999824	0.00000000	73.80044000	42.68578000
32.79999822	0.00000000	84.22120000	25.26452000
32.99999821	0.00000000	95.06027000	7.92937900
33.19999820	0.00000000	103.58020000	-5.21653500
33.39999819	0.00000000	108.64910000	-11.44193000
33.59999818	0.00000000	109.02440000	-9.95324800
33.79999816	0.00000000	104.82900000	-1.40871000
33.99999815	0.00000000	97.52091000	12.48770000
34.19999814	0.00000000	89.01328000	29.11540000
34.39999813	0.00000000	81.28690000	44.54970000
34.59999812	0.00000000	75.89198000	55.78863000
34.79999810	0.00000000	74.31102000	60.39001000
34.99999809	0.00000000	76.58710000	57.32037000
35.19999808	0.00000000	81.56988000	47.33021000
35.39999807	0.00000000	88.12745000	33.06471000
35.59999806	0.00000000	94.27287000	18.05487000
35.79999805	0.00000000	98.50517000	5.65944900
35.99999803	0.00000000	99.66781000	-1.31643700
36.19999802	0.00000000	97.43479000	-2.10383800
36.39999801	0.00000000	93.19635000	3.70324800
36.59999800	0.00000000	88.17052000	14.80684000
36.79999799	0.00000000	83.19389000	27.82357000
36.99999797	0.00000000	80.12425000	39.01944000
37.19999796	0.00000000	79.70595000	45.62008000
37.39999795	0.00000000	81.61294000	46.77657000
37.59999794	0.00000000	85.47613000	42.17519000
37.79999793	0.00000000	90.08366000	33.02165000
37.99999791	0.00000000	94.35899000	22.65625000
38.19999790	0.00000000	97.43479000	13.82874000
38.39999789	0.00000000	98.59129000	8.85826700
38.59999788	0.00000000	97.43479000	9.64566800
38.79999787	0.00000000	94.35899000	15.69267000
38.99999786	0.00000000	90.12672000	24.88927000
39.19999784	0.00000000	85.85137000	34.04897000
39.39999783	0.00000000	82.35728000	40.59424000
39.59999782	0.00000000	80.03198000	42.50738000
39.79999781	0.00000000	79.65674000	39.48080000
39.99999780	0.00000000	81.19463000	32.51722000
40.19999778	0.00000000	84.27042000	23.30832000
40.39999777	0.00000000	88.17052000	14.11171000
40.59999776	0.00000000	92.08292000	8.06471300
40.79999775	0.00000000	95.93995000	7.23425100
40.99999774	0.00000000	98.59129000	11.82948000
41.19999772	0.00000000	99.01575000	19.87574000
41.39999771	0.00000000	97.52091000	29.53371000
41.59999770	0.00000000	94.77731000	38.32431000
41.79999769	0.00000000	91.24016000	43.71309000
41.99999768	0.00000000	87.00787000	44.13140000
42.19999767	0.00000000	83.15083000	39.94832000
42.39999765	0.00000000	80.81939000	32.64640000
42.59999764	0.00000000	80.03198000	24.19414000
42.79999763	0.00000000	81.19463000	16.89222000
42.99999762	0.00000000	83.84596000	12.57382000
43.19999761	0.00000000	86.96481000	11.73720000
43.39999759	0.00000000	90.03444000	13.69340000
43.59999758	0.00000000	92.40280000	18.33784000
43.79999757	0.00000000	93.57159000	24.84621000
43.99999756	0.00000000	93.98376000	30.93627000
44.19999755	0.00000000	93.24557000	34.87328000
44.39999753	0.00000000	92.17519000	36.04207000
44.59999752	0.00000000	91.70767000	34.96555000
44.79999751	0.00000000	91.28937000	31.85900000
44.99999750	0.00000000	90.54502000	28.08809000
45.19999749	0.00000000	90.12672000	24.56324000
45.39999748	0.00000000	89.61613000	22.23794000
45.59999746	0.00000000	88.07824000	21.03838000
45.79999745	0.00000000	85.75910000	21.03838000
45.99999744	0.00000000	83.42766000	22.19488000
46.19999743	0.00000000	81.10851000	24.10187000
46.39999742	0.00000000	79.65674000	26.42101000
46.59999740	0.00000000	80.08120000	28.32800000
46.79999739	0.00000000	82.81864000	29.53371000
46.99999738	0.00000000	87.47539000	29.90895000
47.19999737	0.00000000	93.28863000	29.53371000
47.39999736	0.00000000	99.05880000	28.32800000
47.59999734	0.00000000	103.24800000	26.42101000
47.79999733	0.00000000	104.36760000	24.10187000
47.99999732	0.00000000	101.62400000	22.19488000
48.19999731	0.00000000	95.47859000	21.03838000
48.39999730	0.00000000	87.34005000	21.03838000
48.59999729	0.00000000	79.23843000	22.19488000
48.79999727	0.00000000	72.68700000	24.14493000
48.99999726	0.00000000	69.65427000	26.83932000
49.19999725	0.00000000	71.19217000	29.53371000
49.39999724	0.00000000	77.00541000	31.44069000
49.59999723	0.00000000	85.85137000	32.22810000
49.79999721	0.00000000	95.47859000	31.39763000
49.99999720	0.00000000	103.20500000	29.11540000
50.19999719	0.00000000	107.48650000	25.63976000
50.39999718	0.00000000	107.39420000	22.15182000
50.59999717	0.00000000	102.41140000	19.08218000
50.79999715	0.00000000	93.57775000	17.18135000
50.99999714	0.00000000	83.98129000	17.54429000
51.19999713	0.00000000	75.89198000	19.45743000
51.39999712	0.00000000	71.65969000	22.61319000
51.59999711	0.00000000	72.35482000	26.83932000
51.79999710	0.00000000	76.96235000	31.02239000
51.99999708	0.00000000	84.31348000	33.71678000
52.19999707	0.00000000	92.73499000	34.14124000
52.39999706	0.00000000	99.62475000	32.64640000
52.59999705	0.00000000	102.74360000	29.90895000
52.79999704	0.00000000	101.62400000	26.42101000
52.99999702	0.00000000	97.01648000	22.57013000
53.19999701	0.00000000	90.12672000	19.54355000
53.39999700	0.00000000	83.19389000	18.38706000
53.59999699	0.00000000	78.16806000	19.45743000
53.79999698	0.00000000	75.89198000	21.72736000
53.99999696	0.00000000	77.42986000	24.10187000
54.19999695	0.00000000	82.35728000	26.79626000
54.39999694	0.00000000	88.50270000	29.02928000
54.59999693	0.00000000	94.31594000	29.44759000
54.79999692	0.00000000	98.50517000	28.37721000
54.99999691	0.00000000	99.66781000	26.83932000
55.19999689	0.00000000	97.38557000	25.30758000
55.39999688	0.00000000	92.82111000	24.15108000
55.59999687	0.00000000	87.38312000	23.81890000
55.79999686	0.00000000	82.40034000	24.56324000
55.99999685	0.00000000	78.91855000	26.46407000
56.19999683	0.00000000	78.16806000	28.32800000
56.39999682	0.00000000	80.08120000	29.49065000
56.59999681	0.00000000	84.31348000	29.44759000
56.79999680	0.00000000	89.65919000	27.90969000
56.99999679	0.00000000	94.27287000	25.21530000
57.19999677	0.00000000	97.01033000	22.15182000
57.39999676	0.00000000	97.38557000	19.45743000
57.59999675	0.00000000	95.52164000	18.01181000
57.79999674	0.00000000	92.08292000	18.80536000
57.99999673	0.00000000	88.58882000	22.28100000
58.19999672	0.00000000	85.47613000	27.21457000
58.39999670	0.00000000	83.19389000	32.22810000
58.59999669	0.00000000	82.77559000	35.71604000
58.79999668	0.00000000	83.89517000	37.24778000
58.99999667	0.00000000	85.80216000	36.41117000
59.19999666	0.00000000	88.12745000	32.51107000
59.39999664	0.00000000	90.03444000	26.37795000
59.59999663	0.00000000	91.24016000	19.50049000
59.79999662	0.00000000	91.61539000	14.11171000
59.99999661	0.00000000	91.24016000	11.78026000
60.19999660	0.00000000	90.08366000	12.57382000
60.39999658	0.00000000	88.58882000	16.84916000
60.59999657	0.00000000	87.43233000	23.72662000
60.79999656	0.00000000	87.05708000	31.06545000
60.99999655	0.00000000	87.38312000	37.24778000
61.19999654	0.00000000	88.17052000	41.05561000
61.39999653	0.00000000	88.92101000	41.01255000
61.59999651	0.00000000	89.65919000	36.82948000
61.79999650	0.00000000	89.65919000	29.90895000
61.99999649	0.00000000	88.92101000	22.19488000
62.19999648	0.00000000	88.17052000	15.27436000
62.39999647	0.00000000	87.34005000	10.99901000
62.59999645	0.00000000	86.58956000	10.20546000
62.79999644	0.00000000	85.85137000	12.57382000
62.99999643	0.00000000	85.89443000	18.38090000
63.19999642	0.00000000	87.00787000	26.42101000
63.39999641	0.00000000	88.54576000	34.09203000
63.59999639	0.00000000	90.08366000	39.53002000
63.79999638	0.00000000	91.24016000	41.48006000
63.99999637	0.00000000	91.61539000	39.94832000
64.19999636	0.00000000	91.24016000	35.34079000
64.39999635	0.00000000	90.08366000	28.79552000
64.59999634	0.00000000	88.54576000	22.23794000
64.79999632	0.00000000	87.00787000	16.75689000
64.99999631	0.00000000	85.85137000	13.26895000
65.19999630	0.00000000	85.47613000	12.11245000
65.39999629	0.00000000	85.85137000	13.69340000
65.59999628	0.00000000	87.00787000	17.87647000
65.79999626	0.00000000	88.50270000	23.21604000
65.99999625	0.00000000	89.65919000	27.90969000
66.19999624	0.00000000	90.03444000	31.44069000
66.39999623	0.00000000	89.65919000	33.80905000
66.59999622	0.00000000	88.50270000	34.60261000
66.79999620	0.00000000	87.00787000	34.22736000
66.99999619	0.00000000	85.85137000	32.60334000
67.19999618	0.00000000	85.47613000	29.58292000
67.39999617	0.00000000	85.85137000	26.10113000
67.59999616	0.00000000	87.05708000	23.35753000
67.79999615	0.00000000	88.96407000	20.90305000
67.99999613	0.00000000	91.28937000	18.61466000
68.19999612	0.00000000	93.15329000	16.71383000
68.39999611	0.00000000	93.89764000	16.38164000
68.59999610	0.00000000	92.73499000	17.87647000
68.79999609	0.00000000	90.03444000	20.61393000
68.99999607	0.00000000	86.54650000	24.15108000
69.19999606	0.00000000	82.68947000	28.42027000
69.39999605	0.00000000	79.65674000	32.64640000
69.59999604	0.00000000	78.50024000	35.71604000
69.79999603	0.00000000	79.65674000	36.87254000
69.99999601	0.00000000	82.77559000	35.67298000
70.19999600	0.00000000	87.43233000	32.22810000
70.39999599	0.00000000	92.77805000	27.21457000
70.59999598	0.00000000	97.05954000	22.19488000
70.79999597	0.00000000	99.34177000	17.87647000
70.99999596	0.00000000	99.33562000	14.84990000
71.19999594	0.00000000	96.22908000	14.06865000
71.39999593	0.00000000	91.24016000	16.01255000
71.59999592	0.00000000	85.42691000	19.82652000
71.79999591	0.00000000	80.03198000	24.84621000
71.99999590	0.00000000	76.54404000	29.44759000
72.19999588	0.00000000	75.38139000	32.60334000
72.39999587	0.00000000	76.96235000	34.18430000
72.59999586	0.00000000	81.15157000	34.14124000
72.79999585	0.00000000	86.58956000	32.22810000
72.99999584	0.00000000	92.03986000	28.79552000
73.19999582	0.00000000	97.01648000	25.35064000
73.39999581	0.00000000	99.71087000	22.61319000
73.59999580	0.00000000	99.39098000	21.08145000
73.79999579	0.00000000	97.05954000	21.08145000
73.99999578	0.00000000	92.77805000	22.57013000
74.19999577	0.00000000	87.43233000	24.79700000
74.39999575	0.00000000	82.81864000	26.28568000
74.59999574	0.00000000	80.03198000	26.37795000
74.79999573	0.00000000	79.23843000	25.63976000
74.99999572	0.00000000	80.03198000	24.88927000
75.19999571	0.00000000	82.73252000	24.10187000
75.39999569	0.00000000	86.54650000	23.77584000
75.59999568	0.00000000	89.99139000	24.19414000
75.79999567	0.00000000	92.35974000	25.72589000
75.99999566	0.00000000	93.15329000	28.04503000
76.19999565	0.00000000	92.82111000	30.32726000
76.39999563	0.00000000	91.66460000	32.22810000
76.59999562	0.00000000	90.12672000	32.51107000
76.79999561	0.00000000	88.58882000	30.64714000
76.99999560	0.00000000	87.43233000	27.17150000
77.19999559	0.00000000	87.00787000	23.30832000
77.39999558	0.00000000	87.00787000	19.40822000
77.59999556	0.00000000	87.34005000	16.33858000
77.79999555	0.00000000	87.70914000	14.84990000
77.99999554	0.00000000	87.34005000	15.69267000
78.19999553	0.00000000	86.96481000	19.50049000
78.39999552	0.00000000	86.54650000	24.88927000
78.59999550	0.00000000	85.80216000	30.28420000
78.79999549	0.00000000	85.47613000	34.87943000
78.99999548	0.00000000	85.89443000	36.82948000
79.19999547	0.00000000	87.43233000	36.13435000
79.39999546	0.00000000	89.70841000	33.80905000
79.59999544	0.00000000	91.61539000	29.86589000
79.79999543	0.00000000	92.77805000	24.88927000
79.99999542	0.00000000	92.77805000	19.87574000
80.19999541	0.00000000	91.61539000	16.43085000
80.39999540	0.00000000	89.65919000	15.18209000
80.59999539	0.00000000	86.92175000	15.92027000
80.79999537	0.00000000	83.93823000	17.87647000
80.99999536	0.00000000	81.98818000	20.98917000
81.19999535	0.00000000	81.98203000	24.84621000
81.39999534	0.00000000	83.10777000	28.37721000
81.59999533	0.00000000	85.47613000	31.44069000
81.79999531	0.00000000	88.50270000	33.39075000
81.99999530	0.00000000	91.19709000	33.39690000
82.19999529	0.00000000	92.73499000	32.27731000
82.39999528	0.00000000	92.77805000	29.90895000
82.59999527	0.00000000	91.61539000	26.88853000
82.79999525	0.00000000	89.70841000	24.10187000
82.99999524	0.00000000	87.38312000	21.72736000
83.19999523	0.00000000	85.47613000	19.40822000
83.39999522	0.00000000	84.31348000	17.91953000
83.59999521	0.00000000	84.27042000	17.87647000
83.79999520	0.00000000	85.00861000	19.08218000
83.99999518	0.00000000	85.75910000	21.36442000
84.19999517	0.00000000	86.58956000	24.51402000
84.39999516	0.00000000	87.34005000	27.63287000
84.59999515	0.00000000	88.12745000	31.11466000
84.79999514	0.00000000	88.50270000	33.71678000
84.99999512	0.00000000	88.54576000	34.14124000
85.19999511	0.00000000	88.54576000	32.64640000
85.39999510	0.00000000	88.54576000	29.86589000
85.59999509	0.00000000	88.58882000	26.00270000
85.79999508	0.00000000	88.96407000	21.40748000
85.99999506	0.00000000	89.65919000	17.91953000
86.19999505	0.00000000	89.61613000	15.96334000
86.39999504	0.00000000	88.54576000	15.64345000
86.59999503	0.00000000	87.38312000	17.96260000
86.79999502	0.00000000	86.54650000	22.14567000
86.99999501	0.00000000	85.42691000	26.79626000
87.19999499	0.00000000	84.68873000	31.06545000
87.39999498	0.00000000	85.05167000	34.13509000
87.59999497	0.00000000	85.80216000	35.25467000
87.79999496	0.00000000	87.00787000	33.71678000
87.99999495	0.00000000	88.54576000	29.90895000
88.19999493	0.00000000	90.08366000	25.26452000
88.39999492	0.00000000	91.19709000	20.61393000
88.59999491	0.00000000	91.19709000	16.80610000
88.79999490	0.00000000	90.08366000	15.31742000
88.99999489	0.00000000	88.54576000	16.80610000
89.19999487	0.00000000	87.00787000	20.61393000
89.39999486	0.00000000	85.85137000	25.26452000
89.59999485	0.00000000	85.42691000	29.90895000
89.79999484	0.00000000	85.42691000	33.71678000
89.99999483	0.00000000	85.80216000	35.25467000
90.19999482	0.00000000	86.58956000	34.13509000
90.39999480	0.00000000	87.34005000	31.02239000
90.59999479	0.00000000	88.12745000	26.37795000
90.79999478	0.00000000	88.50270000	21.03223000
90.99999477	0.00000000	88.54576000	16.84916000
91.19999476	0.00000000	88.54576000	15.31742000
91.39999474	0.00000000	88.54576000	16.80610000
91.59999473	0.00000000	88.50270000	20.61393000
91.79999472	0.00000000	88.17052000	25.26452000
91.99999471	0.00000000	87.80142000	29.90895000
92.19999470	0.00000000	88.17052000	33.71678000
92.39999468	0.00000000	88.45349000	35.20546000
92.59999467	0.00000000	88.12745000	33.67372000
92.79999466	0.00000000	87.38312000	29.49065000
92.99999465	0.00000000	86.96481000	24.15108000
93.19999464	0.00000000	86.49728000	19.54355000
93.39999463	0.00000000	85.42691000	16.80610000
93.59999461	0.00000000	84.68873000	16.43085000
93.79999460	0.00000000	85.05167000	18.33784000
93.99999459	0.00000000	85.85137000	22.19488000
94.19999458	0.00000000	87.47539000	26.79626000
94.39999457	0.00000000	90.12672000	31.02239000
94.59999455	0.00000000	92.73499000	33.63066000
94.79999454	0.00000000	93.89764000	33.29847000
94.99999453	0.00000000	93.15329000	30.28420000
95.19999452	0.00000000	91.24016000	26.46407000
95.39999451	0.00000000	88.50270000	22.57013000
95.59999449	0.00000000	85.42691000	19.54355000
95.79999448	0.00000000	82.68947000	18.33784000
95.99999447	0.00000000	80.77632000	19.08218000
96.19999446	0.00000000	80.03198000	20.98917000
96.39999445	0.00000000	81.19463000	23.72662000
96.59999444	0.00000000	83.84596000	26.79626000
96.79999442	0.00000000	87.00787000	29.44759000
96.99999441	0.00000000	90.50197000	30.60408000
97.19999440	0.00000000	93.94069000	29.90895000
97.39999439	0.00000000	95.85383000	28.37721000
97.59999438	0.00000000	95.89690000	26.42101000
97.79999436	0.00000000	94.31594000	24.14493000
97.99999435	0.00000000	91.19709000	22.61319000
98.19999434	0.00000000	86.96481000	22.19488000
98.39999433	0.00000000	82.73252000	22.52091000
98.59999432	0.00000000	79.65674000	23.30832000
98.79999430	0.00000000	78.45103000	24.05881000
98.99999429	0.00000000	79.19537000	24.84621000
99.19999428	0.00000000	81.15157000	25.22145000
99.39999427	0.00000000	84.27042000	25.26452000
99.59999426	0.00000000	88.12745000	25.30758000
99.79999425	0.00000000	91.57234000	25.68282000
99.99999423	0.00000000	93.94069000	26.42101000
100.19999422	0.00000000	94.69118000	26.79626000
100.39999421	0.00000000	93.94069000	26.83932000
100.59999420	0.00000000	91.61539000	26.83932000
100.79999419	0.00000000	88.58882000	26.79626000
100.99999417	0.00000000	85.80216000	26.32874000
101.19999416	0.00000000	83.47071000	24.79700000
101.39999415	0.00000000	81.52682000	22.57013000
101.59999414	0.00000000	80.81939000	21.03838000
101.79999413	0.00000000	81.52682000	20.62008000
101.99999411	0.00000000	83.42766000	20.98917000
102.19999410	0.00000000	85.38385000	22.19488000
102.39999409	0.00000000	87.38312000	24.14493000
102.59999408	0.00000000	89.65919000	26.83932000
102.79999407	0.00000000	91.19709000	29.49065000
102.99999406	0.00000000	91.66460000	31.06545000
103.19999404	0.00000000	91.61539000	31.39763000
103.39999403	0.00000000	90.82184000	30.22884000
103.59999402	0.00000000	88.92101000	27.17150000
103.79999401	0.00000000	87.00787000	23.77584000
103.99999400	0.00000000	85.38385000	21.03838000
104.19999398	0.00000000	83.89517000	19.45743000
104.39999397	0.00000000	83.15083000	19.08218000
104.59999396	0.00000000	83.89517000	19.87574000
104.79999395	0.00000000	85.38385000	22.19488000
104.99999394	0.00000000	86.96481000	25.21530000
105.19999392	0.00000000	88.50270000	27.95891000
105.39999391	0.00000000	89.65919000	29.86589000
105.59999390	0.00000000	90.03444000	30.64714000
105.79999389	0.00000000	89.70841000	29.86589000
105.99999388	0.00000000	88.87794000	28.00197000
106.19999387	0.00000000	87.75221000	25.68282000
106.39999385	0.00000000	86.22047000	23.72662000
106.59999384	0.00000000	85.47613000	22.19488000
106.79999383	0.00000000	85.38385000	21.45669000
106.99999382	0.00000000	85.42691000	22.19488000
107.19999381	0.00000000	85.85137000	23.72662000
107.39999379	0.00000000	86.96481000	25.63976000
107.59999378	0.00000000	88.07824000	27.54060000
107.79999377	0.00000000	88.50270000	28.28494000
107.99999376	0.00000000	88.50270000	27.95275000
108.19999375	0.00000000	88.07824000	26.79626000
108.39999374	0.00000000	86.96481000	25.26452000
108.59999372	0.00000000	85.85137000	23.72662000
108.79999371	0.00000000	85.42691000	22.57013000
108.99999370	0.00000000	85.38385000	22.19488000
109.19999369	0.00000000	85.42691000	22.57013000
109.39999368	0.00000000	85.85137000	23.72662000
109.59999366	0.00000000	86.96481000	25.26452000
109.79999365	0.00000000	88.12745000	26.79626000
109.99999364	0.00000000	88.87794000	27.95275000
110.19999363	0.00000000	89.29010000	28.32800000
110.39999362	0.00000000	88.87794000	27.95275000
110.59999360	0.00000000	88.17052000	26.79626000
110.79999359	0.00000000	87.34005000	25.26452000
110.99999358	0.00000000	86.54650000	23.68356000
111.19999357	0.00000000	85.42691000	22.19488000
111.39999356	0.00000000	84.68873000	21.40748000
111.59999355	0.00000000	85.05167000	21.81964000
111.79999353	0.00000000	85.75910000	22.89616000
111.99999352	0.00000000	86.54650000	24.42790000
112.19999351	0.00000000	86.92175000	25.17224000
112.39999350	0.00000000	87.00787000	25.30758000
112.59999349	0.00000000	87.34005000	25.68282000
112.79999347	0.00000000	87.70914000	26.42101000
112.99999346	0.00000000	87.34005000	26.74705000
113.19999345	0.00000000	87.00787000	26.42101000
113.39999344	0.00000000	86.96481000	25.68282000
113.59999343	0.00000000	86.96481000	25.30758000
113.79999341	0.00000000	86.96481000	25.26452000
113.99999340	0.00000000	86.96481000	25.22145000
114.19999339	0.00000000	86.96481000	24.84621000
114.39999338	0.00000000	86.96481000	24.10187000
114.59999337	0.00000000	86.96481000	23.72662000
114.79999336	0.00000000	86.96481000	23.68356000
114.99999334	0.00000000	86.96481000	23.68356000
115.19999333	0.00000000	86.96481000	23.68356000
115.39999332	0.00000000	86.96481000	23.68356000
115.59999331	0.00000000	86.96481000	23.72662000
115.79999330	0.00000000	86.96481000	24.15108000
115.99999328	0.00000000	86.96481000	25.26452000
116.19999327	0.00000000	86.92175000	26.37795000
116.39999326	0.00000000	86.54650000	26.79626000
116.59999325	0.00000000	85.80216000	26.83932000
116.79999324	0.00000000	85.47613000	26.79626000
116.99999322	0.00000000	85.80216000	26.42101000
117.19999321	0.00000000	86.54650000	25.63976000
117.39999320	0.00000000	86.92175000	24.84621000
117.59999319	0.00000000	87.00787000	23.68356000
117.79999318	0.00000000	87.38312000	22.61319000
117.99999317	0.00000000	88.12745000	22.57013000
118.19999315	0.00000000	88.50270000	23.30832000
118.39999314	0.00000000	88.50270000	24.05881000
118.59999313	0.00000000	88.07824000	24.84621000
118.79999312	0.00000000	86.92175000	25.26452000
118.99999311	0.00000000	85.42691000	25.68282000
119.19999309	0.00000000	84.27042000	26.42101000
119.39999308	0.00000000	83.89517000	26.79626000
119.59999307	0.00000000	84.22120000	26.83932000
119.79999306	0.00000000	85.00861000	26.79626000
119.99999305	0.00000000	85.80216000	26.42101000
120.19999303	0.00000000	87.00787000	25.68282000
120.39999302	0.00000000	88.50270000	25.26452000
120.59999301	0.00000000	89.65919000	24.84621000
120.79999300	0.00000000	90.03444000	24.10187000
120.99999299	0.00000000	89.65919000	23.72662000
121.19999298	0.00000000	88.50270000	23.68356000
121.39999296	0.00000000	87.00787000	23.72662000
121.59999295	0.00000000	85.80216000	24.10187000
121.79999294	0.00000000	85.00861000	24.84621000
121.99999293	0.00000000	84.22120000	25.22145000
122.19999292	0.00000000	83.89517000	25.30758000
122.39999290	0.00000000	84.27042000	25.68282000
122.59999289	0.00000000	85.38385000	26.42101000
122.79999288	0.00000000	86.54650000	26.79626000
122.99999287	0.00000000	87.34005000	26.79626000
123.19999286	0.00000000	88.12745000	26.42101000
123.39999284	0.00000000	88.50270000	25.68282000
123.59999283	0.00000000	88.54576000	25.30758000
123.79999282	0.00000000	88.50270000	25.22145000
123.99999281	0.00000000	88.12745000	24.84621000
124.19999280	0.00000000	87.34005000	24.10187000
124.39999279	0.00000000	86.58956000	23.72662000
124.59999277	0.00000000	85.75910000	23.72662000
124.79999276	0.00000000	85.00861000	24.10187000
124.99999275	0.00000000	84.22120000	24.84621000
125.19999274	0.00000000	83.89517000	25.22145000
125.39999273	0.00000000	84.22120000	25.26452000
125.59999271	0.00000000	85.00861000	25.30758000
125.79999270	0.00000000	85.80216000	25.68282000
125.99999269	0.00000000	86.96481000	26.37795000
126.19999268	0.00000000	88.07824000	26.37795000
126.39999267	0.00000000	88.50270000	25.63976000
126.59999265	0.00000000	88.50270000	24.93233000
126.79999264	0.00000000	88.12745000	24.47712000
126.99999263	0.00000000	87.34005000	24.47096000
127.19999262	0.00000000	86.54650000	24.05881000
127.39999261	0.00000000	85.38385000	23.72662000
127.59999260	0.00000000	84.27042000	23.68356000
127.79999258	0.00000000	83.84596000	23.72662000
127.99999257	0.00000000	83.84596000	24.10187000
128.19999256	0.00000000	84.27042000	24.84621000
128.39999255	0.00000000	85.38385000	25.22145000
128.59999254	0.00000000	86.54650000	25.26452000
128.79999252	0.00000000	87.34005000	25.26452000
128.99999251	0.00000000	88.12745000	25.26452000
129.19999250	0.00000000	88.45349000	25.22145000
129.39999249	0.00000000	88.12745000	24.84621000
129.59999248	0.00000000	87.34005000	24.10187000
129.79999246	0.00000000	86.54650000	23.72662000
129.99999245	0.00000000	85.38385000	23.68356000
130.19999244	0.00000000	84.27042000	23.72662000
130.39999243	0.00000000	83.89517000	24.10187000
130.59999242	0.00000000	84.22120000	24.84621000
130.79999241	0.00000000	85.00861000	25.22145000
130.99999239	0.00000000	85.80216000	25.26452000
131.19999238	0.00000000	86.92175000	25.26452000
131.39999237	0.00000000	87.65993000	25.22145000
131.59999236	0.00000000	87.34005000	24.84621000
131.79999235	0.00000000	87.00787000	24.10187000
131.99999233	0.00000000	86.92175000	23.72662000
132.19999232	0.00000000	86.54650000	23.68356000
132.39999231	0.00000000	85.80216000	23.68356000
132.59999230	0.00000000	85.42691000	23.72662000
132.79999229	0.00000000	85.38385000	24.10187000
132.99999227	0.00000000	85.42691000	24.84621000
133.19999226	0.00000000	85.75910000	25.26452000
133.39999225	0.00000000	86.17126000	25.68282000
133.59999224	0.00000000	86.17741000	26.42101000
133.79999223	0.00000000	86.54650000	26.74705000
133.99999222	0.00000000	86.54650000	26.42101000
134.19999220	0.00000000	86.22047000	25.63976000
134.39999219	0.00000000	86.58956000	24.88927000
134.59999218	0.00000000	86.92175000	24.05881000
134.79999217	0.00000000	86.96481000	23.35138000
134.99999216	0.00000000	86.96481000	22.93922000
135.19999214	0.00000000	86.96481000	23.30832000
135.39999213	0.00000000	86.96481000	23.68356000
135.59999212	0.00000000	86.96481000	24.10187000
135.79999211	0.00000000	86.92175000	24.88927000
135.99999210	0.00000000	86.54650000	25.63976000
136.19999208	0.00000000	85.80216000	26.42101000
136.39999207	0.00000000	85.42691000	26.79626000
136.59999206	0.00000000	85.38385000	26.79626000
136.79999205	0.00000000	85.38385000	26.42101000
136.99999204	0.00000000	85.42691000	25.63976000
137.19999203	0.00000000	85.80216000	24.88927000
137.39999201	0.00000000	86.54650000	24.10187000
137.59999200	0.00000000	86.92175000	23.72662000
137.79999199	0.00000000	86.96481000	23.68356000
137.99999198	0.00000000	86.96481000	23.68356000
138.19999197	0.00000000	86.92175000	23.68356000
138.39999195	0.00000000	86.54650000	23.68356000
138.59999194	0.00000000	85.80216000	23.72662000
138.79999193	0.00000000	85.42691000	24.10187000
138.99999192	0.00000000	85.38385000	24.84621000
139.19999191	0.00000000	85.38385000	25.26452000
139.39999189	0.00000000	85.38385000	25.63976000
139.59999188	0.00000000	85.42691000	26.00270000
139.79999187	0.00000000	85.80216000	25.63976000
139.99999186	0.00000000	86.54650000	25.30758000
140.19999185	0.00000000	86.92175000	25.22145000
140.39999184	0.00000000	86.96481000	24.79700000
140.59999182	0.00000000	86.92175000	23.68356000
140.79999181	0.00000000	86.54650000	22.61319000
140.99999180	0.00000000	85.80216000	22.57013000
141.19999179	0.00000000	85.42691000	23.26525000
141.39999178	0.00000000	85.34079000	23.68356000
141.59999176	0.00000000	85.00861000	24.10187000
141.79999175	0.00000000	84.68873000	24.88927000
141.99999174	0.00000000	85.42691000	25.63976000
142.19999173	0.00000000	86.49728000	26.42101000
142.39999172	0.00000000	86.92175000	26.74705000
142.59999170	0.00000000	86.96481000	26.42101000
142.79999169	0.00000000	86.92175000	25.63976000
142.99999168	0.00000000	86.54650000	24.88927000
143.19999167	0.00000000	85.80216000	24.05881000
143.39999166	0.00000000	85.42691000	23.30832000
143.59999165	0.00000000	85.38385000	22.52091000
143.79999163	0.00000000	85.38385000	22.14567000
143.99999162	0.00000000	85.38385000	22.14567000
144.19999161	0.00000000	85.42691000	22.57013000
144.39999160	0.00000000	85.80216000	23.68356000
144.59999159	0.00000000	86.54650000	24.79700000
144.79999157	0.00000000	86.92175000	25.22145000
144.99999156	0.00000000	86.92175000	25.26452000
145.19999155	0.00000000	86.54650000	25.26452000
145.39999154	0.00000000	85.80216000	25.22145000
145.59999153	0.00000000	85.42691000	24.84621000
145.79999151	0.00000000	85.38385000	24.10187000
145.99999150	0.00000000	85.38385000	23.72662000
146.19999149	0.00000000	85.38385000	23.68356000
146.39999148	0.00000000	85.38385000	23.68356000
146.59999147	0.00000000	85.42691000	23.68356000
146.79999146	0.00000000	85.80216000	23.68356000
146.99999144	0.00000000	86.54650000	23.72662000
147.19999143	0.00000000	86.92175000	24.10187000
147.39999142	0.00000000	86.96481000	24.84621000
147.59999141	0.00000000	86.92175000	25.22145000
147.79999140	0.00000000	86.54650000	25.26452000
147.99999138	0.00000000	85.80216000	25.22145000
148.19999137	0.00000000	85.42691000	24.88927000
148.39999136	0.00000000	85.38385000	24.52018000
148.59999135	0.00000000	85.38385000	24.84621000
148.79999134	0.00000000	85.38385000	24.79700000
148.99999132	0.00000000	85.38385000	24.10187000
149.19999131	0.00000000	85.42691000	23.72662000
149.39999130	0.00000000	85.80216000	23.72662000
149.59999129	0.00000000	86.49728000	24.05881000
149.79999128	0.00000000	86.54650000	24.47096000
149.99999127	0.00000000	86.22047000	24.47712000
150.19999125	0.00000000	86.54650000	24.88927000
150.39999124	0.00000000	86.54650000	25.22145000
150.59999123	0.00000000	86.17741000	25.26452000
150.79999122	0.00000000	86.17126000	25.26452000
150.99999121	0.00000000	85.75910000	25.26452000
151.19999119	0.00000000	85.42691000	25.22145000
151.39999118	0.00000000	85.38385000	24.84621000
151.59999117	0.00000000	85.38385000	24.10187000
151.79999116	0.00000000	85.38385000	23.72662000
151.99999115	0.00000000	85.38385000	23.68356000
152.19999113	0.00000000	85.38385000	23.68356000
152.39999112	0.00000000	85.42691000	23.68356000
152.59999111	0.00000000	85.80216000	23.72662000
152.79999110	0.00000000	86.54650000	24.10187000
152.99999109	0.00000000	86.92175000	24.84621000
153.19999108	0.00000000	86.96481000	25.17224000
153.39999106	0.00000000	86.92175000	24.84621000
153.59999105	0.00000000	86.54650000	24.15108000
153.79999104	0.00000000	85.80216000	24.15108000
153.99999103	0.00000000	85.42691000	24.84621000
154.19999102	0.00000000	85.34079000	25.22145000
154.39999100	0.00000000	85.00861000	25.22145000
154.59999099	0.00000000	84.63951000	24.84621000
154.79999098	0.00000000	85.00861000	24.10187000
154.99999097	0.00000000	85.38385000	23.77584000
155.19999096	0.00000000	85.80216000	24.05881000
155.39999094	0.00000000	86.54650000	24.42790000
155.59999093	0.00000000	86.92175000	24.05881000
155.79999092	0.00000000	86.96481000	23.77584000
155.99999091	0.00000000	86.92175000	24.10187000
156.19999090	0.00000000	86.54650000	24.84621000
156.39999089	0.00000000	85.80216000	25.22145000
156.59999087	0.00000000	85.47613000	25.26452000
156.79999086	0.00000000	85.71604000	25.26452000
156.99999085	0.00000000	85.75294000	25.30758000
157.19999084	0.00000000	85.01476000	25.63976000
157.39999083	0.00000000	85.05167000	26.00270000
157.59999081	0.00000000	85.34079000	25.59055000
157.79999080	0.00000000	85.38385000	24.88927000
157.99999079	0.00000000	85.42691000	24.10187000
158.19999078	0.00000000	85.80216000	23.72662000
158.39999077	0.00000000	86.54650000	23.68356000
158.59999075	0.00000000	86.87254000	23.68356000
158.79999074	0.00000000	86.58956000	23.68356000
158.99999073	0.00000000	86.22047000	23.72662000
159.19999072	0.00000000	86.54650000	24.10187000
159.39999071	0.00000000	86.49728000	24.84621000
159.59999070	0.00000000	85.80216000	25.22145000
159.79999068	0.00000000	85.42691000	25.26452000
159.99999067	0.00000000	85.38385000	25.26452000
160.19999066	0.00000000	85.38385000	25.26452000
160.39999065	0.00000000	85.38385000	25.22145000
160.59999064	0.00000000	85.38385000	24.84621000
160.79999062	0.00000000	85.38385000	24.10187000
160.99999061	0.00000000	85.38385000	23.72662000
161.19999060	0.00000000	85.38385000	23.68356000
161.39999059	0.00000000	85.38385000	23.68356000
161.59999058	0.00000000	85.38385000	23.68356000
161.79999056	0.00000000	85.38385000	23.68356000
161.99999055	0.00000000	85.38385000	23.72662000
162.19999054	0.00000000	85.38385000	24.10187000
162.39999053	0.00000000	85.38385000	24.84621000
162.59999052	0.00000000	85.38385000	25.17224000
162.79999051	0.00000000	85.38385000	24.88927000
162.99999049	0.00000000	85.34079000	24.47712000
163.19999048	0.00000000	84.96555000	24.47096000
163.39999047	0.00000000	84.22120000	24.10187000
163.59999046	0.00000000	83.84596000	24.10187000
163.79999045	0.00000000	83.80289000	24.42790000
163.99999043	0.00000000	83.84596000	24.05881000
164.19999042	0.00000000	84.22120000	23.72662000
164.39999041	0.00000000	84.96555000	23.68356000
164.59999040	0.00000000	85.38385000	23.68356000
164.79999039	0.00000000	85.75910000	23.68356000
164.99999037	0.00000000	86.12819000	23.68356000
165.19999036	0.00000000	85.75910000	23.68356000
165.39999035	0.00000000	85.42691000	23.72662000
165.59999034	0.00000000	85.38385000	24.10187000
165.79999033	0.00000000	85.38385000	24.84621000
165.99999032	0.00000000	85.38385000	25.22145000
166.19999030	0.00000000	85.38385000	25.26452000
166.39999029	0.00000000	85.38385000	25.26452000
166.59999028	0.00000000	85.34079000	25.26452000
166.79999027	0.00000000	85.00861000	25.26452000
166.99999026	0.00000000	84.63951000	25.22145000
167.19999024	0.00000000	85.00861000	24.84621000
167.39999023	0.00000000	85.34079000	24.10187000
167.59999022	0.00000000	85.38385000	23.72662000
167.79999021	0.00000000	85.42691000	23.72662000
167.99999020	0.00000000	85.75910000	24.05881000
168.19999018	0.00000000	86.12819000	24.42790000
168.39999017	0.00000000	85.75910000	24.05881000
168.59999016	0.00000000	85.42691000	23.72662000
168.79999015	0.00000000	85.38385000	23.72662000
168.99999014	0.00000000	85.38385000	24.10187000
169.19999013	0.00000000	85.38385000	24.79700000
169.39999011	0.00000000	85.38385000	24.79700000
169.59999010	0.00000000	85.38385000	24.10187000
169.79999009	0.00000000	85.38385000	23.72662000
169.99999008	0.00000000	85.38385000	23.68356000
170.19999007	0.00000000	85.38385000	23.72662000
170.39999005	0.00000000	85.38385000	24.05881000
170.59999004	0.00000000	85.38385000	24.42790000
170.79999003	0.00000000	85.38385000	24.10187000
170.99999002	0.00000000	85.38385000	24.10187000
171.19999001	0.00000000	85.38385000	24.42790000
171.39998999	0.00000000	85.38385000	24.05881000
171.59998998	0.00000000	85.38385000	23.72662000
171.79998997	0.00000000	85.34079000	23.64050000
171.99998996	0.00000000	85.00861000	23.35138000
172.19998995	0.00000000	84.63951000	23.31447000
172.39998994	0.00000000	84.96555000	24.05266000
172.59998992	0.00000000	84.96555000	24.05881000
172.79998991	0.00000000	84.63951000	24.10187000
172.99998990	0.00000000	85.00861000	24.42790000
173.19998989	0.00000000	85.34079000	24.05881000
173.39998988	0.00000000	85.38385000	23.72662000
173.59998986	0.00000000	85.38385000	23.68356000
173.79998985	0.00000000	85.38385000	23.68356000
173.99998984	0.00000000	85.38385000	23.68356000
174.19998983	0.00000000	85.38385000	23.68356000
174.39998982	0.00000000	85.38385000	23.68356000
174.59998980	0.00000000	85.38385000	23.68356000
174.79998979	0.00000000	85.38385000	23.68356000
174.99998978	0.00000000	85.38385000	23.68356000
175.19998977	0.00000000	85.38385000	23.68356000
175.39998976	0.00000000	85.38385000	23.68356000
175.59998975	0.00000000	85.38385000	23.68356000
175.79998973	0.00000000	85.38385000	23.68356000
175.99998972	0.00000000	85.38385000	23.68356000
176.19998971	0.00000000	85.38385000	23.68356000
176.39998970	0.00000000	85.38385000	23.68356000
176.59998969	0.00000000	85.38385000	23.68356000
176.79998967	0.00000000	85.38385000	23.68356000
176.99998966	0.00000000	85.38385000	23.68356000
177.19998965	0.00000000	85.38385000	23.68356000
177.39998964	0.00000000	85.38385000	23.68356000
177.59998963	0.00000000	85.38385000	23.68356000
177.79998961	0.00000000	85.38385000	23.68356000
177.99998960	0.00000000	85.38385000	23.68356000
178.19998959	0.00000000	85.38385000	23.68356000
178.39998958	0.00000000	85.38385000	23.72662000
178.59998957	0.00000000	85.38385000	24.10187000
178.79998956	0.00000000	85.38385000	24.79700000
178.99998954	0.00000000	85.38385000	24.79700000
179.19998953	0.00000000	85.38385000	24.10187000
179.39998952	0.00000000	85.38385000	23.72662000
179.59998951	0.00000000	85.38385000	23.68356000
179.79998950	0.00000000	85.38385000	23.68356000
179.99998948	0.00000000	85.38385000	23.68356000
180.19998947	0.00000000	85.38385000	23.68356000
180.39998946	0.00000000	85.38385000	23.68356000
180.59998945	0.00000000	85.38385000	23.72662000
180.79998944	0.00000000	85.38385000	24.05881000
180.99998942	0.00000000	85.34079000	24.42790000
181.19998941	0.00000000	84.96555000	24.05881000
181.39998940	0.00000000	84.27042000	23.77584000
181.59998939	0.00000000	84.31348000	24.10187000
181.79998938	0.00000000	85.29158000	24.84621000
181.99998937	0.00000000	85.70374000	25.22145000
182.19998935	0.00000000	85.01476000	25.22145000
182.39998934	0.00000000	85.05167000	24.84621000
182.59998933	0.00000000	85.34079000	24.10187000
182.79998932	0.00000000	85.38385000	23.72662000
182.99998931	0.00000000	85.38385000	23.68356000
183.19998929	0.00000000	85.38385000	23.68356000
183.39998928	0.00000000	85.38385000	23.68356000
183.59998927	0.00000000	85.34079000	23.68356000
183.79998926	0.00000000	85.00861000	23.68356000
183.99998925	0.00000000	84.63951000	23.72662000
184.19998923	0.00000000	85.00861000	24.10187000
184.39998922	0.00000000	85.34079000	24.84621000
184.59998921	0.00000000	85.38385000	25.22145000
184.79998920	0.00000000	85.38385000	25.26452000
184.99998919	0.00000000	85.38385000	25.26452000
185.19998918	0.00000000	85.38385000	25.22145000
185.39998916	0.00000000	85.38385000	24.84621000
185.59998915	0.00000000	85.38385000	24.10187000
185.79998914	0.00000000	85.38385000	23.72662000
185.99998913	0.00000000	85.38385000	23.68356000
186.19998912	0.00000000	85.38385000	23.68356000
186.39998910	0.00000000	85.38385000	23.68356000
186.59998909	0.00000000	85.38385000	23.68356000
186.79998908	0.00000000	85.38385000	23.68356000
186.99998907	0.00000000	85.38385000	23.72662000
187.19998906	0.00000000	85.38385000	24.10187000
187.39998904	0.00000000	85.34079000	24.84621000
187.59998903	0.00000000	84.96555000	25.22145000
187.79998902	0.00000000	84.27042000	25.22145000
187.99998901	0.00000000	84.27042000	24.84621000
188.19998900	0.00000000	84.96555000	24.10187000
188.39998899	0.00000000	85.34079000	23.72662000
188.59998897	0.00000000	85.38385000	23.68356000
188.79998896	0.00000000	85.38385000	23.68356000
188.99998895	0.00000000	85.38385000	23.68356000
189.19998894	0.00000000	85.38385000	23.68356000
189.39998893	0.00000000	85.38385000	23.68356000
189.59998891	0.00000000	85.34079000	23.68356000
189.79998890	0.00000000	84.96555000	23.68356000
189.99998889	0.00000000	84.22120000	23.68356000
190.19998888	0.00000000	83.84596000	23.72662000
190.39998887	0.00000000	83.80289000	24.05881000
190.59998885	0.00000000	83.84596000	24.42790000
190.79998884	0.00000000	84.22120000	24.05881000
190.99998883	0.00000000	84.91634000	23.72662000
191.19998882	0.00000000	84.96555000	23.68356000
191.39998881	0.00000000	84.63951000	23.68356000
191.59998880	0.00000000	85.00861000	23.68356000
191.79998878	0.00000000	85.34079000	23.68356000
191.99998877	0.00000000	85.38385000	23.68356000
192.19998876	0.00000000	85.38385000	23.68356000
192.39998875	0.00000000	85.34079000	23.68356000
192.59998874	0.00000000	85.00861000	23.68356000
192.79998872	0.00000000	84.59645000	23.68356000
192.99998871	0.00000000	84.59030000	23.68356000
193.19998870	0.00000000	84.17815000	23.68356000
193.39998869	0.00000000	83.84596000	23.72662000
193.59998868	0.00000000	83.84596000	24.10187000
193.79998866	0.00000000	84.17815000	24.79700000
193.99998865	0.00000000	84.59030000	24.79700000
194.19998864	0.00000000	84.59645000	24.15108000
194.39998863	0.00000000	85.00861000	24.15108000
194.59998862	0.00000000	85.34079000	24.84621000
194.79998861	0.00000000	85.34079000	25.17224000
194.99998859	0.00000000	85.00861000	24.84621000
195.19998858	0.00000000	84.59645000	24.10187000
195.39998857	0.00000000	84.59030000	23.72662000
195.59998856	0.00000000	84.17815000	23.68356000
195.79998855	0.00000000	83.84596000	23.68356000
195.99998853	0.00000000	83.80289000	23.68356000
