Time	Channel A	Channel B	Channel C
(us)	(V)	(mV)	(mV)

-4.59999956	0.00000000	4.74286400	-3.15575800
-4.39999957	0.00000000	4.74286400	-3.15575800
-4.19999958	0.00000000	4.74286400	-3.15575800
-3.99999959	0.00000000	4.74286400	-3.15575800
-3.79999960	0.00000000	4.74286400	-3.15575800
-3.59999962	0.00000000	4.74286400	-3.15575800
-3.39999963	0.00000000	4.74286400	-3.15575800
-3.19999964	0.00000000	4.74286400	-3.11269700
-2.99999965	0.00000000	4.74286400	-2.78051200
-2.79999966	0.00000000	4.74286400	-2.41141700
-2.59999968	0.00000000	4.74286400	-2.78051200
-2.39999969	0.00000000	4.74286400	-3.11269700
-2.19999970	0.00000000	4.74286400	-3.15575800
-1.99999971	0.00000000	4.74286400	-3.15575800
-1.79999972	0.00000000	4.74286400	-3.15575800
-1.59999973	0.00000000	4.74286400	-3.15575800
-1.39999975	0.00000000	4.74286400	-3.15575800
-1.19999976	0.00000000	4.74286400	-3.15575800
-0.99999977	0.00000000	4.74286400	-3.15575800
-0.79999978	0.00000000	4.74286400	-3.15575800
-0.59999979	0.00000000	4.74286400	-3.15575800
-0.39999981	0.15871060	4.74286400	-3.15575800
-0.19999982	0.47736220	4.74286400	-3.15575800
0.00000017	0.79601380	4.74286400	-3.15575800
0.20000016	0.95533960	4.74286400	-3.15575800
0.40000015	0.95533960	4.74286400	-3.15575800
0.60000013	0.47736220	4.74286400	-3.15575800
0.80000012	-0.31803640	4.74286400	-3.15575800
1.00000011	-1.27399100	4.74286400	-3.15575800
1.20000010	-2.22994600	4.74286400	-3.11269700
1.40000009	-2.86724900	4.74286400	-2.78051200
1.60000008	-2.54859700	4.74286400	-2.41141700
1.80000006	-1.75196900	4.74286400	-2.73745100
2.00000005	0.00000000	4.74286400	-2.73745100
2.20000004	2.22994600	4.74286400	-2.41141700
2.40000003	4.14124000	4.74286400	-2.78051200
2.60000002	5.25652100	4.74286400	-3.11269700
2.80000000	5.09719500	4.74286400	-3.19881900
2.99999999	3.50393700	4.74286400	-3.53100400
3.19999998	0.63668800	4.74286400	-3.90009800
3.39999997	-2.86724900	4.74286400	-3.53100400
3.59999996	-5.89382400	4.74286400	-3.19881900
3.79999994	-7.80511800	4.74286400	-3.11269700
3.99999993	-7.80511800	4.74286400	-2.73745100
4.19999992	-5.73449800	4.74286400	-1.99311000
4.39999991	-1.91129400	4.74286400	-1.61786400
4.59999990	2.38927200	4.74286400	-1.61786400
4.79999989	6.53112700	4.74286400	-1.99311000
4.99999987	8.92039900	4.74286400	-2.73745100
5.19999986	9.39837600	4.74286400	-3.11269700
5.39999985	7.32714100	4.74286400	-3.15575800
5.59999984	3.34522600	4.74286400	-3.15575800
5.79999983	-1.43331700	4.74286400	-3.15575800
5.99999981	-5.73449800	4.74286400	-3.15575800
6.19999980	-8.76107300	4.74286400	-3.11269700
6.39999979	-9.39837600	4.74286400	-2.73745100
6.59999978	-7.80511800	4.74286400	-1.99311000
6.79999977	-4.30056600	4.74286400	-1.66707700
6.99999975	0.00000000	4.74286400	-1.99311000
7.19999974	4.14124000	4.74286400	-2.73745100
7.39999973	6.84916400	4.74286400	-3.11269700
7.59999972	7.80511800	4.74286400	-3.15575800
7.79999971	6.69045300	4.74286400	-3.15575800
7.99999970	4.14124000	4.74286400	-3.15575800
8.19999968	0.79601380	4.74286400	-3.15575800
8.39999967	-2.38927200	4.74286400	-3.15575800
8.59999966	-4.45989200	4.74286400	-3.15575800
8.79999965	-5.25652100	4.74286400	-3.15575800
8.99999964	-4.77854300	4.74286400	-3.15575800
9.19999962	-3.18590100	4.74286400	-3.15575800
9.39999961	-1.11466500	4.74286400	-3.15575800
9.59999960	0.79601380	4.74286400	-3.15575800
9.79999959	1.91129400	4.74286400	-3.15575800
9.99999958	2.54859700	4.74286400	-3.15575800
10.19999956	2.22994600	4.74286400	-3.15575800
10.39999955	1.59264300	4.74286400	-3.15575800
10.59999954	0.63668800	4.74286400	-3.15575800
10.79999953	-0.15871060	4.74286400	-3.15575800
10.99999952	-0.79601380	4.74286400	-3.15575800
11.19999951	-0.95533960	4.74286400	-3.15575800
11.39999949	-0.95533960	4.74286400	-3.15575800
11.59999948	-0.79601380	4.74286400	-3.15575800
11.79999947	-0.47736220	4.74286400	-3.15575800
11.99999946	-0.31803640	4.74286400	-3.15575800
12.19999945	-0.15871060	4.74286400	-3.15575800
12.39999943	-0.15871060	4.74286400	-3.15575800
12.59999942	0.00000000	4.74286400	-3.15575800
12.79999941	0.00000000	4.74286400	-3.15575800
12.99999940	0.00000000	4.74286400	-3.15575800
13.19999939	0.00000000	4.74286400	-3.15575800
13.39999937	0.00000000	4.74286400	-3.15575800
13.59999936	0.00000000	4.69980300	-3.15575800
13.79999935	-0.15871060	4.36761800	-3.15575800
13.99999934	-0.15871060	3.99852300	-3.15575800
14.19999933	-0.15871060	4.36761800	-3.15575800
14.39999932	-0.15871060	4.69980300	-3.15575800
14.59999930	-0.15871060	4.74286400	-3.15575800
14.79999929	0.00000000	4.74286400	-3.15575800
14.99999928	0.00000000	4.74286400	-3.15575800
15.19999927	0.00000000	4.74286400	-3.15575800
15.39999926	0.00000000	4.74286400	-3.15575800
15.59999924	0.00000000	4.74286400	-3.11269700
15.79999923	0.00000000	4.74286400	-2.78051200
15.99999922	0.00000000	4.74286400	-2.41141700
16.19999921	-0.15871060	4.74286400	-2.78051200
16.39999920	-0.15871060	4.74286400	-3.11269700
16.59999919	-0.15871060	4.74286400	-3.15575800
16.79999917	-0.15871060	4.78592500	-3.15575800
16.99999916	0.00000000	5.16117100	-3.15575800
17.19999915	0.00000000	5.90551100	-3.15575800
17.39999914	0.00000000	6.28075700	-3.15575800
17.59999913	0.00000000	6.28075700	-3.15575800
17.79999911	0.00000000	5.85629900	-3.15575800
17.99999910	0.00000000	4.69980300	-3.15575800
18.19999909	0.00000000	3.16190900	-3.15575800
18.39999908	0.00000000	1.58095500	-3.15575800
18.59999907	-0.15871060	0.04306102	-3.15575800
18.79999905	-0.15871060	-1.07037400	-3.15575800
18.99999904	-0.15871060	-1.02731300	-3.15575800
19.19999903	-0.15871060	0.51058070	-3.15575800
19.39999902	0.00000000	3.25418300	-3.15575800
19.59999901	0.00000000	6.74212600	-3.15575800
19.79999900	0.00000000	10.64838000	-3.15575800
19.99999898	0.00000000	14.05020000	-3.15575800
20.19999897	0.00000000	15.95103000	-3.15575800
20.39999896	0.00000000	15.12057000	-3.15575800
20.59999895	0.00000000	11.62648000	-3.15575800
20.79999894	-0.15871060	5.72711600	-3.15575800
20.99999892	-0.15871060	-1.95620100	-3.15575800
21.19999891	0.00000000	-9.62721400	-3.15575800
21.39999890	0.00000000	-14.60999000	-3.15575800
21.59999889	0.00000000	-15.77264000	-3.15575800
21.79999888	0.00000000	-12.56767000	-3.15575800
21.99999886	0.00000000	-4.74901600	-3.15575800
22.19999885	0.00000000	6.83439900	-3.15575800
22.39999884	0.00000000	19.58046000	-3.15575800
22.59999883	0.00000000	30.33341000	-3.11269700
22.79999882	0.00000000	36.47268000	-2.73745100
22.99999881	0.00000000	35.59301000	-1.99311000
23.19999879	-0.15871060	27.39911000	-1.61786400
23.39999878	0.00000000	12.65379000	-1.57480300
23.59999877	-0.15871060	-5.81323800	-1.57480300
23.79999876	0.00000000	-23.16683000	-1.57480300
23.99999875	0.00000000	-35.08243000	-1.61786400
24.19999873	0.00000000	-38.47810000	-2.04232300
24.39999872	0.00000000	-31.50221000	-3.15575800
24.59999871	0.00000000	-15.63730000	-4.36146600
24.79999870	0.00000000	5.62869100	-5.53026500
24.99999869	0.00000000	28.04503000	-7.05585600
25.19999867	0.00000000	46.10605000	-7.80019600
25.39999866	-0.15871060	55.36417000	-7.80019600
25.59999865	-0.15871060	52.99581000	-6.92052100
25.79999864	-0.15871060	39.45005000	-4.22613100
25.99999863	0.00000000	17.44587000	-0.41830710
26.19999862	0.00000000	-8.00319800	3.06348400
26.39999860	0.00000000	-30.43184000	5.80093500
26.59999859	0.00000000	-45.08489000	7.29576700
26.79999858	0.00000000	-48.52977000	6.82824800
26.99999857	0.00000000	-39.32087000	3.67249000
27.19999856	0.00000000	-20.47244000	-2.12844500
27.39999854	-0.15871060	3.16190900	-9.47342500
27.59999853	0.00000000	26.70398000	-16.76919000
27.79999852	0.00000000	44.89419000	-22.10876000
27.99999851	0.00000000	53.41412000	-23.60359000
28.19999850	-0.15871060	51.17495000	-20.48474000
28.39999848	0.00000000	38.80413000	-13.10285000
28.59999847	0.00000000	19.53740000	-2.64517700
28.79999846	0.00000000	-2.14074800	8.91978400
28.99999845	0.00000000	-21.45054000	18.95300000
29.19999844	0.00000000	-34.24581000	25.09227000
29.39999843	0.00000000	-37.78297000	25.78740000
29.59999841	0.00000000	-32.10507000	19.93110000
29.79999840	0.00000000	-19.35285000	8.36614100
29.99999839	0.00000000	-2.69439000	-6.31151500
30.19999838	0.00000000	14.70226000	-20.99532000
30.39999837	0.00000000	29.02928000	-32.56643000
30.59999835	0.00000000	37.17397000	-38.33046000
30.79999834	0.00000000	38.05364000	-36.74950000
30.99999833	0.00000000	31.86516000	-27.82972000
31.19999832	0.00000000	20.73696000	-13.14591000
31.39999831	0.00000000	7.16043300	4.22613100
31.59999829	0.00000000	-5.63484200	20.39862000
31.79999828	0.00000000	-15.72958000	31.63755000
31.99999827	0.00000000	-21.11835000	35.50074000
32.19999826	0.00000000	-20.42323000	31.63755000
32.39999825	0.00000000	-14.70226000	20.39862000
32.59999824	0.00000000	-5.77017700	4.22613100
32.79999822	0.00000000	4.69980300	-13.19513000
32.99999821	0.00000000	14.70226000	-28.29724000
33.19999820	0.00000000	21.67815000	-38.33046000
33.39999819	0.00000000	24.05266000	-41.02485000
33.59999818	0.00000000	22.13952000	-35.63607000
33.79999816	0.00000000	16.36934000	-23.68971000
33.99999815	0.00000000	8.32308000	-7.84940900
34.19999814	-0.15871060	0.55364170	8.36614100
34.39999813	0.00000000	-5.63484200	21.55512000
34.59999812	0.00000000	-9.07357200	29.26919000
34.79999810	0.00000000	-8.37844500	30.05659000
34.99999809	0.00000000	-4.56446800	23.46826000
35.19999808	0.00000000	0.83661410	11.19587000
35.39999807	0.00000000	6.97588500	-3.85703700
35.59999806	0.00000000	11.58341000	-17.70423000
35.79999805	0.00000000	13.58268000	-27.41142000
35.99999803	0.00000000	13.20743000	-30.89936000
36.19999802	0.00000000	10.51304000	-27.82972000
36.39999801	0.00000000	6.28075700	-19.00221000
36.59999800	0.00000000	1.67322800	-6.73597400
36.79999799	0.00000000	-2.18996000	5.20423200
36.99999797	0.00000000	-4.05388800	14.08095000
37.19999796	0.00000000	-3.30339500	17.93799000
37.39999795	-0.15871060	0.13533460	15.66191000
37.59999794	0.00000000	4.69980300	8.40920300
37.79999793	0.00000000	8.97514600	-1.57480300
37.99999791	0.00000000	12.09400000	-11.52190000
38.19999790	0.00000000	13.63189000	-18.39936000
38.39999789	0.00000000	13.20743000	-19.98031000
38.59999788	0.00000000	10.51304000	-16.16634000
38.79999787	0.00000000	6.32381900	-8.50147600
38.99999786	0.00000000	2.04847400	1.06422200
39.19999784	-0.15871060	-1.48868100	9.43036400
39.39999783	0.00000000	-4.18922200	13.66265000
39.59999782	0.00000000	-5.35187000	12.54921000
39.79999781	-0.15871060	-4.56446800	6.78518600
39.99999780	0.00000000	-2.23302100	-2.04232300
40.19999778	0.00000000	1.67322800	-11.61417000
40.39999777	0.00000000	6.28075700	-18.90994000
40.59999776	0.00000000	10.51304000	-21.97957000
40.79999775	0.00000000	13.25664000	-20.02337000
40.99999774	-0.15871060	14.05020000	-13.14591000
41.19999772	0.00000000	13.29970000	-3.57406500
41.39999771	0.00000000	10.93135000	5.67175200
41.59999770	0.00000000	7.43725300	12.59227000
41.79999769	-0.15871060	3.20497000	15.28666000
41.99999768	0.00000000	-0.65206690	13.01058000
42.19999767	0.00000000	-2.98351400	6.92052100
42.39999765	0.00000000	-3.81397600	-1.15649600
42.59999764	0.00000000	-3.02657500	-8.87057000
42.79999763	0.00000000	-1.11343500	-14.72687000
42.99999762	0.00000000	1.67322800	-17.79035000
43.19999761	0.00000000	5.02583600	-17.42126000
43.39999759	0.00000000	7.76328700	-13.56422000
43.59999758	0.00000000	8.56299200	-7.47416300
43.79999757	0.00000000	8.69217500	-0.92888770
43.99999756	0.00000000	8.23695900	4.09079700
44.19999755	-0.15871060	7.52952700	6.82824800
44.39999753	0.00000000	6.74212600	6.87746000
44.59999752	0.00000000	6.36687900	4.60137700
44.79999751	0.00000000	6.32381900	1.11343500
44.99999750	0.00000000	6.32381900	-3.11269700
45.19999749	0.00000000	6.23154500	-6.92052100
45.39999748	0.00000000	5.39493100	-8.87672100
45.59999746	0.00000000	3.06963600	-9.00590400
45.79999745	0.00000000	0.04306102	-8.17544300
45.99999744	0.00000000	-2.69439000	-6.63754800
46.19999743	-0.15871060	-4.60752900	-3.90625000
46.39999742	0.00000000	-5.30265700	-1.29183100
46.59999740	0.00000000	-3.67864200	0.69512790
46.79999739	0.00000000	0.55364170	1.43946800
46.99999738	0.00000000	6.36687900	1.11343500
47.19999737	0.00000000	12.55536000	-0.09227362
47.39999736	0.00000000	17.90723000	-1.99311000
47.59999734	0.00000000	20.51550000	-4.31840500
47.79999733	0.00000000	18.97761000	-6.26845500
47.99999732	0.00000000	13.58268000	-7.80019600
48.19999731	0.00000000	5.85629900	-8.54453700
48.39999730	0.00000000	-2.65132900	-7.75713500
48.59999729	0.00000000	-9.95939900	-5.85014700
48.79999727	0.00000000	-14.19168000	-3.11269700
48.99999726	0.00000000	-14.14862000	-0.04306102
49.19999725	0.00000000	-9.49187900	2.60211600
49.39999724	0.00000000	-1.02731300	3.76476400
49.59999723	0.00000000	8.97514600	3.02042300
49.79999721	0.00000000	17.81496000	1.07037400
49.99999720	0.00000000	23.20989000	-2.04232300
50.19999719	-0.15871060	23.63435000	-5.89320800
50.39999718	0.00000000	19.39591000	-9.33809000
50.59999717	-0.15871060	11.67569000	-11.65723000
50.79999715	-0.15871060	2.04847400	-12.03248000
50.99999714	0.00000000	-6.74827700	-10.49459000
51.19999713	0.00000000	-12.19242000	-7.38188900
51.39999712	0.00000000	-12.98597000	-3.15575800
51.59999711	0.00000000	-9.49187900	1.07037400
51.79999710	0.00000000	-2.18996000	4.18307100
51.99999708	0.00000000	6.97588500	5.71481200
52.19999707	0.00000000	14.65305000	5.29650500
52.39999706	0.00000000	18.93455000	2.64517700
52.59999705	0.00000000	18.97761000	-1.20570900
52.79999704	0.00000000	15.12057000	-5.06274600
52.99999702	0.00000000	8.59990100	-8.54453700
53.19999701	0.00000000	0.92888770	-10.45152000
53.39999700	0.00000000	-5.21653500	-10.49459000
53.59999699	0.00000000	-8.32923100	-8.91978400
53.79999698	0.00000000	-7.91092400	-5.89320800
53.99999696	0.00000000	-3.72170300	-2.46063000
54.19999695	0.00000000	2.78666300	-0.13533460
54.39999694	0.00000000	9.30733200	1.06422200
54.59999693	0.00000000	14.32702000	1.02116100
54.79999692	0.00000000	16.19094000	-0.46751960
54.99999691	0.00000000	14.37008000	-2.69439000
55.19999689	0.00000000	9.76870100	-4.22613100
55.39999688	0.00000000	4.36761800	-4.64443900
55.59999687	0.00000000	-1.07037400	-4.26919300
55.79999686	0.00000000	-5.25959600	-3.11269700
55.99999685	0.00000000	-6.79749000	-1.62401600
56.19999683	0.00000000	-5.25959600	-0.46136810
56.39999682	0.00000000	-1.07037400	-0.13533460
56.59999681	0.00000000	4.27534400	-0.92888770
56.79999680	0.00000000	8.93208600	-3.24803100
56.99999679	0.00000000	12.05093000	-6.26845500
57.19999677	0.00000000	13.20743000	-8.96284400
57.39999676	0.00000000	12.05093000	-10.45152000
57.59999675	0.00000000	9.01820900	-10.07628000
57.79999674	0.00000000	5.16117100	-7.71407400
57.99999673	0.00000000	1.67322800	-3.85703700
58.19999672	0.00000000	-1.02731300	1.15649600
58.39999670	0.00000000	-2.18996000	5.67175200
58.59999669	0.00000000	-1.44562000	7.99089500
58.79999668	0.00000000	0.46751960	7.20349400
58.99999667	0.00000000	3.16190900	3.76476400
59.19999666	0.00000000	5.81323800	-1.66707700
59.39999664	0.00000000	7.39419200	-7.80019600
59.59999663	0.00000000	7.81250000	-13.18898000
59.79999662	0.00000000	7.43725300	-16.25861000
59.99999661	0.00000000	6.28075700	-16.25861000
60.19999660	0.00000000	4.78592500	-13.14591000
60.39999658	0.00000000	3.62942900	-7.33882900
60.59999657	0.00000000	3.20497000	-0.04306102
60.79999656	0.00000000	3.20497000	6.82824800
60.99999655	0.00000000	3.58021600	11.06053000
61.19999654	0.00000000	4.32455700	11.47884000
61.39999653	0.00000000	4.69980300	8.40920300
61.59999651	0.00000000	4.74286400	2.60211600
61.79999650	0.00000000	4.69980300	-4.73671200
61.99999649	0.00000000	4.32455700	-12.03248000
62.19999648	-0.15871060	3.53715500	-17.42126000
62.39999647	0.00000000	2.78666300	-19.32825000
62.59999645	0.00000000	2.04847400	-17.42126000
62.79999644	0.00000000	2.04847400	-12.03248000
62.99999643	0.00000000	2.78666300	-4.73671200
63.19999642	0.00000000	3.58021600	2.60211600
63.39999641	0.00000000	4.74286400	8.40920300
63.59999639	0.00000000	5.85629900	11.47884000
63.79999638	0.00000000	6.28075700	11.10359000
63.99999637	0.00000000	6.28075700	7.29576700
64.19999636	0.00000000	5.85629900	1.48868100
64.39999635	0.00000000	4.74286400	-5.06889700
64.59999634	-0.15871060	3.58021600	-11.23893000
64.79999632	0.00000000	2.82972400	-15.09596000
64.99999631	0.00000000	2.41756900	-16.30167000
65.19999630	0.00000000	2.82972400	-14.76993000
65.39999629	0.00000000	3.53715500	-10.95595000
65.59999628	0.00000000	4.36761800	-6.31151500
65.79999626	0.00000000	5.11811000	-1.62401600
65.99999625	0.00000000	5.85629900	2.64517700
66.19999624	0.00000000	5.81323800	5.71481200
66.39999623	0.00000000	4.69980300	6.92052100
66.59999622	0.00000000	3.20497000	6.17618100
66.79999620	0.00000000	2.04847400	4.26919300
66.99999619	0.00000000	1.67322800	1.53174200
67.19999618	0.00000000	2.04847400	-1.58095500
67.39999617	0.00000000	3.25418300	-4.73671200
67.59999616	0.00000000	5.16117100	-7.84940900
67.79999615	0.00000000	7.43725300	-10.53765000
67.99999613	0.00000000	8.97514600	-12.11860000
68.19999612	0.00000000	9.35039300	-12.49385000
68.39999611	0.00000000	8.55684000	-11.65723000
68.59999610	0.00000000	6.18848400	-8.96284400
68.79999609	0.00000000	2.74360200	-5.11195900
68.99999607	0.00000000	-1.11343500	-1.15649600
69.19999606	0.00000000	-4.14616100	3.06963600
69.39999605	0.00000000	-5.30265700	6.50221400
69.59999604	0.00000000	-4.14616100	7.67101300
69.79999603	0.00000000	-1.07037400	6.92052100
69.99999601	0.00000000	3.20497000	4.14000900
70.19999600	0.00000000	7.86171200	-0.46136810
70.39999599	0.00000000	12.09400000	-5.85014700
70.59999598	0.00000000	14.78838000	-10.49459000
70.79999597	0.00000000	15.16363000	-13.60728000
70.99999596	0.00000000	13.20743000	-14.72687000
71.19999594	0.00000000	8.93208600	-13.18898000
71.39999593	0.00000000	3.16190900	-9.38115100
71.59999592	0.00000000	-2.60826800	-4.73671200
71.79999591	0.00000000	-6.84055100	-0.09227362
71.99999590	0.00000000	-8.42150500	3.76476400
72.19999588	0.00000000	-7.25885800	5.67175200
72.39999587	0.00000000	-3.77091500	5.33956700
72.59999586	0.00000000	1.62401600	3.06348400
72.79999585	0.00000000	7.39419200	0.00000000
72.99999584	0.00000000	12.05093000	-3.11269700
73.19999582	0.00000000	14.78838000	-5.80093500
73.39999581	-0.15871060	15.16363000	-7.33882900
73.59999580	0.00000000	13.25664000	-7.38188900
73.79999579	0.00000000	9.35039300	-6.26845500
73.99999578	0.00000000	4.36761800	-4.73671200
74.19999577	0.00000000	-0.60900590	-3.24803100
74.39999575	0.00000000	-3.72170300	-2.46063000
74.59999574	0.00000000	-4.56446800	-2.82357300
74.79999573	0.00000000	-3.81397600	-3.57406500
74.99999572	-0.15871060	-1.48868100	-4.68750000
75.19999571	0.00000000	1.58095500	-5.43184000
75.39999569	0.00000000	4.69980300	-5.01968500
75.59999568	0.00000000	7.39419200	-3.85088600
75.79999567	0.00000000	8.93208600	-1.53174200
75.99999566	0.00000000	8.97514600	1.07037400
76.19999565	0.00000000	7.86171200	2.64517700
76.39999563	0.00000000	6.32381900	3.02042300
76.59999562	0.00000000	4.78592500	2.18380900
76.79999561	0.00000000	3.62942900	-0.55364170
76.99999560	0.00000000	3.25418300	-4.73671200
77.19999559	0.00000000	3.53715500	-8.96284400
77.39999558	0.00000000	3.90625000	-12.03248000
77.59999556	0.00000000	3.53715500	-13.18898000
77.79999555	0.00000000	3.16190900	-12.03248000
77.99999554	0.00000000	2.74360200	-8.91978400
78.19999553	0.00000000	1.99926200	-4.31840500
78.39999552	0.00000000	1.62401600	0.69512790
78.59999550	0.00000000	1.62401600	4.55831700
78.79999549	0.00000000	2.09153500	6.87746000
78.99999548	0.00000000	3.62942900	6.87746000
79.19999547	0.00000000	5.90551100	4.60137700
79.39999546	0.00000000	7.81250000	1.11343500
79.59999544	0.00000000	8.97514600	-3.15575800
79.79999543	0.00000000	8.97514600	-7.38188900
79.99999542	0.00000000	7.81250000	-10.49459000
80.19999541	0.00000000	5.85629900	-12.07554000
80.39999540	0.00000000	3.16190900	-12.07554000
80.59999539	0.00000000	0.51058070	-10.49459000
80.79999537	0.00000000	-1.07037400	-7.42495000
80.99999536	0.00000000	-1.44562000	-3.57406500
81.19999535	0.00000000	-0.65206690	-0.09227362
81.39999534	-0.15871060	1.67322800	2.64517700
81.59999533	0.00000000	4.69980300	4.18307100
81.79999531	0.00000000	7.39419200	4.22613100
81.99999530	0.00000000	8.97514600	3.11269700
82.19999529	-0.15871060	9.35039300	1.53174200
82.39999528	0.00000000	8.59990100	-0.46751960
82.59999527	0.00000000	6.69906400	-3.19881900
82.79999525	0.00000000	4.74286400	-6.26845500
82.99999524	0.00000000	2.78666300	-8.96284400
83.19999523	0.00000000	0.88582670	-10.53765000
83.39999522	0.00000000	0.13533460	-10.95595000
83.59999521	0.00000000	0.46751960	-10.49459000
83.79999520	0.00000000	1.62401600	-8.54453700
83.99999518	0.00000000	3.11884800	-5.11195900
84.19999517	0.00000000	4.32455700	-1.62401600
84.39999516	0.00000000	5.07504900	1.53174200
84.59999515	0.00000000	5.48720400	4.18307100
84.79999514	0.00000000	5.11811000	5.33956700
84.99999512	0.00000000	4.78592500	4.55831700
85.19999511	0.00000000	4.74286400	2.22687000
85.39999510	0.00000000	4.74286400	-1.66707700
85.59999509	0.00000000	4.74286400	-6.21924200
85.79999508	0.00000000	4.74286400	-10.11934000
85.99999506	0.00000000	4.74286400	-12.40157000
86.19999505	0.00000000	4.69980300	-12.81373000
86.39999504	0.00000000	4.27534400	-10.86983000
86.59999503	0.00000000	3.16190900	-7.38188900
86.79999502	0.00000000	2.04847400	-2.73745100
86.99999501	0.00000000	1.62401600	2.22687000
87.19999499	0.00000000	1.62401600	5.62253900
87.39999498	0.00000000	2.04847400	6.45300100
87.59999497	0.00000000	3.20497000	4.55831700
87.79999496	0.00000000	4.69980300	1.11343500
87.99999495	0.00000000	5.85629900	-3.20497000
88.19999493	0.00000000	6.28075700	-7.80019600
88.39999492	0.00000000	6.28075700	-11.61417000
88.59999491	0.00000000	5.85629900	-13.14591000
88.79999490	0.00000000	4.74286400	-11.98942000
88.99999489	0.00000000	3.58021600	-8.54453700
89.19999487	0.00000000	2.78666300	-3.57406500
89.39999486	0.00000000	1.99926200	1.07037400
89.59999485	0.00000000	1.67322800	4.50910400
89.79999484	0.00000000	1.99926200	6.08390700
89.99999483	0.00000000	2.78666300	4.88435000
90.19999482	0.00000000	3.53715500	1.85777500
90.39999480	0.00000000	4.32455700	-2.82972400
90.59999479	0.00000000	4.69980300	-7.75713500
90.79999478	0.00000000	4.74286400	-11.61417000
90.99999477	0.00000000	4.74286400	-13.10285000
91.19999476	0.00000000	4.74286400	-11.61417000
91.39999474	0.00000000	4.74286400	-7.80019600
91.59999473	0.00000000	4.74286400	-3.15575800
91.79999472	0.00000000	4.74286400	1.43946800
91.99999471	0.00000000	4.74286400	4.92125900
92.19999470	0.00000000	4.74286400	6.04084600
92.39999468	0.00000000	4.69980300	4.87204700
92.59999467	0.00000000	4.27534400	1.02116100
92.79999466	0.00000000	3.11884800	-4.27534400
92.99999465	0.00000000	1.62401600	-8.87672100
93.19999464	0.00000000	0.51058070	-11.61417000
93.39999463	0.00000000	0.46751960	-11.98327000
93.59999461	0.00000000	1.20570900	-10.07628000
93.79999460	0.00000000	2.04847400	-6.21924200
93.99999459	0.00000000	3.62942900	-1.66707700
94.19999458	0.00000000	5.90551100	2.18380900
94.39999457	0.00000000	7.81250000	4.14000900
94.59999455	0.00000000	9.01820900	4.14000900
94.79999454	0.00000000	9.35039300	2.18380900
94.99999453	0.00000000	8.55684000	-1.62401600
95.19999452	0.00000000	6.23154500	-5.80093500
95.39999451	0.00000000	3.16190900	-8.91978400
95.59999449	0.00000000	0.04306102	-10.45152000
95.79999448	0.00000000	-2.60826800	-10.07628000
95.99999447	0.00000000	-3.77091500	-7.80019600
96.19999446	0.00000000	-2.98351400	-4.73671200
96.39999445	0.00000000	-0.65206690	-1.62401600
96.59999444	0.00000000	3.20497000	1.02116100
96.79999442	0.00000000	7.39419200	2.18380900
96.99999441	0.00000000	10.51304000	1.48868100
97.19999440	0.00000000	12.09400000	-0.04306102
97.39999439	0.00000000	12.09400000	-1.99311000
97.59999438	0.00000000	10.55610000	-4.31840500
97.79999436	0.00000000	7.81250000	-6.17618100
97.99999435	0.00000000	4.32455700	-7.00664300
98.19999434	0.00000000	0.46751960	-6.64370100
98.39999433	0.00000000	-2.60826800	-5.89320800
98.59999432	-0.15871060	-4.14616100	-4.68750000
98.79999430	0.00000000	-3.81397600	-3.19881900
98.99999429	0.00000000	-1.86392700	-2.04232300
99.19999428	0.00000000	0.83661410	-1.61786400
99.39999427	0.00000000	4.36761800	-1.57480300
99.59999426	0.00000000	7.81250000	-1.57480300
99.79999425	0.00000000	10.51304000	-1.57480300
99.99999423	0.00000000	11.67569000	-1.57480300
100.19999422	0.00000000	10.93135000	-1.57480300
100.39999421	0.00000000	9.01820900	-1.57480300
100.59999420	0.00000000	6.28075700	-1.61786400
100.79999419	0.00000000	3.20497000	-2.04232300
100.99999417	0.00000000	0.46751960	-3.24803100
101.19999416	0.00000000	-1.44562000	-5.11195900
101.39999415	-0.15871060	-2.23302100	-7.01279500
101.59999414	0.00000000	-1.48868100	-7.75713500
101.79999413	0.00000000	0.04306102	-7.38188900
101.99999411	0.00000000	1.99926200	-5.85014700
102.19999410	0.00000000	4.32455700	-3.53100400
102.39999409	0.00000000	6.28075700	-1.20570900
102.59999408	0.00000000	7.81250000	1.11343500
102.79999407	0.00000000	8.59990100	2.60211600
102.99999406	0.00000000	8.23695900	2.60211600
103.19999404	0.00000000	7.43725300	1.07037400
103.39999403	0.00000000	5.85629900	-1.62401600
103.59999402	0.00000000	3.58021600	-4.68750000
103.79999401	0.00000000	1.67322800	-7.43110200
103.99999400	0.00000000	0.46751960	-9.33809000
104.19999398	0.00000000	0.09227362	-10.07628000
104.39999397	0.00000000	0.41830710	-8.91978400
104.59999396	0.00000000	1.24877000	-6.26845500
104.79999395	0.00000000	2.41756900	-3.19881900
104.99999394	0.00000000	4.32455700	-0.46751960
105.19999392	0.00000000	5.81323800	1.43946800
105.39999391	0.00000000	6.28075700	2.22687000
105.59999390	0.00000000	6.28075700	1.43946800
105.79999389	0.00000000	5.85629900	-0.41830710
105.99999388	0.00000000	4.69980300	-2.78051200
106.19999387	0.00000000	3.20497000	-5.06274600
106.39999385	0.00000000	2.04847400	-6.96358300
106.59999384	0.00000000	1.67322800	-7.33882900
106.79999383	0.00000000	2.04847400	-6.26845500
106.99999382	0.00000000	3.20497000	-4.68750000
107.19999381	0.00000000	4.69980300	-2.78051200
107.39999379	0.00000000	5.85629900	-0.87967510
107.59999378	0.00000000	6.23154500	-0.13533460
107.79999377	0.00000000	5.85629900	-0.46136810
107.99999376	0.00000000	4.74286400	-1.62401600
108.19999375	0.00000000	3.58021600	-3.15575800
108.39999374	0.00000000	2.78666300	-4.73671200
108.59999372	0.00000000	1.99926200	-6.22539300
108.79999371	0.00000000	1.67322800	-6.96358300
108.99999370	0.00000000	1.99926200	-6.22539300
109.19999369	0.00000000	2.78666300	-4.73671200
109.39999368	0.00000000	3.58021600	-3.15575800
109.59999366	0.00000000	4.74286400	-1.62401600
109.79999365	0.00000000	5.85629900	-0.46136810
109.99999364	0.00000000	6.23154500	-0.09227362
110.19999363	0.00000000	5.90551100	-0.41830710
110.39999362	0.00000000	5.11811000	-1.24877000
110.59999360	-0.15871060	4.32455700	-2.41141700
110.79999359	0.00000000	3.16190900	-4.31840500
110.99999358	0.00000000	2.04847400	-5.80093500
111.19999357	0.00000000	1.62401600	-6.26845500
111.39999356	0.00000000	1.62401600	-6.26845500
111.59999355	0.00000000	1.99926200	-5.85014700
111.79999353	0.00000000	2.74360200	-4.73671200
111.99999352	0.00000000	3.16190900	-3.57406500
112.19999351	0.00000000	3.58021600	-2.78051200
112.39999350	0.00000000	4.32455700	-1.99311000
112.59999349	0.00000000	4.69980300	-1.61786400
112.79999347	0.00000000	4.74286400	-1.61786400
112.99999346	0.00000000	4.69980300	-1.99311000
113.19999345	0.00000000	4.36761800	-2.73745100
113.39999344	0.00000000	3.95546200	-3.15575800
113.59999343	0.00000000	3.94931100	-3.57406500
113.79999341	0.00000000	3.53715500	-4.31840500
113.99999340	0.00000000	3.20497000	-4.69365100
114.19999339	0.00000000	3.16190900	-4.73671200
114.39999338	0.00000000	3.16190900	-4.73671200
114.59999337	0.00000000	3.20497000	-4.73671200
114.79999336	0.00000000	3.53715500	-4.73671200
114.99999334	0.00000000	3.94931100	-4.73671200
115.19999333	-0.15871060	3.95546200	-4.69365100
115.39999332	0.00000000	4.36761800	-4.31840500
115.59999331	0.00000000	4.69980300	-3.53100400
115.79999330	0.00000000	4.69980300	-2.78051200
115.99999328	0.00000000	4.32455700	-1.99311000
116.19999327	0.00000000	3.58021600	-1.61786400
116.39999326	0.00000000	3.20497000	-1.57480300
116.59999325	0.00000000	3.16190900	-1.61786400
116.79999324	0.00000000	3.16190900	-2.04232300
116.99999322	0.00000000	3.20497000	-3.15575800
117.19999321	0.00000000	3.58021600	-4.31840500
117.39999320	0.00000000	4.32455700	-5.11195900
117.59999319	0.00000000	4.74286400	-5.89320800
117.79999318	0.00000000	5.11811000	-6.21924200
117.99999317	0.00000000	5.48720400	-5.85014700
118.19999315	0.00000000	5.07504900	-4.73671200
118.39999314	0.00000000	4.36761800	-3.57406500
118.59999313	0.00000000	3.53715500	-2.78051200
118.79999312	0.00000000	2.78666300	-1.95004900
118.99999311	0.00000000	1.95620100	-1.24877000
119.19999309	0.00000000	1.24877000	-0.83661410
119.39999308	0.00000000	0.88582670	-1.24877000
119.59999307	0.00000000	1.67322800	-1.95004900
119.79999306	0.00000000	3.16190900	-2.73745100
119.99999305	0.00000000	4.69980300	-3.11269700
120.19999303	0.00000000	5.85629900	-3.19881900
120.39999302	0.00000000	6.28075700	-3.57406500
120.59999301	0.00000000	6.32381900	-4.31840500
120.79999300	-0.15871060	6.28075700	-4.69365100
120.99999299	0.00000000	5.85629900	-4.69365100
121.19999298	0.00000000	4.69980300	-4.31840500
121.39999296	0.00000000	3.20497000	-3.57406500
121.59999295	0.00000000	1.99926200	-3.19881900
121.79999294	0.00000000	1.20570900	-3.15575800
121.99999293	0.00000000	0.46751960	-3.15575800
122.19999292	0.00000000	0.51058070	-3.15575800
122.39999290	0.00000000	1.62401600	-3.11269700
122.59999289	0.00000000	3.11884800	-2.73745100
122.79999288	0.00000000	4.32455700	-2.04232300
122.99999287	0.00000000	5.11811000	-2.04232300
123.19999286	0.00000000	5.90551100	-2.73745100
123.39999284	0.00000000	6.23154500	-3.11269700
123.59999283	0.00000000	5.90551100	-3.19881900
123.79999282	0.00000000	5.11811000	-3.57406500
123.99999281	0.00000000	4.36761800	-4.31840500
124.19999280	0.00000000	3.53715500	-4.69365100
124.39999279	0.00000000	2.78666300	-4.73671200
124.59999277	0.00000000	1.99926200	-4.69365100
124.79999276	0.00000000	1.62401600	-4.31840500
124.99999275	0.00000000	1.58095500	-3.57406500
125.19999274	-0.15871060	1.62401600	-3.15575800
125.39999273	0.00000000	2.04847400	-2.73745100
125.59999271	0.00000000	3.16190900	-1.99311000
125.79999270	0.00000000	4.32455700	-1.66707700
125.99999269	0.00000000	5.11811000	-1.99311000
126.19999268	0.00000000	5.90551100	-2.73745100
126.39999267	0.00000000	6.28075700	-3.15575800
126.59999265	-0.15871060	6.28075700	-3.57406500
126.79999264	0.00000000	5.85629900	-4.31840500
126.99999263	0.00000000	4.69980300	-4.69365100
127.19999262	0.00000000	3.20497000	-4.73671200
127.39999261	0.00000000	2.04847400	-4.73671200
127.59999260	0.00000000	1.62401600	-4.69365100
127.79999258	-0.15871060	1.62401600	-4.31840500
127.99999257	0.00000000	1.99926200	-3.57406500
128.19999256	0.00000000	2.78666300	-3.15575800
128.39999255	0.00000000	3.58021600	-2.78051200
128.59999254	0.00000000	4.74286400	-2.41141700
128.79999252	0.00000000	5.85629900	-2.78051200
128.99999251	0.00000000	6.23154500	-3.11269700
129.19999250	0.00000000	5.85629900	-3.19881900
129.39999249	0.00000000	4.74286400	-3.57406500
129.59999248	0.00000000	3.58021600	-4.31840500
129.79999246	-0.15871060	2.78666300	-4.64443900
129.99999245	0.00000000	1.99926200	-4.31840500
130.19999244	0.00000000	1.67322800	-3.57406500
130.39999243	0.00000000	1.99926200	-3.19881900
130.59999242	0.00000000	2.78666300	-3.15575800
130.79999241	0.00000000	3.53715500	-3.15575800
130.99999239	0.00000000	4.32455700	-3.15575800
131.19999238	0.00000000	4.69980300	-3.15575800
131.39999237	0.00000000	4.74286400	-3.19881900
131.59999236	0.00000000	4.74286400	-3.57406500
131.79999235	0.00000000	4.69980300	-4.31840500
131.99999233	0.00000000	4.32455700	-4.69365100
132.19999232	0.00000000	3.58021600	-4.73671200
132.39999231	0.00000000	3.20497000	-4.69365100
132.59999230	0.00000000	3.16190900	-4.31840500
132.79999229	0.00000000	3.16190900	-3.57406500
132.99999227	0.00000000	3.16190900	-3.15575800
133.19999226	0.00000000	3.16190900	-2.73745100
133.39999225	0.00000000	3.16190900	-1.99311000
133.59999224	0.00000000	3.16190900	-1.66707700
133.79999223	0.00000000	3.16190900	-1.99311000
133.99999222	0.00000000	3.16190900	-2.78051200
134.19999220	0.00000000	3.20497000	-3.53100400
134.39999219	0.00000000	3.58021600	-4.31840500
134.59999218	0.00000000	4.32455700	-4.69365100
134.79999217	0.00000000	4.69980300	-4.73671200
134.99999216	0.00000000	4.74286400	-4.73671200
135.19999214	0.00000000	4.74286400	-4.69365100
135.39999213	0.00000000	4.69980300	-4.31840500
135.59999212	0.00000000	4.32455700	-3.53100400
135.79999211	0.00000000	3.53715500	-2.78051200
135.99999210	0.00000000	2.78666300	-1.99311000
136.19999208	0.00000000	1.99926200	-1.61786400
136.39999207	0.00000000	1.67322800	-1.61786400
136.59999206	0.00000000	1.99926200	-1.99311000
136.79999205	0.00000000	2.74360200	-2.78051200
136.99999204	0.00000000	3.16190900	-3.53100400
137.19999203	0.00000000	3.58021600	-4.31840500
137.39999201	0.00000000	4.32455700	-4.69365100
137.59999200	0.00000000	4.69980300	-4.73671200
137.79999199	0.00000000	4.74286400	-4.73671200
137.99999198	0.00000000	4.69980300	-4.73671200
138.19999197	0.00000000	4.32455700	-4.69365100
138.39999195	0.00000000	3.53715500	-4.31840500
138.59999194	0.00000000	2.82972400	-3.57406500
138.79999193	0.00000000	2.41756900	-3.15575800
138.99999192	0.00000000	2.78666300	-2.73745100
139.19999191	0.00000000	3.11884800	-1.99311000
139.39999189	0.00000000	3.20497000	-1.66707700
139.59999188	0.00000000	3.58021600	-1.99311000
139.79999187	0.00000000	4.32455700	-2.73745100
139.99999186	0.00000000	4.69980300	-3.15575800
140.19999185	0.00000000	4.69980300	-3.57406500
140.39999184	0.00000000	4.32455700	-4.31840500
140.59999182	0.00000000	3.58021600	-4.69365100
140.79999181	0.00000000	3.20497000	-4.73671200
140.99999180	0.00000000	3.16190900	-4.73671200
141.19999179	0.00000000	3.16190900	-4.69365100
141.39999178	0.00000000	3.16190900	-4.31840500
141.59999176	0.00000000	3.16190900	-3.53100400
141.79999175	0.00000000	3.20497000	-2.78051200
141.99999174	0.00000000	3.58021600	-1.99311000
142.19999173	-0.15871060	4.27534400	-1.66707700
142.39999172	0.00000000	4.27534400	-1.99311000
142.59999170	0.00000000	3.58021600	-2.78051200
142.79999169	0.00000000	3.20497000	-3.53100400
142.99999168	0.00000000	3.16190900	-4.31840500
143.19999167	0.00000000	3.16190900	-4.69365100
143.39999166	0.00000000	3.16190900	-4.73671200
143.59999165	0.00000000	3.16190900	-4.73671200
143.79999163	0.00000000	3.20497000	-4.69365100
143.99999162	0.00000000	3.58021600	-4.31840500
144.19999161	0.00000000	4.27534400	-3.57406500
144.39999160	0.00000000	4.32455700	-3.15575800
144.59999159	-0.15871060	3.95546200	-2.73745100
144.79999157	0.00000000	3.94931100	-2.04232300
144.99999156	0.00000000	3.53715500	-2.04232300
145.19999155	0.00000000	3.20497000	-2.73745100
145.39999154	0.00000000	3.16190900	-3.15575800
145.59999153	0.00000000	3.16190900	-3.57406500
145.79999151	0.00000000	3.16190900	-4.31840500
145.99999150	-0.15871060	3.16190900	-4.69365100
146.19999149	0.00000000	3.16190900	-4.73671200
146.39999148	0.00000000	3.16190900	-4.69365100
146.59999147	0.00000000	3.20497000	-4.31840500
146.79999146	0.00000000	3.58021600	-3.57406500
146.99999144	0.00000000	4.32455700	-3.15575800
147.19999143	0.00000000	4.69980300	-2.73745100
147.39999142	0.00000000	4.69980300	-1.99311000
147.59999141	0.00000000	4.32455700	-1.61786400
147.79999140	0.00000000	3.58021600	-1.61786400
147.99999138	0.00000000	3.20497000	-1.99311000
148.19999137	0.00000000	3.16190900	-2.73745100
148.39999136	0.00000000	3.16190900	-3.15575800
148.59999135	0.00000000	3.16190900	-3.57406500
148.79999134	0.00000000	3.16190900	-4.31840500
148.99999132	0.00000000	3.16190900	-4.69365100
149.19999131	0.00000000	3.16190900	-4.73671200
149.39999130	0.00000000	3.20497000	-4.69365100
149.59999129	0.00000000	3.53715500	-4.31840500
149.79999128	0.00000000	3.94931100	-3.57406500
149.99999127	0.00000000	3.91240100	-3.19881900
150.19999125	0.00000000	3.94931100	-3.15575800
150.39999124	0.00000000	3.53715500	-3.15575800
150.59999123	0.00000000	3.20497000	-3.15575800
150.79999122	0.00000000	3.16190900	-3.15575800
150.99999121	0.00000000	3.11884800	-3.15575800
151.19999119	0.00000000	2.78666300	-3.19881900
151.39999118	0.00000000	2.41756900	-3.53100400
151.59999117	0.00000000	2.78666300	-3.90009800
151.79999116	0.00000000	3.11884800	-3.53100400
151.99999115	0.00000000	3.16190900	-3.24803100
152.19999113	0.00000000	3.20497000	-3.53100400
152.39999112	0.00000000	3.58021600	-3.90009800
152.59999111	0.00000000	4.27534400	-3.53100400
152.79999110	0.00000000	4.27534400	-3.19881900
152.99999109	0.00000000	3.58021600	-3.15575800
153.19999108	0.00000000	3.20497000	-3.15575800
153.39999106	0.00000000	3.16190900	-3.15575800
153.59999105	0.00000000	3.11884800	-3.15575800
153.79999104	0.00000000	2.74360200	-3.15575800
153.99999103	0.00000000	2.04847400	-3.15575800
154.19999102	0.00000000	2.04847400	-3.15575800
154.39999100	0.00000000	2.74360200	-3.19881900
154.59999099	0.00000000	3.11884800	-3.53100400
154.79999098	0.00000000	3.20497000	-3.94315900
154.99999097	0.00000000	3.58021600	-3.94931100
155.19999096	0.00000000	4.32455700	-4.31840500
155.39999094	0.00000000	4.69980300	-4.26919300
155.59999093	0.00000000	4.69980300	-3.57406500
155.79999092	0.00000000	4.32455700	-3.19881900
155.99999091	0.00000000	3.58021600	-3.15575800
156.19999090	0.00000000	3.20497000	-3.15575800
156.39999089	0.00000000	3.16190900	-3.15575800
156.59999087	0.00000000	3.11884800	-3.15575800
156.79999086	0.00000000	2.74360200	-3.15575800
156.99999085	0.00000000	2.04847400	-3.15575800
157.19999084	0.00000000	2.04847400	-3.15575800
157.39999083	0.00000000	2.74360200	-3.19881900
157.59999081	0.00000000	3.16190900	-3.57406500
157.79999080	0.00000000	3.58021600	-4.31840500
157.99999079	0.00000000	4.32455700	-4.69365100
158.19999078	0.00000000	4.69980300	-4.73671200
158.39999077	0.00000000	4.74286400	-4.69365100
158.59999075	-0.15871060	4.69980300	-4.31840500
158.79999074	0.00000000	4.32455700	-3.57406500
158.99999073	0.00000000	3.58021600	-3.15575800
159.19999072	0.00000000	3.20497000	-2.73745100
159.39999071	0.00000000	3.16190900	-1.99311000
159.59999070	0.00000000	3.16190900	-1.66707700
159.79999068	0.00000000	3.16190900	-1.99311000
159.99999067	0.00000000	3.16190900	-2.73745100
160.19999066	0.00000000	3.16190900	-3.11269700
160.39999065	0.00000000	3.16190900	-3.19881900
160.59999064	0.00000000	3.16190900	-3.57406500
160.79999062	0.00000000	3.16190900	-4.31840500
160.99999061	0.00000000	3.16190900	-4.69365100
161.19999060	0.00000000	3.16190900	-4.69365100
161.39999059	0.00000000	3.20497000	-4.31840500
161.59999058	0.00000000	3.53715500	-3.57406500
161.79999056	0.00000000	3.90625000	-3.19881900
161.99999055	0.00000000	3.53715500	-3.15575800
162.19999054	0.00000000	3.25418300	-3.15575800
162.39999053	0.00000000	3.53715500	-3.15575800
162.59999052	0.00000000	3.90625000	-3.15575800
162.79999051	0.00000000	3.53715500	-3.15575800
162.99999049	0.00000000	3.20497000	-3.15575800
163.19999048	0.00000000	3.11884800	-3.15575800
163.39999047	0.00000000	2.78666300	-3.15575800
163.59999046	0.00000000	2.41756900	-3.15575800
163.79999045	0.00000000	2.78666300	-3.15575800
163.99999043	0.00000000	3.11884800	-3.19881900
164.19999042	0.00000000	3.20497000	-3.53100400
164.39999041	0.00000000	3.58021600	-3.94315900
164.59999040	0.00000000	4.32455700	-3.94931100
164.79999039	0.00000000	4.69980300	-4.31840500
164.99999037	0.00000000	4.69980300	-4.26919300
165.19999036	0.00000000	4.32455700	-3.57406500
165.39999035	0.00000000	3.58021600	-3.19881900
165.59999034	0.00000000	3.20497000	-3.15575800
165.79999033	0.00000000	3.16190900	-3.15575800
165.99999032	0.00000000	3.16190900	-3.15575800
166.19999030	0.00000000	3.16190900	-3.15575800
166.39999029	0.00000000	3.16190900	-3.15575800
166.59999028	0.00000000	3.16190900	-3.15575800
166.79999027	0.00000000	3.16190900	-3.15575800
166.99999026	0.00000000	3.16190900	-3.19881900
167.19999024	0.00000000	3.16190900	-3.57406500
167.39999023	0.00000000	3.16190900	-4.26919300
167.59999022	0.00000000	3.20497000	-4.26919300
167.79999021	0.00000000	3.58021600	-3.62327700
167.99999020	0.00000000	4.27534400	-3.57406500
168.19999018	0.00000000	4.27534400	-3.90009800
168.39999017	0.00000000	3.58021600	-3.53100400
168.59999016	0.00000000	3.20497000	-3.19881900
168.79999015	0.00000000	3.16190900	-3.15575800
168.99999014	-0.15871060	3.16190900	-3.15575800
169.19999013	0.00000000	3.16190900	-3.15575800
169.39999011	0.00000000	3.16190900	-3.15575800
169.59999010	0.00000000	3.16190900	-3.15575800
169.79999009	0.00000000	3.16190900	-3.15575800
169.99999008	0.00000000	3.16190900	-3.15575800
170.19999007	0.00000000	3.16190900	-3.15575800
170.39999005	0.00000000	3.16190900	-3.15575800
170.59999004	0.00000000	3.16190900	-3.15575800
170.79999003	0.00000000	3.16190900	-3.15575800
170.99999002	0.00000000	3.16190900	-3.15575800
171.19999001	0.00000000	3.16190900	-3.15575800
171.39998999	0.00000000	3.16190900	-3.15575800
171.59998998	0.00000000	3.16190900	-3.15575800
171.79998997	0.00000000	3.16190900	-3.15575800
171.99998996	0.00000000	3.16190900	-3.19881900
172.19998995	-0.15871060	3.16190900	-3.53100400
172.39998994	0.00000000	3.16190900	-3.90009800
172.59998992	0.00000000	3.16190900	-3.53100400
172.79998991	0.00000000	3.16190900	-3.19881900
172.99998990	0.00000000	3.16190900	-3.15575800
173.19998989	0.00000000	3.16190900	-3.15575800
173.39998988	0.00000000	3.16190900	-3.15575800
173.59998986	0.00000000	3.16190900	-3.15575800
173.79998985	0.00000000	3.16190900	-3.15575800
173.99998984	0.00000000	3.16190900	-3.19881900
174.19998983	0.00000000	3.20497000	-3.53100400
174.39998982	0.00000000	3.53715500	-3.90009800
174.59998980	0.00000000	3.90625000	-3.53100400
174.79998979	0.00000000	3.53715500	-3.19881900
174.99998978	0.00000000	3.20497000	-3.15575800
175.19998977	0.00000000	3.16190900	-3.15575800
175.39998976	0.00000000	3.16190900	-3.15575800
175.59998975	0.00000000	3.16190900	-3.15575800
175.79998973	0.00000000	3.16190900	-3.15575800
175.99998972	0.00000000	3.16190900	-3.15575800
176.19998971	0.00000000	3.16190900	-3.15575800
176.39998970	0.00000000	3.16190900	-3.15575800
176.59998969	-0.15871060	3.16190900	-3.15575800
176.79998967	0.00000000	3.16190900	-3.15575800
176.99998966	0.00000000	3.16190900	-3.15575800
177.19998965	0.00000000	3.16190900	-3.15575800
177.39998964	0.00000000	3.16190900	-3.15575800
177.59998963	0.00000000	3.16190900	-3.15575800
177.79998961	0.00000000	3.16190900	-3.15575800
177.99998960	0.00000000	3.16190900	-3.15575800
178.19998959	0.00000000	3.16190900	-3.15575800
178.39998958	0.00000000	3.16190900	-3.15575800
178.59998957	0.00000000	3.16190900	-3.15575800
178.79998956	0.00000000	3.16190900	-3.15575800
178.99998954	0.00000000	3.16190900	-3.15575800
179.19998953	0.00000000	3.16190900	-3.15575800
179.39998952	0.00000000	3.16190900	-3.19881900
179.59998951	0.00000000	3.20497000	-3.53100400
179.79998950	0.00000000	3.53715500	-3.94315900
179.99998948	0.00000000	3.90625000	-3.94931100
180.19998947	0.00000000	3.53715500	-4.31840500
180.39998946	0.00000000	3.20497000	-4.26919300
180.59998945	-0.15871060	3.16190900	-3.57406500
180.79998944	0.00000000	3.16190900	-3.19881900
180.99998942	0.00000000	3.16190900	-3.15575800
181.19998941	0.00000000	3.16190900	-3.15575800
181.39998940	0.00000000	3.16190900	-3.15575800
181.59998939	0.00000000	3.16190900	-3.15575800
181.79998938	0.00000000	3.16190900	-3.15575800
181.99998937	0.00000000	3.16190900	-3.15575800
182.19998935	0.00000000	3.16190900	-3.19881900
182.39998934	0.00000000	3.16190900	-3.57406500
182.59998933	0.00000000	3.16190900	-4.31840500
182.79998932	0.00000000	3.16190900	-4.69365100
182.99998931	0.00000000	3.11884800	-4.73671200
183.19998929	0.00000000	2.78666300	-4.73671200
183.39998928	0.00000000	2.41756900	-4.69365100
183.59998927	0.00000000	2.78666300	-4.31840500
183.79998926	0.00000000	3.11884800	-3.57406500
183.99998925	0.00000000	3.16190900	-3.19881900
184.19998923	-0.15871060	3.16190900	-3.15575800
184.39998922	0.00000000	3.16190900	-3.15575800
184.59998921	0.00000000	3.16190900	-3.15575800
184.79998920	0.00000000	3.16190900	-3.15575800
184.99998919	0.00000000	3.16190900	-3.15575800
185.19998918	0.00000000	3.16190900	-3.19881900
185.39998916	0.00000000	3.16190900	-3.53100400
185.59998915	0.00000000	3.16190900	-3.94315900
185.79998914	0.00000000	3.16190900	-3.94931100
185.99998913	0.00000000	3.16190900	-4.36146600
186.19998912	0.00000000	3.16190900	-4.69365100
186.39998910	0.00000000	3.16190900	-4.69365100
186.59998909	0.00000000	3.16190900	-4.31840500
186.79998908	0.00000000	3.11884800	-3.57406500
186.99998907	-0.15871060	2.78666300	-3.19881900
187.19998906	0.00000000	2.41756900	-3.15575800
187.39998904	0.00000000	2.78666300	-3.15575800
187.59998903	0.00000000	3.11884800	-3.15575800
187.79998902	0.00000000	3.16190900	-3.15575800
187.99998901	-0.15871060	3.16190900	-3.15575800
188.19998900	0.00000000	3.16190900	-3.19881900
188.39998899	0.00000000	3.16190900	-3.57406500
188.59998897	0.00000000	3.16190900	-4.31840500
188.79998896	0.00000000	3.16190900	-4.69365100
188.99998895	0.00000000	3.16190900	-4.73671200
189.19998894	0.00000000	3.16190900	-4.69365100
189.39998893	0.00000000	3.16190900	-4.31840500
189.59998891	0.00000000	3.16190900	-3.57406500
189.79998890	0.00000000	3.16190900	-3.19881900
189.99998889	0.00000000	3.16190900	-3.15575800
190.19998888	0.00000000	3.16190900	-3.15575800
190.39998887	0.00000000	3.16190900	-3.15575800
190.59998885	0.00000000	3.16190900	-3.15575800
190.79998884	0.00000000	3.16190900	-3.15575800
190.99998883	0.00000000	3.16190900	-3.15575800
191.19998882	0.00000000	3.16190900	-3.15575800
191.39998881	0.00000000	3.20497000	-3.15575800
191.59998880	0.00000000	3.53715500	-3.19881900
191.79998878	0.00000000	3.90625000	-3.53100400
191.99998877	0.00000000	3.53715500	-3.90009800
192.19998876	0.00000000	3.20497000	-3.53100400
192.39998875	0.00000000	3.16190900	-3.24803100
192.59998874	0.00000000	3.16190900	-3.57406500
192.79998872	0.00000000	3.16190900	-4.26919300
192.99998871	0.00000000	3.16190900	-4.26919300
193.19998870	0.00000000	3.16190900	-3.57406500
193.39998869	0.00000000	3.16190900	-3.19881900
193.59998868	0.00000000	3.16190900	-3.15575800
193.79998866	0.00000000	3.16190900	-3.15575800
193.99998865	0.00000000	3.16190900	-3.15575800
194.19998864	-0.15871060	3.16190900	-3.15575800
194.39998863	0.00000000	3.16190900	-3.15575800
194.59998862	0.00000000	3.16190900	-3.15575800
194.79998861	0.00000000	3.16190900	-3.15575800
194.99998859	0.00000000	3.16190900	-3.15575800
195.19998858	0.00000000	3.16190900	-3.19881900
195.39998857	0.00000000	3.16190900	-3.53100400
195.59998856	0.00000000	3.16190900	-3.94315900
195.79998855	0.00000000	3.16190900	-3.90625000
195.99998853	0.00000000	3.16190900	-3.94315900
