Time	Channel A	Channel B	Channel C
(us)	(V)	(mV)	(mV)

-4.49999956	0.00000000	-6.79133800	0.00000000
-4.29999957	0.00000000	-6.74212600	0.00000000
-4.09999958	0.00000000	-7.06815900	0.00000000
-3.89999959	0.00000000	-6.74212600	0.00000000
-3.69999960	0.00000000	-6.74212600	0.00000000
-3.49999962	0.00000000	-7.11122000	0.00000000
-3.29999963	0.00000000	-7.07431000	0.00000000
-3.09999964	0.00000000	-7.15428100	0.00000000
-2.89999965	0.00000000	-7.11737200	0.00000000
-2.69999966	0.00000000	-7.52952700	0.00000000
-2.49999968	0.00000000	-7.81250000	0.00000000
-2.29999969	0.00000000	-7.48646600	0.00000000
-2.09999970	0.00000000	-6.74212600	0.00000000
-1.89999971	0.00000000	-6.36687900	0.00000000
-1.69999972	0.00000000	-6.36687900	0.00000000
-1.49999973	0.00000000	-6.69906400	0.00000000
-1.29999975	0.00000000	-7.11122000	0.00000000
-1.09999976	0.00000000	-7.07431000	0.00000000
-0.89999977	0.00000000	-7.15428100	0.00000000
-0.69999978	0.00000000	-7.07431000	0.00000000
-0.49999979	0.00000000	-7.11122000	0.00000000
-0.29999981	0.31803640	-6.69906400	0.00000000
-0.09999982	0.63668800	-6.36687900	0.00000000
0.10000017	0.95533960	-6.36687900	0.00000000
0.30000016	0.95533960	-6.69906400	0.00000000
0.50000015	0.95533960	-7.06815900	0.00000000
0.70000013	0.47736220	-6.69906400	0.00000000
0.90000012	-0.31803640	-6.41609200	0.00000000
1.10000011	-1.43331700	-6.69906400	0.00000000
1.30000010	-2.22994600	-7.06815900	0.00000000
1.50000009	-2.70792300	-6.69906400	0.00000000
1.70000008	-2.54859700	-6.36687900	0.00000000
1.90000006	-1.43331700	-6.32381900	0.00000000
2.10000005	0.31803640	-6.32381900	0.00000000
2.30000004	2.38927200	-6.36687900	0.00000000
2.50000003	4.30056600	-6.74212600	0.00000000
2.70000002	5.25652100	-7.48646600	0.00000000
2.90000000	4.93786900	-7.81250000	0.00000000
3.09999999	3.18590100	-7.52952700	0.00000000
3.29999998	0.31803640	-7.11737200	0.00000000
3.49999997	-3.02657500	-7.11122000	0.00000000
3.69999996	-6.05315000	-6.69906400	0.00000000
3.89999994	-7.80511800	-6.36687900	0.00000000
4.09999993	-7.64579200	-6.32381900	0.04306102
4.29999992	-5.41584600	-6.32381900	0.41830710
4.49999991	-1.59264300	-6.32381900	1.11343500
4.69999990	2.70792300	-6.32381900	1.11343500
4.89999989	6.84916400	-6.36687900	0.41830710
5.09999987	9.07972400	-6.74212600	0.04306102
5.29999986	9.23905000	-7.48646600	0.00000000
5.49999985	7.00848900	-7.86171200	-0.04306102
5.69999984	3.02657500	-7.90477300	-0.37524600
5.89999983	-1.91129400	-7.86171200	-0.73818890
6.09999981	-6.21247500	-7.48646600	-0.37524600
6.29999980	-8.92039900	-6.74212600	0.00000000
6.49999979	-9.39837600	-6.36687900	0.37524600
6.69999978	-7.64579200	-6.32381900	0.78124990
6.89999977	-3.82258900	-6.32381900	0.74434050
7.09999975	0.47736220	-6.32381900	0.78124990
7.29999974	4.45989200	-6.32381900	0.37524600
7.49999973	7.00848900	-6.32381900	0.04306102
7.69999972	7.80511800	-6.32381900	0.00000000
7.89999971	6.53112700	-6.36687900	0.00000000
8.09999970	3.82258900	-6.69906400	0.00000000
8.29999968	0.47736220	-7.06815900	0.00000000
8.49999967	-2.54859700	-6.69906400	0.00000000
8.69999966	-4.45989200	-6.36687900	0.00000000
8.89999965	-5.25652100	-6.32381900	0.00000000
9.09999964	-4.45989200	-6.32381900	0.00000000
9.29999962	-2.86724900	-6.32381900	0.00000000
9.49999961	-0.95533960	-6.36687900	0.00000000
9.69999960	0.79601380	-6.69906400	0.00000000
9.89999959	2.07062000	-7.06815900	0.00000000
10.09999958	2.54859700	-6.69906400	0.00000000
10.29999956	2.22994600	-6.36687900	0.00000000
10.49999955	1.59264300	-6.32381900	0.00000000
10.69999954	0.63668800	-6.32381900	0.00000000
10.89999953	-0.15871060	-6.36687900	0.00000000
11.09999952	-0.63668800	-6.69906400	0.00000000
11.29999951	-0.95533960	-7.06815900	0.00000000
11.49999949	-0.95533960	-6.69906400	0.04306102
11.69999948	-0.79601380	-6.36687900	0.37524600
11.89999947	-0.47736220	-6.32381900	0.73818890
12.09999946	-0.15871060	-6.32381900	0.37524600
12.29999945	-0.15871060	-6.32381900	0.04306102
12.49999943	0.00000000	-6.32381900	0.00000000
12.69999942	0.00000000	-6.36687900	0.00000000
12.89999941	0.00000000	-6.69906400	0.00000000
13.09999940	0.00000000	-7.06815900	0.00000000
13.29999939	0.00000000	-6.74212600	0.00000000
13.49999937	0.00000000	-6.74212600	0.00000000
13.69999936	0.00000000	-7.06815900	0.00000000
13.89999935	0.00000000	-6.69906400	0.00000000
14.09999934	-0.15871060	-6.36687900	0.00000000
14.29999933	-0.15871060	-6.32381900	0.00000000
14.49999932	-0.15871060	-6.32381900	0.00000000
14.69999930	0.00000000	-6.32381900	0.00000000
14.89999929	0.00000000	-6.32381900	0.00000000
15.09999928	0.00000000	-6.32381900	0.00000000
15.29999927	0.00000000	-6.32381900	0.00000000
15.49999926	0.00000000	-6.36687900	0.00000000
15.69999924	0.00000000	-6.74212600	0.00000000
15.89999923	0.00000000	-7.43725300	0.00000000
16.09999922	0.00000000	-7.43725300	0.00000000
16.29999921	0.00000000	-6.74212600	0.00000000
16.49999920	-0.15871060	-6.36687900	0.00000000
16.69999919	-0.15871060	-6.32381900	0.00000000
16.89999917	0.00000000	-6.28075700	0.00000000
17.09999916	0.00000000	-5.90551100	0.00000000
17.29999915	0.00000000	-5.16117100	0.00000000
17.49999914	0.00000000	-4.78592500	0.00000000
17.69999913	0.00000000	-4.78592500	0.00000000
17.89999911	0.00000000	-5.16117100	0.00000000
18.09999910	0.00000000	-5.94857300	0.00000000
18.29999909	0.00000000	-6.79133800	0.00000000
18.49999908	0.00000000	-8.32308000	0.00000000
18.69999907	0.00000000	-10.23007000	0.00000000
18.89999905	0.00000000	-11.34966000	0.00000000
19.09999904	-0.15871060	-11.76181000	0.00000000
19.29999903	0.00000000	-10.93135000	0.00000000
19.49999902	0.00000000	-8.97514600	0.00000000
19.69999901	0.00000000	-5.85629900	0.00000000
19.89999900	0.00000000	-1.99926200	0.00000000
20.09999898	0.00000000	1.48868100	0.00000000
20.29999897	0.00000000	4.14616100	0.00000000
20.49999896	0.00000000	4.84128900	0.00000000
20.69999895	0.00000000	2.47293300	0.00000000
20.89999894	0.00000000	-2.55290300	0.00000000
21.09999892	0.00000000	-9.57800100	0.00000000
21.29999891	0.00000000	-17.29823000	-0.04306102
21.49999890	-0.15871060	-24.18799000	-0.37524600
21.69999889	0.00000000	-27.95275000	-0.73818890
21.89999888	0.00000000	-26.74705000	-0.37524600
22.09999886	0.00000000	-20.51550000	-0.04306102
22.29999885	0.00000000	-10.04552000	0.00000000
22.49999884	0.00000000	2.69439000	0.00000000
22.69999883	0.00000000	14.65305000	0.00000000
22.89999882	0.00000000	23.07455000	0.00000000
23.09999881	0.00000000	25.30758000	0.04306102
23.29999879	0.00000000	19.86959000	0.41830710
23.49999878	0.00000000	7.82480200	1.15649600
23.69999877	0.00000000	-8.83366100	1.53174200
23.89999876	0.00000000	-26.93159000	1.57480300
24.09999875	0.00000000	-41.54158000	1.57480300
24.29999873	0.00000000	-48.84966000	1.53174200
24.49999872	0.00000000	-46.85039000	1.11343500
24.69999871	0.00000000	-35.21776000	-0.04306102
24.89999870	0.00000000	-16.24016000	-1.57480300
25.09999869	0.00000000	6.14542300	-3.11269700
25.29999867	0.00000000	26.98080000	-4.26919300
25.49999866	0.00000000	40.80954000	-4.64443900
25.69999865	0.00000000	44.24828000	-4.22613100
25.89999864	-0.15871060	35.73449000	-2.60211600
26.09999863	0.00000000	17.21826000	0.51058070
26.29999862	0.00000000	-6.79133800	4.73671200
26.49999860	0.00000000	-31.49606000	8.91978400
26.69999859	0.00000000	-51.12574000	11.61417000
26.89999858	0.00000000	-60.43307000	11.98327000
27.09999857	0.00000000	-57.73868000	9.98400600
27.29999856	0.00000000	-43.77460000	5.29650500
27.49999854	0.00000000	-21.02608000	-1.66707700
27.69999853	0.00000000	4.79207600	-9.38115100
27.89999852	0.00000000	27.26993000	-16.30167000
28.09999851	0.00000000	41.97219000	-20.48474000
28.29999850	0.00000000	45.82923000	-20.44168000
28.49999848	0.00000000	37.73991000	-15.74803000
28.69999847	0.00000000	20.05413000	-6.78518600
28.89999846	0.00000000	-2.78666300	5.20423200
29.09999845	0.00000000	-25.54134000	17.83957000
29.29999844	0.00000000	-43.35630000	27.45448000
29.49999843	0.00000000	-51.91929000	31.31767000
29.69999841	0.00000000	-50.52288000	28.94316000
29.89999840	0.00000000	-40.42815000	19.97416000
30.09999839	0.00000000	-23.76968000	5.71481200
30.29999838	0.00000000	-3.71555100	-10.49459000
30.49999837	0.00000000	14.80069000	-25.17839000
30.69999835	0.00000000	27.22072000	-35.21161000
30.89999834	0.00000000	31.59449000	-38.19513000
31.09999833	0.00000000	27.73130000	-32.75098000
31.29999832	0.00000000	16.97834000	-19.23597000
31.49999831	0.00000000	1.91314000	-1.15649600
31.69999829	0.00000000	-13.58268000	17.42126000
31.89999828	0.00000000	-26.79626000	32.48031000
32.09999827	0.00000000	-35.26698000	41.02485000
32.29999826	0.00000000	-36.84793000	41.35088000
32.49999825	0.00000000	-31.49606000	33.21850000
32.69999824	0.00000000	-21.11220000	17.79650000
32.89999822	0.00000000	-8.37229300	-1.11343500
33.09999821	0.00000000	3.58636800	-19.32825000
33.29999820	0.00000000	12.14321000	-33.58760000
33.49999819	0.00000000	15.68036000	-40.55733000
33.69999818	0.00000000	14.14862000	-38.65649000
33.89999816	0.00000000	7.95398600	-28.98622000
34.09999815	0.00000000	-1.58095500	-13.14591000
34.29999814	0.00000000	-11.20817000	5.29650500
34.49999813	0.00000000	-18.19021000	21.55512000
34.69999812	0.00000000	-21.72121000	32.43110000
34.89999810	0.00000000	-20.93381000	36.33120000
35.09999809	0.00000000	-16.36934000	32.47416000
35.29999808	0.00000000	-9.48572700	22.06570000
35.49999807	0.00000000	-2.55290300	7.38188900
35.69999806	0.00000000	2.47293300	-8.40920300
35.89999805	0.00000000	4.79207600	-21.46899000
36.09999803	0.00000000	3.63558100	-28.48179000
36.29999802	0.00000000	-0.55364170	-28.15576000
36.49999801	0.00000000	-6.32381900	-21.64739000
36.69999800	0.00000000	-12.05093000	-10.45152000
36.89999799	0.00000000	-15.90797000	2.60211600
37.09999797	0.00000000	-16.70152000	14.12401000
37.29999796	0.00000000	-14.83760000	21.05069000
37.49999795	0.00000000	-10.93135000	21.46899000
37.69999794	0.00000000	-5.94857300	15.84030000
37.89999793	0.00000000	-0.92888770	6.60063900
38.09999791	0.00000000	2.47293300	-3.39566900
38.29999790	0.00000000	3.30339500	-12.21703000
38.49999789	0.00000000	1.44562000	-16.73228000
38.69999788	0.00000000	-1.62401600	-15.28666000
38.89999787	0.00000000	-5.21038300	-8.78444900
39.09999786	0.00000000	-9.39345400	0.41830710
39.29999784	0.00000000	-12.83218000	9.99015700
39.49999783	0.00000000	-14.05020000	16.81841000
39.69999782	0.00000000	-13.76107000	18.35630000
39.89999781	0.00000000	-12.55536000	14.16708000
40.09999780	0.00000000	-10.59916000	5.71481200
40.29999778	0.00000000	-7.90477300	-4.60137700
40.49999777	0.00000000	-5.21038300	-13.79798000
40.69999776	0.00000000	-3.20497000	-18.81767000
40.89999775	0.00000000	-1.62401600	-18.81767000
41.09999774	0.00000000	-0.51058070	-13.79798000
41.29999772	0.00000000	-0.51058070	-4.55831700
41.49999771	0.00000000	-1.62401600	6.13312000
41.69999770	0.00000000	-3.16190900	15.37278000
41.89999769	0.00000000	-4.74286400	20.34941000
42.09999768	0.00000000	-6.36687900	20.02337000
42.29999767	0.00000000	-8.32308000	14.63459000
42.49999765	0.00000000	-10.59916000	5.80093500
42.69999764	0.00000000	-12.13706000	-4.18307100
42.89999763	0.00000000	-12.55536000	-12.64149000
43.09999762	0.00000000	-12.18012000	-17.28592000
43.29999761	0.00000000	-11.02362000	-17.37205000
43.49999759	0.00000000	-9.44266700	-13.52116000
43.69999758	0.00000000	-7.48646600	-7.01279500
43.89999757	0.00000000	-5.16117100	0.69512790
44.09999756	0.00000000	-3.20497000	7.24655500
44.29999755	0.00000000	-1.62401600	11.56496000
44.49999753	0.00000000	-0.51058070	13.10285000
44.69999752	0.00000000	-0.46751960	11.56496000
44.89999751	0.00000000	-1.20570900	7.38188900
45.09999750	0.00000000	-1.99926200	2.04232300
45.29999749	0.00000000	-3.25418300	-2.60211600
45.49999748	0.00000000	-5.21038300	-5.75787400
45.69999746	0.00000000	-7.94783400	-7.33882900
45.89999745	0.00000000	-11.06668000	-7.33882900
46.09999744	0.00000000	-14.13632000	-5.80093500
46.29999743	0.00000000	-16.41855000	-3.11269700
46.49999742	0.00000000	-16.83686000	-0.04306102
46.69999740	0.00000000	-15.63115000	2.69439000
46.89999739	0.00000000	-12.78912000	4.64443900
47.09999738	0.00000000	-7.39419200	5.80093500
47.29999737	0.00000000	-0.88582670	5.80093500
47.49999736	0.00000000	4.56446800	4.64443900
47.69999734	0.00000000	8.46456700	2.69439000
47.89999733	0.00000000	9.91018600	0.00000000
48.09999732	0.00000000	7.91092400	-2.69439000
48.29999731	0.00000000	2.09768700	-4.64443900
48.49999730	0.00000000	-6.36687900	-5.75787400
48.69999729	0.00000000	-15.25591000	-5.33956700
48.89999727	0.00000000	-22.55782000	-3.06348400
49.09999726	0.00000000	-26.42101000	0.00000000
49.29999725	0.00000000	-25.63361000	3.11269700
49.49999724	0.00000000	-20.55856000	5.80093500
49.69999723	0.00000000	-11.67569000	7.33882900
49.89999721	0.00000000	-0.92888770	7.29576700
50.09999720	0.00000000	8.28617100	5.38262700
50.29999719	0.00000000	13.72416000	1.90698800
50.49999718	0.00000000	14.09941000	-1.90698800
50.69999717	0.00000000	9.49187900	-5.43184000
50.89999715	0.00000000	1.02731300	-7.66486200
51.09999714	0.00000000	-8.97514600	-8.07701800
51.29999713	0.00000000	-17.81496000	-6.13312000
51.49999712	0.00000000	-23.25910000	-2.69439000
51.69999711	0.00000000	-24.05266000	1.53174200
51.89999710	0.00000000	-20.60162000	5.38262700
52.09999708	0.00000000	-13.63189000	7.71407400
52.29999707	0.00000000	-4.83513700	8.50147600
52.49999706	0.00000000	3.21112200	7.29576700
52.69999705	0.00000000	7.82480200	4.26919300
52.89999704	0.00000000	7.91092400	0.41830710
53.09999702	0.00000000	4.05388800	-3.02042300
53.29999701	0.00000000	-2.46678100	-5.38262700
53.49999700	0.00000000	-10.13779000	-6.13312000
53.69999699	0.00000000	-16.23400000	-5.38262700
53.89999698	0.00000000	-18.97761000	-3.06348400
54.09999696	0.00000000	-17.81496000	-0.04306102
54.29999695	0.00000000	-13.25664000	2.64517700
54.49999694	0.00000000	-6.74212600	4.18307100
54.69999693	0.00000000	-0.59670270	4.18307100
54.89999692	0.00000000	3.63558100	2.64517700
55.09999691	0.00000000	4.79207600	0.04306102
55.29999689	0.00000000	2.47293300	-2.22687000
55.49999688	0.00000000	-2.46678100	-2.97736200
55.69999687	0.00000000	-8.59990100	-2.27608300
55.89999686	0.00000000	-13.63189000	-0.33218500
56.09999685	0.00000000	-16.74459000	1.95004900
56.29999683	0.00000000	-17.43971000	4.26919300
56.49999682	0.00000000	-14.74532000	5.75787400
56.69999681	0.00000000	-9.39345400	5.71481200
56.89999680	0.00000000	-3.25418300	3.76476400
57.09999679	0.00000000	2.09768700	-0.04306102
57.29999677	0.00000000	4.84128900	-4.22613100
57.49999676	0.00000000	4.47219400	-7.33882900
57.69999675	0.00000000	1.81471400	-8.82750900
57.89999674	0.00000000	-2.82972400	-8.03395600
58.09999673	0.00000000	-7.81250000	-4.51525500
58.29999672	0.00000000	-12.09400000	0.83661410
58.49999670	0.00000000	-14.74532000	6.96358300
58.69999669	0.00000000	-14.78838000	11.56496000
58.89999668	0.00000000	-12.51230000	13.47810000
59.09999667	0.00000000	-9.01820900	12.30930000
59.29999666	0.00000000	-4.78592500	7.67101300
59.49999664	0.00000000	-0.97194880	1.15649600
59.69999663	0.00000000	0.98425190	-5.80708600
59.89999662	0.00000000	0.98425190	-11.52190000
60.09999661	0.00000000	-0.92888770	-14.21629000
60.29999660	0.00000000	-4.32455700	-13.05364000
60.49999658	0.00000000	-7.39419200	-8.40920300
60.69999657	0.00000000	-9.44266700	-1.11343500
60.89999656	0.00000000	-10.93135000	6.92052100
61.09999655	0.00000000	-11.25123000	13.10285000
61.29999654	0.00000000	-9.39345400	16.21555000
61.49999653	0.00000000	-6.79133800	15.79724000
61.69999651	0.00000000	-4.78592500	11.56496000
61.89999650	0.00000000	-3.25418300	4.64443900
62.09999649	0.00000000	-2.50984200	-3.06348400
62.29999648	0.00000000	-3.29724400	-10.03322000
62.49999647	0.00000000	-5.16117100	-14.58538000
62.69999645	0.00000000	-7.48646600	-15.37278000
62.89999644	0.00000000	-9.39345400	-11.94021000
63.09999643	0.00000000	-10.55610000	-5.80708600
63.29999642	0.00000000	-10.51304000	1.53174200
63.49999641	0.00000000	-8.97514600	8.45226300
63.69999639	0.00000000	-6.32381900	13.10285000
63.89999638	0.00000000	-3.62942900	14.67766000
64.09999637	0.00000000	-1.71628900	13.14591000
64.29999636	0.00000000	-0.92888770	8.91978400
64.49999635	0.00000000	-1.71628900	3.15575800
64.69999634	0.00000000	-3.62942900	-2.64517700
64.89999632	0.00000000	-6.32381900	-7.29576700
65.09999631	0.00000000	-8.97514600	-10.03322000
65.29999630	0.00000000	-10.51304000	-10.45152000
65.49999629	0.00000000	-10.55610000	-8.91978400
65.69999628	0.00000000	-9.39345400	-5.85014700
65.89999626	0.00000000	-7.48646600	-1.99311000
66.09999625	0.00000000	-5.21038300	1.48868100
66.29999624	0.00000000	-3.67249000	4.26919300
66.49999623	0.00000000	-3.25418300	6.22539300
66.69999622	0.00000000	-3.67249000	7.42495000
66.89999620	0.00000000	-5.21038300	7.80019600
67.09999619	0.00000000	-7.48646600	7.42495000
67.29999618	0.00000000	-9.35039300	6.22539300
67.49999617	0.00000000	-10.13779000	4.26919300
67.69999616	0.00000000	-9.35039300	1.53174200
67.89999615	0.00000000	-7.43725300	-1.58095500
68.09999613	0.00000000	-4.74286400	-4.68750000
68.29999612	0.00000000	-2.04847400	-7.43110200
68.49999611	0.00000000	-0.17839570	-9.29502900
68.69999610	0.00000000	0.18454720	-9.65797200
68.89999609	0.00000000	-1.75935000	-7.71407400
69.09999607	0.00000000	-5.21038300	-4.22613100
69.29999606	0.00000000	-9.48572700	0.51058070
69.49999605	0.00000000	-13.67495000	6.22539300
69.69999604	0.00000000	-16.32628000	11.18971000
69.89999603	0.00000000	-16.32628000	13.47810000
70.09999601	0.00000000	-13.63189000	12.77067000
70.29999600	0.00000000	-8.97514600	9.29502900
70.49999599	0.00000000	-3.16190900	4.27534400
70.69999598	0.00000000	2.60826800	-1.57480300
70.89999597	0.00000000	6.79749000	-7.29576700
71.09999596	0.00000000	7.95398600	-11.14665000
71.29999594	0.00000000	5.63484200	-11.94021000
71.49999593	0.00000000	0.60900590	-10.03322000
71.69999592	0.00000000	-6.32381900	-5.80093500
71.89999591	0.00000000	-13.25664000	-0.41830710
72.09999590	0.00000000	-18.32554000	4.60137700
72.29999588	0.00000000	-21.02608000	8.45226300
72.49999587	0.00000000	-20.60162000	9.99015700
72.69999586	0.00000000	-16.74459000	8.87057000
72.89999585	0.00000000	-10.55610000	5.85014700
73.09999584	0.00000000	-3.20497000	2.04232300
73.29999582	0.00000000	3.67864200	-1.07037400
73.49999581	0.00000000	7.91092400	-3.02042300
73.69999580	0.00000000	8.37844500	-3.80782500
73.89999579	0.00000000	5.72711600	-3.02042300
74.09999578	0.00000000	1.02731300	-1.20570900
74.29999577	0.00000000	-5.16117100	0.69512790
74.49999575	0.00000000	-11.67569000	1.43946800
74.69999574	0.00000000	-16.28322000	1.11343500
74.89999573	0.00000000	-17.90723000	-0.09227362
75.09999572	0.00000000	-16.79380000	-1.95004900
75.29999571	0.00000000	-13.71801000	-3.85088600
75.49999569	0.00000000	-9.44266700	-4.55831700
75.69999568	0.00000000	-4.83513700	-3.76476400
75.89999567	0.00000000	-0.97194880	-1.02116100
76.09999566	0.00000000	0.98425190	3.15575800
76.29999565	0.00000000	1.02731300	7.33882900
76.49999563	0.00000000	-0.51058070	10.03322000
76.69999562	0.00000000	-3.16190900	10.40846000
76.89999561	0.00000000	-5.85629900	8.45226300
77.09999560	0.00000000	-7.81250000	4.18307100
77.29999559	0.00000000	-8.97514600	-1.57480300
77.49999558	0.00000000	-9.01820900	-7.33882900
77.69999556	0.00000000	-8.28001900	-11.56496000
77.89999555	0.00000000	-7.52952700	-13.10285000
78.09999554	0.00000000	-6.74212600	-11.52190000
78.29999553	0.00000000	-6.41609200	-6.92052100
78.49999552	0.00000000	-6.74212600	-0.41830710
78.69999550	0.00000000	-7.48646600	5.75787400
78.89999549	0.00000000	-7.81250000	10.45152000
79.09999548	0.00000000	-7.43725300	13.14591000
79.29999547	0.00000000	-6.28075700	13.14591000
79.49999546	0.00000000	-4.74286400	10.40846000
79.69999544	0.00000000	-3.20497000	5.43184000
79.89999543	0.00000000	-2.04847400	-0.69512790
80.09999542	0.00000000	-1.67322800	-5.71481200
80.29999541	0.00000000	-2.09153500	-8.87057000
80.49999540	0.00000000	-3.67249000	-10.07628000
80.69999539	0.00000000	-6.32381900	-9.29502900
80.89999537	0.00000000	-9.01820900	-6.96358300
81.09999536	0.00000000	-10.93135000	-3.11269700
81.29999535	0.00000000	-11.71875000	1.11343500
81.49999534	0.00000000	-10.93135000	4.60137700
81.69999533	0.00000000	-9.01820900	6.96358300
81.89999531	0.00000000	-6.32381900	7.80019600
82.09999530	0.00000000	-3.62942900	7.80019600
82.29999529	0.00000000	-1.71628900	7.01279500
82.49999528	0.00000000	-0.92888770	5.06274600
82.69999527	0.00000000	-1.67322800	2.78051200
82.89999525	0.00000000	-3.20497000	0.37524600
83.09999524	0.00000000	-5.16117100	-1.95004900
83.29999523	0.00000000	-7.43725300	-4.31840500
83.49999522	0.00000000	-8.97514600	-6.17618100
83.69999521	0.00000000	-9.39345400	-6.96358300
83.89999520	0.00000000	-9.01820900	-6.22539300
84.09999518	0.00000000	-7.86171200	-4.64443900
84.29999517	0.00000000	-6.36687900	-2.27608300
84.49999516	0.00000000	-5.21038300	1.20570900
84.69999515	0.00000000	-4.78592500	4.68750000
84.89999514	0.00000000	-4.78592500	7.75713500
85.09999512	0.00000000	-5.16117100	9.65797200
85.29999511	0.00000000	-5.85629900	9.24581600
85.49999510	0.00000000	-5.85629900	6.96358300
85.69999509	0.00000000	-5.11811000	3.06963600
85.89999508	0.00000000	-4.36761800	-1.53174200
86.09999506	0.00000000	-3.58021600	-5.75787400
86.29999505	0.00000000	-3.25418300	-8.45226300
86.49999504	0.00000000	-3.62942900	-8.87672100
86.69999503	0.00000000	-4.78592500	-7.33882900
86.89999502	0.00000000	-6.32381900	-4.22613100
87.09999501	0.00000000	-7.86171200	0.04306102
87.29999499	0.00000000	-9.01820900	4.64443900
87.49999498	0.00000000	-9.39345400	8.45226300
87.69999497	0.00000000	-9.01820900	9.94094400
87.89999496	0.00000000	-7.86171200	8.50147600
88.09999495	0.00000000	-6.32381900	5.06274600
88.29999493	0.00000000	-4.74286400	1.20570900
88.49999492	0.00000000	-3.20497000	-2.69439000
88.69999491	0.00000000	-2.09153500	-5.75787400
88.89999490	0.00000000	-2.09153500	-7.29576700
89.09999489	0.00000000	-3.20497000	-6.87746000
89.29999487	0.00000000	-4.78592500	-4.18307100
89.49999486	0.00000000	-6.69906400	0.00000000
89.69999485	0.00000000	-8.59990100	4.22613100
89.89999484	0.00000000	-9.39345400	7.25270600
90.09999483	0.00000000	-9.44266700	8.07701800
90.29999482	0.00000000	-9.01820900	6.55142700
90.49999480	0.00000000	-7.86171200	3.85088600
90.69999479	0.00000000	-6.32381900	-0.04306102
90.89999478	0.00000000	-4.78592500	-4.18307100
91.09999477	0.00000000	-3.62942900	-6.87746000
91.29999476	0.00000000	-3.25418300	-7.24655500
91.49999474	0.00000000	-3.58021600	-5.33956700
91.69999473	0.00000000	-4.36761800	-1.48868100
91.89999472	0.00000000	-5.11811000	3.11269700
92.09999471	0.00000000	-5.90551100	7.33882900
92.29999470	0.00000000	-6.28075700	9.98400600
92.49999468	0.00000000	-6.32381900	9.98400600
92.69999467	0.00000000	-6.32381900	7.29576700
92.89999466	0.00000000	-6.32381900	2.73745100
93.09999465	0.00000000	-6.36687900	-2.27608300
93.29999464	0.00000000	-6.74212600	-6.13312000
93.49999463	0.00000000	-7.48646600	-8.45226300
93.69999461	0.00000000	-7.86171200	-8.40920300
93.89999460	0.00000000	-7.86171200	-5.75787400
94.09999459	0.00000000	-7.39419200	-1.53174200
94.29999458	0.00000000	-5.85629900	3.11269700
94.49999457	0.00000000	-3.58021600	7.29576700
94.69999455	0.00000000	-1.67322800	9.56569900
94.89999454	0.00000000	-0.51058070	8.82750900
95.09999453	0.00000000	-0.51058070	5.80093500
95.29999452	0.00000000	-1.67322800	1.53174200
95.49999451	0.00000000	-3.62942900	-3.02042300
95.69999449	0.00000000	-6.36687900	-6.50221400
95.89999448	0.00000000	-9.44266700	-7.67101300
96.09999447	0.00000000	-12.13706000	-6.92052100
96.29999446	0.00000000	-13.63189000	-4.22613100
96.49999445	0.00000000	-13.25664000	-0.41830710
96.69999444	0.00000000	-10.93135000	3.06348400
96.89999442	0.00000000	-7.43725300	5.75787400
97.09999441	0.00000000	-3.20497000	6.92052100
97.29999440	0.00000000	0.65206690	6.17618100
97.49999439	0.00000000	2.98351400	4.26919300
97.69999438	0.00000000	3.72170300	1.58095500
97.89999436	0.00000000	2.18996000	-1.11343500
98.09999435	0.00000000	-1.24877000	-3.02042300
98.29999434	0.00000000	-5.11811000	-3.80782500
98.49999433	0.00000000	-9.06742000	-3.06348400
98.69999432	0.00000000	-12.46924000	-1.57480300
98.89999430	0.00000000	-14.41314000	-0.04306102
99.09999429	0.00000000	-14.05020000	1.15649600
99.29999428	0.00000000	-12.13706000	1.90698800
99.49999427	0.00000000	-9.01820900	2.31914400
99.69999426	0.00000000	-5.16117100	1.95004900
99.89999425	0.00000000	-1.67322800	1.61786400
100.09999423	0.00000000	1.07037400	1.61786400
100.29999422	0.00000000	2.56520700	1.99311000
100.49999421	0.00000000	2.18996000	2.73745100
100.69999420	0.00000000	-0.09227362	3.06348400
100.89999419	0.00000000	-3.16190900	2.68823800
101.09999417	0.00000000	-6.28075700	1.53174200
101.29999416	0.00000000	-9.01820900	0.00000000
101.49999415	0.00000000	-10.93135000	-1.53174200
101.69999414	0.00000000	-11.76181000	-2.68823800
101.89999413	0.00000000	-11.34966000	-3.06348400
102.09999411	0.00000000	-10.23007000	-2.68823800
102.29999410	0.00000000	-8.23695900	-1.48868100
102.49999409	0.00000000	-5.94857300	0.41830710
102.69999408	0.00000000	-3.58021600	2.73745100
102.89999407	0.00000000	-1.67322800	4.64443900
103.09999406	0.00000000	-0.51058070	5.85014700
103.29999404	0.00000000	-0.51058070	6.17618100
103.49999403	0.00000000	-1.67322800	5.38262700
103.69999402	0.00000000	-3.58021600	3.06348400
103.89999401	0.00000000	-5.90551100	0.00000000
104.09999400	0.00000000	-7.81250000	-3.06348400
104.29999398	0.00000000	-9.01820900	-5.33956700
104.49999397	0.00000000	-9.44266700	-5.75787400
104.69999396	0.00000000	-9.39345400	-4.60137700
104.89999395	0.00000000	-8.59990100	-2.31914400
105.09999394	0.00000000	-6.74212600	0.78124990
105.29999392	0.00000000	-5.21038300	3.43873000
105.49999391	0.00000000	-4.36761800	5.38262700
105.69999390	0.00000000	-3.58021600	5.75787400
105.89999389	0.00000000	-3.25418300	4.64443900
106.09999388	0.00000000	-3.62942900	2.73745100
106.29999387	0.00000000	-4.74286400	0.41830710
106.49999385	0.00000000	-5.85629900	-1.48868100
106.69999384	0.00000000	-6.28075700	-2.68823800
106.89999383	0.00000000	-6.32381900	-3.02042300
107.09999382	0.00000000	-6.28075700	-2.27608300
107.29999381	0.00000000	-5.90551100	-0.37524600
107.49999379	0.00000000	-5.16117100	1.53174200
107.69999378	0.00000000	-4.78592500	3.06348400
107.89999377	0.00000000	-4.74286400	3.80782500
108.09999376	0.00000000	-4.78592500	3.06348400
108.29999375	0.00000000	-5.21038300	1.57480300
108.49999374	0.00000000	-6.32381900	0.00000000
108.69999372	0.00000000	-7.43725300	-1.53174200
108.89999371	0.00000000	-7.86171200	-2.64517700
109.09999370	0.00000000	-7.86171200	-2.64517700
109.29999369	0.00000000	-7.43725300	-1.53174200
109.49999368	0.00000000	-6.28075700	0.00000000
109.69999366	0.00000000	-4.78592500	1.57480300
109.89999365	0.00000000	-3.62942900	3.11269700
110.09999364	0.00000000	-3.20497000	4.22613100
110.29999363	0.00000000	-3.20497000	4.22613100
110.49999362	0.00000000	-3.62942900	3.11269700
110.69999360	0.00000000	-4.78592500	1.57480300
110.89999359	0.00000000	-6.28075700	0.04306102
111.09999358	0.00000000	-7.43725300	-1.15649600
111.29999357	0.00000000	-7.86171200	-1.90698800
111.49999356	0.00000000	-7.86171200	-2.31914400
111.69999355	0.00000000	-7.48646600	-1.90698800
111.89999353	0.00000000	-6.69906400	-1.15649600
112.09999352	0.00000000	-5.90551100	0.00000000
112.29999351	0.00000000	-4.74286400	1.15649600
112.49999350	0.00000000	-3.62942900	1.95004900
112.69999349	0.00000000	-3.25418300	2.68823800
112.89999347	0.00000000	-3.58021600	2.68823800
113.09999346	0.00000000	-4.36761800	1.99311000
113.29999345	0.00000000	-5.11811000	1.57480300
113.49999344	0.00000000	-5.94857300	1.15649600
113.69999343	0.00000000	-6.69906400	0.41830710
113.89999341	0.00000000	-7.43725300	0.04306102
114.09999340	0.00000000	-7.43725300	0.00000000
114.29999339	0.00000000	-6.74212600	0.00000000
114.49999338	0.00000000	-6.32381900	0.00000000
114.69999337	0.00000000	-5.90551100	-0.04306102
114.89999336	0.00000000	-5.16117100	-0.41830710
115.09999334	0.00000000	-4.78592500	-1.11343500
115.29999333	0.00000000	-4.74286400	-1.11343500
115.49999332	0.00000000	-4.74286400	-0.41830710
115.69999331	0.00000000	-4.74286400	0.00000000
115.89999330	0.00000000	-4.78592500	0.41830710
116.09999328	0.00000000	-5.21038300	1.19955700
116.29999327	0.00000000	-6.28075700	1.95004900
116.49999326	0.00000000	-7.06815900	2.73745100
116.69999325	0.00000000	-7.07431000	3.06348400
116.89999324	0.00000000	-7.11122000	2.68823800
117.09999322	0.00000000	-6.65600300	1.57480300
117.29999321	0.00000000	-5.94857300	0.46136810
117.49999320	0.00000000	-5.11811000	0.00000000
117.69999319	0.00000000	-4.36761800	-0.41830710
117.89999318	0.00000000	-3.58021600	-1.15649600
118.09999317	0.00000000	-3.20497000	-1.48253000
118.29999315	0.00000000	-3.20497000	-1.19955700
118.49999314	0.00000000	-3.62942900	-0.74434050
118.69999313	0.00000000	-4.78592500	-0.36294290
118.89999312	0.00000000	-6.28075700	0.78124990
119.09999311	0.00000000	-7.43725300	1.53174200
119.29999309	0.00000000	-7.86171200	1.95004900
119.49999308	0.00000000	-7.86171200	2.31914400
119.69999307	0.00000000	-7.48646600	1.95004900
119.89999306	0.00000000	-6.69906400	1.61786400
120.09999305	0.00000000	-5.90551100	1.53174200
120.29999303	0.00000000	-4.74286400	1.15649600
120.49999302	0.00000000	-3.62942900	0.41830710
120.69999301	0.00000000	-3.20497000	0.04306102
120.89999300	0.00000000	-3.20497000	0.00000000
121.09999299	0.00000000	-3.58021600	0.00000000
121.29999298	0.00000000	-4.36761800	0.00000000
121.49999296	0.00000000	-5.16117100	0.00000000
121.69999295	0.00000000	-6.32381900	0.00000000
121.89999294	0.00000000	-7.43725300	0.04306102
122.09999293	0.00000000	-7.86171200	0.41830710
122.29999292	0.00000000	-7.86171200	1.15649600
122.49999290	0.00000000	-7.48646600	1.53174200
122.69999289	0.00000000	-6.69906400	1.57480300
122.89999288	0.00000000	-5.94857300	1.57480300
123.09999287	0.00000000	-5.16117100	1.57480300
123.29999286	0.00000000	-4.78592500	1.57480300
123.49999284	0.00000000	-4.69980300	1.53174200
123.69999283	0.00000000	-4.32455700	1.15649600
123.89999282	0.00000000	-3.62942900	0.41830710
124.09999281	0.00000000	-3.62942900	0.04306102
124.29999280	0.00000000	-4.36761800	0.00000000
124.49999279	0.00000000	-5.11811000	0.00000000
124.69999277	0.00000000	-5.90551100	0.00000000
124.89999276	0.00000000	-6.28075700	0.04306102
125.09999275	0.00000000	-6.36687900	0.41830710
125.29999274	0.00000000	-6.74212600	1.15649600
125.49999273	0.00000000	-7.43725300	1.53174200
125.69999271	0.00000000	-7.43725300	1.57480300
125.89999270	0.00000000	-6.69906400	1.57480300
126.09999269	0.00000000	-5.94857300	1.57480300
126.29999268	0.00000000	-5.11811000	1.57480300
126.49999267	0.00000000	-4.36761800	1.57480300
126.69999265	0.00000000	-3.58021600	1.57480300
126.89999264	0.00000000	-3.25418300	1.53174200
127.09999263	0.00000000	-3.58021600	1.15649600
127.29999262	0.00000000	-4.36761800	0.41830710
127.49999261	0.00000000	-5.16117100	0.04306102
127.69999260	0.00000000	-6.32381900	0.00000000
127.89999258	0.00000000	-7.43725300	0.00000000
128.09999257	0.00000000	-7.81250000	0.00000000
128.29999256	0.00000000	-7.43725300	0.04306102
128.49999255	0.00000000	-6.32381900	0.41830710
128.69999254	0.00000000	-5.16117100	1.15649600
128.89999252	0.00000000	-4.36761800	1.53174200
129.09999251	0.00000000	-3.58021600	1.57480300
129.29999250	0.00000000	-3.25418300	1.57480300
129.49999249	0.00000000	-3.62942900	1.53174200
129.69999248	0.00000000	-4.74286400	1.15649600
129.89999246	0.00000000	-5.90551100	0.41830710
130.09999245	0.00000000	-6.69906400	0.04306102
130.29999244	0.00000000	-7.48646600	0.04306102
130.49999243	0.00000000	-7.81250000	0.41830710
130.69999242	0.00000000	-7.48646600	1.15649600
130.89999241	0.00000000	-6.69906400	1.53174200
131.09999239	0.00000000	-5.90551100	1.57480300
131.29999238	0.00000000	-4.74286400	1.57480300
131.49999237	0.00000000	-3.62942900	1.53174200
131.69999236	0.00000000	-3.25418300	1.15649600
131.89999235	0.00000000	-3.58021600	0.41830710
132.09999233	0.00000000	-4.36761800	0.04306102
132.29999232	0.00000000	-5.11811000	0.00000000
132.49999231	0.00000000	-5.90551100	0.00000000
132.69999230	0.00000000	-6.28075700	0.04306102
132.89999229	0.00000000	-6.32381900	0.41830710
133.09999227	0.00000000	-6.28075700	1.19955700
133.29999226	0.00000000	-5.90551100	1.95004900
133.49999225	0.00000000	-5.16117100	2.73745100
133.69999224	0.00000000	-4.78592500	3.06348400
133.89999223	0.00000000	-4.74286400	2.73745100
134.09999222	0.00000000	-4.78592500	1.95004900
134.29999220	0.00000000	-5.16117100	1.19955700
134.49999219	0.00000000	-5.90551100	0.37524600
134.69999218	0.00000000	-6.23154500	-0.37524600
134.89999217	0.00000000	-5.90551100	-1.15649600
135.09999216	0.00000000	-5.16117100	-1.48253000
135.29999214	0.00000000	-4.74286400	-1.15649600
135.49999213	0.00000000	-4.36761800	-0.37524600
135.69999212	0.00000000	-3.99852300	0.37524600
135.89999211	0.00000000	-4.36761800	1.15649600
136.09999210	0.00000000	-4.74286400	1.53174200
136.29999208	0.00000000	-5.16117100	1.57480300
136.49999207	0.00000000	-5.90551100	1.57480300
136.69999206	0.00000000	-6.28075700	1.57480300
136.89999205	0.00000000	-6.32381900	1.53174200
137.09999204	0.00000000	-6.32381900	1.15649600
137.29999203	0.00000000	-6.28075700	0.41830710
137.49999201	0.00000000	-5.90551100	0.04306102
137.69999200	0.00000000	-5.11811000	0.00000000
137.89999199	0.00000000	-4.41067900	0.00000000
138.09999198	0.00000000	-3.99852300	0.00000000
138.29999197	0.00000000	-4.36761800	0.00000000
138.49999195	0.00000000	-4.74286400	0.00000000
138.69999194	0.00000000	-5.16117100	0.00000000
138.89999193	0.00000000	-5.90551100	0.04306102
139.09999192	0.00000000	-6.28075700	0.41830710
139.29999191	0.00000000	-6.32381900	1.15649600
139.49999189	0.00000000	-6.32381900	1.53174200
139.69999188	0.00000000	-6.28075700	1.57480300
139.89999187	0.00000000	-5.90551100	1.57480300
140.09999186	0.00000000	-5.16117100	1.57480300
140.29999185	0.00000000	-4.74286400	1.53174200
140.49999184	0.00000000	-4.36761800	1.15649600
140.69999182	0.00000000	-3.99852300	0.41830710
140.89999181	0.00000000	-4.36761800	0.04306102
141.09999180	0.00000000	-4.74286400	-0.04306102
141.29999179	0.00000000	-5.16117100	-0.37524600
141.49999178	0.00000000	-5.90551100	-0.73818890
141.69999176	0.00000000	-6.28075700	-0.32603340
141.89999175	0.00000000	-6.28075700	0.37524600
142.09999174	0.00000000	-5.90551100	1.19955700
142.29999173	0.00000000	-5.16117100	1.95004900
142.49999172	0.00000000	-4.78592500	2.73745100
142.69999170	0.00000000	-4.74286400	3.06348400
142.89999169	0.00000000	-4.74286400	2.68823800
143.09999168	0.00000000	-4.74286400	1.57480300
143.29999167	0.00000000	-4.78592500	0.46136810
143.49999166	0.00000000	-5.16117100	0.00000000
143.69999165	0.00000000	-5.90551100	-0.41830710
143.89999163	0.00000000	-6.28075700	-1.11343500
144.09999162	0.00000000	-6.28075700	-1.11343500
144.29999161	0.00000000	-5.90551100	-0.37524600
144.49999160	0.00000000	-5.16117100	0.37524600
144.69999159	0.00000000	-4.78592500	1.15649600
144.89999157	0.00000000	-4.74286400	1.57480300
145.09999156	0.00000000	-4.74286400	1.95004900
145.29999155	0.00000000	-4.74286400	2.31914400
145.49999154	0.00000000	-4.78592500	1.95004900
145.69999153	0.00000000	-5.16117100	1.57480300
145.89999151	0.00000000	-5.90551100	1.15649600
146.09999150	0.00000000	-6.28075700	0.41830710
146.29999149	0.00000000	-6.28075700	0.04306102
146.49999148	0.00000000	-5.90551100	0.00000000
146.69999147	0.00000000	-5.16117100	0.00000000
146.89999146	0.00000000	-4.78592500	0.00000000
147.09999144	0.00000000	-4.74286400	0.04306102
147.29999143	0.00000000	-4.74286400	0.41830710
147.49999142	0.00000000	-4.74286400	1.15649600
147.69999141	0.00000000	-4.74286400	1.53174200
147.89999140	0.00000000	-4.78592500	1.57480300
148.09999138	0.00000000	-5.16117100	1.57480300
148.29999137	0.00000000	-5.90551100	1.57480300
148.49999136	0.00000000	-6.28075700	1.57480300
148.69999135	0.00000000	-6.28075700	1.53174200
148.89999134	0.00000000	-5.90551100	1.15649600
149.09999132	0.00000000	-5.16117100	0.41830710
149.29999131	0.00000000	-4.78592500	0.04306102
149.49999130	0.00000000	-4.69980300	0.00000000
149.69999129	0.00000000	-4.36761800	0.00000000
149.89999128	0.00000000	-3.99852300	0.00000000
150.09999127	0.00000000	-4.36761800	0.00000000
150.29999125	0.00000000	-4.69980300	0.04306102
150.49999124	0.00000000	-4.74286400	0.46136810
150.69999123	0.00000000	-4.78592500	1.53174200
150.89999122	0.00000000	-5.16117100	2.26993100
151.09999121	0.00000000	-5.90551100	1.95004900
151.29999119	0.00000000	-6.28075700	1.61786400
151.49999118	0.00000000	-6.28075700	1.57480300
151.69999117	0.00000000	-5.90551100	1.53174200
151.89999116	0.00000000	-5.16117100	1.15649600
152.09999115	0.00000000	-4.78592500	0.41830710
152.29999113	0.00000000	-4.74286400	0.04306102
152.49999112	0.00000000	-4.74286400	0.00000000
152.69999111	0.00000000	-4.74286400	0.00000000
152.89999110	0.00000000	-4.74286400	0.04306102
153.09999109	0.00000000	-4.74286400	0.41830710
153.29999108	0.00000000	-4.74286400	1.15649600
153.49999106	0.00000000	-4.74286400	1.53174200
153.69999105	0.00000000	-4.78592500	1.57480300
153.89999104	0.00000000	-5.16117100	1.57480300
154.09999103	0.00000000	-5.90551100	1.57480300
154.29999102	0.00000000	-6.28075700	1.57480300
154.49999100	0.00000000	-6.32381900	1.57480300
154.69999099	0.00000000	-6.28075700	1.53174200
154.89999098	0.00000000	-5.90551100	1.15649600
155.09999097	0.00000000	-5.16117100	0.41830710
155.29999096	0.00000000	-4.78592500	0.04306102
155.49999094	0.00000000	-4.74286400	0.00000000
155.69999093	0.00000000	-4.74286400	0.00000000
155.89999092	0.00000000	-4.74286400	0.00000000
156.09999091	0.00000000	-4.74286400	0.04306102
156.29999090	0.00000000	-4.74286400	0.41830710
156.49999089	0.00000000	-4.78592500	1.15649600
156.69999087	0.00000000	-5.16117100	1.53174200
156.89999086	0.00000000	-5.90551100	1.57480300
157.09999085	0.00000000	-6.28075700	1.57480300
157.29999084	0.00000000	-6.32381900	1.57480300
157.49999083	0.00000000	-6.32381900	1.57480300
157.69999081	0.00000000	-6.28075700	1.53174200
157.89999080	0.00000000	-5.90551100	1.15649600
158.09999079	0.00000000	-5.16117100	0.41830710
158.29999078	0.00000000	-4.78592500	0.04306102
158.49999077	0.00000000	-4.74286400	0.00000000
158.69999075	0.00000000	-4.74286400	0.00000000
158.89999074	0.00000000	-4.74286400	0.00000000
159.09999073	0.00000000	-4.74286400	0.04306102
159.29999072	0.00000000	-4.74286400	0.41830710
159.49999071	0.00000000	-4.74286400	1.15649600
159.69999070	0.00000000	-4.74286400	1.53174200
159.89999068	0.00000000	-4.78592500	1.57480300
160.09999067	0.00000000	-5.16117100	1.57480300
160.29999066	0.00000000	-5.85629900	1.57480300
160.49999065	0.00000000	-5.90551100	1.57480300
160.69999064	0.00000000	-5.53641700	1.57480300
160.89999062	0.00000000	-5.53026500	1.53174200
161.09999061	0.00000000	-5.11811000	1.15649600
161.29999060	0.00000000	-4.78592500	0.41830710
161.49999059	0.00000000	-4.74286400	0.04306102
161.69999058	0.00000000	-4.74286400	0.00000000
161.89999056	0.00000000	-4.74286400	0.04306102
162.09999055	0.00000000	-4.74286400	0.41830710
162.29999054	0.00000000	-4.74286400	1.15649600
162.49999053	0.00000000	-4.74286400	1.53174200
162.69999052	0.00000000	-4.74286400	1.57480300
162.89999051	0.00000000	-4.74286400	1.57480300
163.09999049	0.00000000	-4.78592500	1.57480300
163.29999048	0.00000000	-5.16117100	1.57480300
163.49999047	0.00000000	-5.90551100	1.57480300
163.69999046	0.00000000	-6.28075700	1.53174200
163.89999045	0.00000000	-6.32381900	1.15649600
164.09999043	0.00000000	-6.28075700	0.41830710
164.29999042	0.00000000	-5.90551100	0.04306102
164.49999041	0.00000000	-5.16117100	0.00000000
164.69999040	0.00000000	-4.78592500	0.04306102
164.89999039	0.00000000	-4.74286400	0.37524600
165.09999037	0.00000000	-4.74286400	0.73818890
165.29999036	0.00000000	-4.74286400	0.37524600
165.49999035	0.00000000	-4.74286400	0.09227362
165.69999034	0.00000000	-4.74286400	0.41830710
165.89999033	0.00000000	-4.74286400	1.15649600
166.09999032	0.00000000	-4.78592500	1.53174200
166.29999030	0.00000000	-5.16117100	1.57480300
166.49999029	0.00000000	-5.90551100	1.57480300
166.69999028	0.00000000	-6.23154500	1.53174200
166.89999027	0.00000000	-5.90551100	1.19955700
167.09999026	0.00000000	-5.16117100	0.83661410
167.29999024	0.00000000	-4.78592500	1.19955700
167.49999023	0.00000000	-4.74286400	1.53174200
167.69999022	0.00000000	-4.74286400	1.53174200
167.89999021	0.00000000	-4.74286400	1.19955700
168.09999020	0.00000000	-4.74286400	0.79355310
168.29999018	0.00000000	-4.74286400	0.78124990
168.49999017	0.00000000	-4.74286400	0.37524600
168.69999016	0.00000000	-4.74286400	0.09227362
168.89999015	0.00000000	-4.74286400	0.37524600
169.09999014	0.00000000	-4.74286400	0.78124990
169.29999013	0.00000000	-4.74286400	0.79355310
169.49999011	0.00000000	-4.74286400	1.19955700
169.69999010	0.00000000	-4.74286400	1.53174200
169.89999009	0.00000000	-4.74286400	1.57480300
170.09999008	0.00000000	-4.74286400	1.57480300
170.29999007	0.00000000	-4.74286400	1.53174200
170.49999005	0.00000000	-4.74286400	1.19955700
170.69999004	0.00000000	-4.74286400	0.83661410
170.89999003	0.00000000	-4.74286400	1.15649600
171.09999002	0.00000000	-4.74286400	1.15649600
171.29999001	0.00000000	-4.74286400	0.79355310
171.49998999	0.00000000	-4.74286400	0.78124990
171.69998998	0.00000000	-4.74286400	0.37524600
171.89998997	0.00000000	-4.74286400	0.09227362
172.09998996	0.00000000	-4.74286400	0.37524600
172.29998995	0.00000000	-4.74286400	0.78124990
172.49998994	0.00000000	-4.74286400	0.79355310
172.69998992	0.00000000	-4.74286400	1.19955700
172.89998991	0.00000000	-4.74286400	1.53174200
173.09998990	0.00000000	-4.74286400	1.57480300
173.29998989	0.00000000	-4.74286400	1.57480300
173.49998988	0.00000000	-4.74286400	1.53174200
173.69998986	0.00000000	-4.74286400	1.19955700
173.89998985	0.00000000	-4.74286400	0.79355310
174.09998984	0.00000000	-4.74286400	0.78124990
174.29998983	0.00000000	-4.74286400	0.37524600
174.49998982	0.00000000	-4.74286400	0.04306102
174.69998980	0.00000000	-4.74286400	0.00000000
174.89998979	0.00000000	-4.74286400	0.00000000
175.09998978	0.00000000	-4.74286400	0.00000000
175.29998977	0.00000000	-4.74286400	0.00000000
175.49998976	0.00000000	-4.74286400	0.04306102
175.69998975	0.00000000	-4.74286400	0.41830710
175.89998973	0.00000000	-4.74286400	1.15649600
176.09998972	0.00000000	-4.74286400	1.53174200
176.29998971	0.00000000	-4.74286400	1.57480300
176.49998970	0.00000000	-4.74286400	1.57480300
176.69998969	0.00000000	-4.74286400	1.57480300
176.89998967	0.00000000	-4.74286400	1.57480300
177.09998966	0.00000000	-4.74286400	1.53174200
177.29998965	0.00000000	-4.74286400	1.15649600
177.49998964	0.00000000	-4.74286400	0.41830710
177.69998963	0.00000000	-4.74286400	0.04306102
177.89998961	0.00000000	-4.74286400	0.00000000
178.09998960	0.00000000	-4.74286400	0.04306102
178.29998959	0.00000000	-4.74286400	0.41830710
178.49998958	0.00000000	-4.74286400	1.15649600
178.69998957	0.00000000	-4.74286400	1.53174200
178.89998956	0.00000000	-4.74286400	1.53174200
179.09998954	0.00000000	-4.74286400	1.19955700
179.29998953	0.00000000	-4.74286400	0.83661410
179.49998952	0.00000000	-4.74286400	1.19955700
179.69998951	0.00000000	-4.74286400	1.53174200
179.89998950	0.00000000	-4.74286400	1.57480300
180.09998948	0.00000000	-4.74286400	1.53174200
180.29998947	0.00000000	-4.74286400	1.15649600
180.49998946	0.00000000	-4.74286400	0.41830710
180.69998945	0.00000000	-4.74286400	0.04306102
180.89998944	0.00000000	-4.74286400	0.00000000
181.09998942	0.00000000	-4.74286400	0.04306102
181.29998941	0.00000000	-4.74286400	0.41830710
181.49998940	0.00000000	-4.74286400	1.15649600
181.69998939	0.00000000	-4.74286400	1.53174200
181.89998938	0.00000000	-4.74286400	1.57480300
182.09998937	0.00000000	-4.74286400	1.57480300
182.29998935	0.00000000	-4.74286400	1.57480300
182.49998934	0.00000000	-4.74286400	1.57480300
182.69998933	0.00000000	-4.74286400	1.57480300
182.89998932	0.00000000	-4.74286400	1.53174200
183.09998931	0.00000000	-4.74286400	1.15649600
183.29998929	0.00000000	-4.74286400	0.41830710
183.49998928	0.00000000	-4.74286400	0.04306102
183.69998927	0.00000000	-4.74286400	0.00000000
183.89998926	0.00000000	-4.74286400	0.00000000
184.09998925	0.00000000	-4.74286400	0.04306102
184.29998923	0.00000000	-4.74286400	0.41830710
184.49998922	0.00000000	-4.74286400	1.15649600
184.69998921	0.00000000	-4.74286400	1.53174200
184.89998920	0.00000000	-4.74286400	1.57480300
185.09998919	0.00000000	-4.74286400	1.57480300
185.29998918	0.00000000	-4.74286400	1.57480300
185.49998916	0.00000000	-4.74286400	1.57480300
185.69998915	0.00000000	-4.74286400	1.57480300
185.89998914	0.00000000	-4.74286400	1.53174200
186.09998913	0.00000000	-4.74286400	1.15649600
186.29998912	0.00000000	-4.74286400	0.41830710
186.49998910	0.00000000	-4.74286400	0.04306102
186.69998909	0.00000000	-4.74286400	0.00000000
186.89998908	0.00000000	-4.74286400	0.04306102
187.09998907	0.00000000	-4.74286400	0.41830710
187.29998906	0.00000000	-4.74286400	1.15649600
187.49998904	0.00000000	-4.74286400	1.53174200
187.69998903	0.00000000	-4.74286400	1.57480300
187.89998902	0.00000000	-4.74286400	1.57480300
188.09998901	0.00000000	-4.74286400	1.57480300
188.29998900	0.00000000	-4.74286400	1.57480300
188.49998899	0.00000000	-4.74286400	1.57480300
188.69998897	0.00000000	-4.74286400	1.53174200
188.89998896	0.00000000	-4.74286400	1.15649600
189.09998895	0.00000000	-4.74286400	0.41830710
189.29998894	0.00000000	-4.74286400	0.04306102
189.49998893	0.00000000	-4.74286400	0.00000000
189.69998891	0.00000000	-4.74286400	0.00000000
189.89998890	0.00000000	-4.74286400	0.00000000
190.09998889	0.00000000	-4.74286400	0.04306102
190.29998888	0.00000000	-4.74286400	0.41830710
190.49998887	0.00000000	-4.74286400	1.15649600
190.69998885	0.00000000	-4.74286400	1.53174200
190.89998884	0.00000000	-4.74286400	1.57480300
191.09998883	0.00000000	-4.74286400	1.57480300
191.29998882	0.00000000	-4.74286400	1.57480300
191.49998881	0.00000000	-4.74286400	1.57480300
191.69998880	0.00000000	-4.74286400	1.57480300
191.89998878	0.00000000	-4.74286400	1.57480300
192.09998877	0.00000000	-4.74286400	1.53174200
192.29998876	0.00000000	-4.74286400	1.15649600
192.49998875	0.00000000	-4.74286400	0.41830710
192.69998874	0.00000000	-4.74286400	0.04306102
192.89998872	0.00000000	-4.74286400	0.00000000
193.09998871	0.00000000	-4.74286400	0.04306102
193.29998870	0.00000000	-4.74286400	0.41830710
193.49998869	0.00000000	-4.74286400	1.15649600
193.69998868	0.00000000	-4.74286400	1.53174200
193.89998866	0.00000000	-4.74286400	1.57480300
194.09998865	0.00000000	-4.74286400	1.57480300
194.29998864	0.00000000	-4.74286400	1.57480300
194.49998863	0.00000000	-4.74286400	1.57480300
194.69998862	0.00000000	-4.74286400	1.57480300
194.89998861	0.00000000	-4.74286400	1.57480300
195.09998859	0.00000000	-4.74286400	1.57480300
195.29998858	0.00000000	-4.74286400	1.53174200
195.49998857	0.00000000	-4.74286400	1.15649600
195.69998856	0.00000000	-4.74286400	0.41830710
195.89998855	0.00000000	-4.74286400	0.09227362
196.09998853	0.00000000	-4.78592500	0.41830710
