Time	Channel A	Channel B	Channel C
(us)	(V)	(mV)	(mV)

-4.49999956	0.00000000	1.16264800	-5.94857300
-4.29999957	0.00000000	1.11343500	-5.98548200
-4.09999958	0.00000000	0.46751960	-6.26845500
-3.89999959	0.00000000	0.41830710	-6.31151500
-3.69999960	0.00000000	0.74434050	-6.31151500
-3.49999962	0.00000000	0.41830710	-6.31151500
-3.29999963	0.00000000	0.41830710	-6.31151500
-3.09999964	0.00000000	0.74434050	-6.31151500
-2.89999965	0.00000000	0.41830710	-6.31151500
-2.69999966	0.00000000	0.41830710	-6.31151500
-2.49999968	0.00000000	0.78740150	-6.31151500
-2.29999969	0.00000000	0.75049200	-6.31151500
-2.09999970	0.00000000	0.83046260	-6.31151500
-1.89999971	0.00000000	0.79355310	-6.31151500
-1.69999972	0.00000000	1.16264800	-6.31151500
-1.49999973	0.00000000	1.16264800	-6.31151500
-1.29999975	0.00000000	0.79355310	-6.31151500
-1.09999976	0.00000000	0.83046260	-6.31151500
-0.89999977	0.00000000	0.79355310	-6.31151500
-0.69999978	0.00000000	1.20570900	-6.31151500
-0.49999979	0.00000000	1.48868100	-6.31151500
-0.29999981	0.15871060	1.16264800	-6.31151500
-0.09999982	0.63668800	0.41830710	-6.31151500
0.10000017	0.95533960	0.04306102	-6.31151500
0.30000016	0.95533960	0.04306102	-6.31151500
0.50000015	0.95533960	0.37524600	-6.31151500
0.70000013	0.47736220	0.78740150	-6.31151500
0.90000012	-0.15871060	0.75049200	-6.31151500
1.10000011	-1.27399100	0.78740150	-6.31151500
1.30000010	-2.22994600	0.41830710	-6.31151500
1.50000009	-2.70792300	0.46751960	-6.31151500
1.70000008	-2.54859700	1.16264800	-6.31151500
1.90000006	-1.75196900	1.53789400	-6.31151500
2.10000005	0.00000000	1.58095500	-6.31151500
2.30000004	2.07062000	1.53789400	-6.31151500
2.50000003	4.14124000	1.16264800	-6.31151500
2.70000002	5.25652100	0.41830710	-6.31151500
2.90000000	5.09719500	0.04306102	-6.31151500
3.09999999	3.66326300	0.00000000	-6.31151500
3.29999998	0.79601380	0.00000000	-6.31151500
3.49999997	-2.54859700	0.00000000	-6.31151500
3.69999996	-5.73449800	0.00000000	-6.31151500
3.89999994	-7.64579200	0.04306102	-6.26845500
4.09999993	-7.80511800	0.41830710	-5.89320800
4.29999992	-5.89382400	1.16264800	-5.15501900
4.49999991	-2.22994600	1.53789400	-4.82898600
4.69999990	2.22994600	1.53789400	-5.15501900
4.89999989	6.21247500	1.16264800	-5.89320800
5.09999987	8.92039900	0.41830710	-6.26845500
5.29999986	9.39837600	0.04306102	-6.35457700
5.49999985	7.48646600	0.00000000	-6.72982200
5.69999984	3.66326300	0.00000000	-7.42495000
5.89999983	-1.11466500	0.00000000	-7.42495000
6.09999981	-5.57517200	0.04306102	-6.72982200
6.29999980	-8.60174700	0.41830710	-6.35457700
6.49999979	-9.39837600	1.16264800	-6.26845500
6.69999978	-7.96444400	1.53789400	-5.89320800
6.89999977	-4.61921700	1.53789400	-5.15501900
7.09999975	-0.31803640	1.16264800	-4.82898600
7.29999974	3.98191400	0.46751960	-5.15501900
7.49999973	6.84916400	0.41830710	-5.89320800
7.69999972	7.80511800	0.74434050	-6.26845500
7.89999971	6.84916400	0.37524600	-6.31151500
8.09999970	4.30056600	0.04306102	-6.31151500
8.29999968	0.95533960	0.00000000	-6.31151500
8.49999967	-2.07062000	0.04306102	-6.31151500
8.69999966	-4.30056600	0.37524600	-6.31151500
8.89999965	-5.25652100	0.74434050	-6.31151500
9.09999964	-4.77854300	0.37524600	-6.31151500
9.29999962	-3.18590100	0.04306102	-6.31151500
9.49999961	-1.27399100	0.04306102	-6.31151500
9.69999960	0.63668800	0.37524600	-6.31151500
9.89999959	1.91129400	0.78740150	-6.31151500
10.09999958	2.54859700	0.75049200	-6.31151500
10.29999956	2.38927200	0.78740150	-6.31151500
10.49999955	1.75196900	0.37524600	-6.31151500
10.69999954	0.79601380	0.04306102	-6.31151500
10.89999953	0.00000000	0.00000000	-6.35457700
11.09999952	-0.63668800	0.00000000	-6.68676100
11.29999951	-0.95533960	0.00000000	-7.05585600
11.49999949	-0.95533960	0.04306102	-6.68676100
11.69999948	-0.79601380	0.37524600	-6.35457700
11.89999947	-0.47736220	0.74434050	-6.31151500
12.09999946	-0.15871060	0.37524600	-6.31151500
12.29999945	-0.15871060	0.04306102	-6.31151500
12.49999943	0.00000000	0.00000000	-6.31151500
12.69999942	0.00000000	0.00000000	-6.31151500
12.89999941	0.00000000	0.00000000	-6.31151500
13.09999940	0.00000000	0.00000000	-6.31151500
13.29999939	0.15871060	0.00000000	-6.31151500
13.49999937	0.00000000	0.00000000	-6.31151500
13.69999936	0.00000000	0.00000000	-6.31151500
13.89999935	0.00000000	0.00000000	-6.31151500
14.09999934	0.00000000	0.00000000	-6.31151500
14.29999933	-0.15871060	0.00000000	-6.31151500
14.49999932	-0.15871060	0.00000000	-6.31151500
14.69999930	0.00000000	0.00000000	-6.31151500
14.89999929	0.00000000	0.00000000	-6.31151500
15.09999928	0.00000000	0.00000000	-6.31151500
15.29999927	0.00000000	0.00000000	-6.31151500
15.49999926	0.00000000	0.00000000	-6.31151500
15.69999924	0.00000000	0.00000000	-6.31151500
15.89999923	0.00000000	0.00000000	-6.31151500
16.09999922	0.00000000	0.00000000	-6.31151500
16.29999921	0.00000000	0.00000000	-6.31151500
16.49999920	0.00000000	0.04306102	-6.31151500
16.69999919	-0.15871060	0.41830710	-6.31151500
16.89999917	-0.15871060	1.16264800	-6.31151500
17.09999916	0.00000000	1.53789400	-6.31151500
17.29999915	0.00000000	1.58095500	-6.31151500
17.49999914	0.00000000	1.58095500	-6.31151500
17.69999913	0.00000000	1.58095500	-6.31151500
17.89999911	0.00000000	1.53789400	-6.31151500
18.09999910	0.00000000	1.11343500	-6.31151500
18.29999909	0.00000000	-0.04306102	-6.31151500
18.49999908	0.00000000	-1.58095500	-6.31151500
18.69999907	0.00000000	-3.11884800	-6.31151500
18.89999905	0.00000000	-4.27534400	-6.31151500
19.09999904	0.00000000	-4.65059000	-6.31151500
19.29999903	0.00000000	-4.18922200	-6.31151500
19.49999902	0.00000000	-2.18996000	-6.31151500
19.69999901	0.00000000	1.62401600	-6.31151500
19.89999900	0.00000000	5.85629900	-6.31151500
20.09999898	0.00000000	9.35039300	-6.31151500
20.29999897	0.00000000	11.62648000	-6.31151500
20.49999896	0.00000000	11.58341000	-6.31151500
20.69999895	0.00000000	8.83981200	-6.31151500
20.89999894	0.00000000	3.77091500	-6.31151500
21.09999892	0.00000000	-3.25418300	-6.31151500
21.29999891	0.00000000	-10.93135000	-6.31151500
21.49999890	0.00000000	-17.43971000	-6.31151500
21.69999889	0.00000000	-20.47244000	-6.31151500
21.89999888	0.00000000	-18.89148000	-6.31151500
22.09999886	0.00000000	-12.61073000	-6.31151500
22.29999885	0.00000000	-2.14074800	-6.31151500
22.49999884	0.00000000	10.59916000	-6.31151500
22.69999883	0.00000000	22.51476000	-6.31151500
22.89999882	0.00000000	30.56102000	-6.31151500
23.09999881	0.00000000	32.05585000	-6.26845500
23.29999879	0.00000000	26.19340000	-5.89320800
23.49999878	0.00000000	13.77338000	-5.15501900
23.69999877	0.00000000	-3.25418300	-4.77977300
23.89999876	0.00000000	-20.98302000	-4.73671200
24.09999875	0.00000000	-35.21776000	-4.73671200
24.29999873	0.00000000	-42.10753000	-4.77977300
24.49999872	0.00000000	-39.32087000	-5.19808000
24.69999871	0.00000000	-26.93774000	-6.36072800
24.89999870	0.00000000	-7.21579700	-7.89247000
25.09999869	0.00000000	15.16978000	-9.42421200
25.29999867	0.00000000	35.26698000	-10.58686000
25.49999866	0.00000000	48.29601000	-10.95595000
25.69999865	0.00000000	50.62130000	-10.53765000
25.89999864	0.00000000	41.32013000	-8.91978400
26.09999863	0.00000000	22.79158000	-5.85014700
26.29999862	0.00000000	-1.20570900	-1.95004900
26.49999860	0.00000000	-25.12303000	1.86392700
26.69999859	0.00000000	-43.63927000	4.92125900
26.89999858	0.00000000	-52.10999000	5.62253900
27.09999857	0.00000000	-48.29601000	3.71555100
27.29999856	0.00000000	-33.63681000	-0.63976370
27.49999854	0.00000000	-11.63263000	-7.24040300
27.69999853	0.00000000	12.74606000	-15.32357000
27.89999852	0.00000000	33.96899000	-22.57628000
28.09999851	0.00000000	47.50246000	-26.80241000
28.29999850	0.00000000	49.87696000	-26.75935000
28.49999848	0.00000000	41.45546000	-22.06570000
28.69999847	0.00000000	24.84006000	-13.14591000
28.89999846	0.00000000	3.58021600	-1.53174200
29.09999845	0.00000000	-17.26747000	10.40846000
29.29999844	0.00000000	-33.17544000	20.02337000
29.49999843	0.00000000	-40.94488000	24.58169000
29.69999841	0.00000000	-39.49926000	22.62549000
29.89999840	0.00000000	-29.86589000	14.08095000
30.09999839	0.00000000	-14.78838000	0.55979330
30.29999838	0.00000000	2.60826800	-15.28051000
30.49999837	0.00000000	18.46703000	-29.95817000
30.69999835	0.00000000	29.35531000	-40.32357000
30.89999834	0.00000000	33.67987000	-43.76230000
31.09999833	0.00000000	30.98548000	-38.74877000
31.29999832	0.00000000	22.13952000	-26.75935000
31.49999831	0.00000000	9.39345400	-10.11934000
31.69999829	0.00000000	-4.14616100	8.04010800
31.89999828	0.00000000	-15.81570000	23.46826000
32.09999827	0.00000000	-23.54207000	33.12623000
32.29999826	0.00000000	-25.91043000	34.61491000
32.49999825	0.00000000	-22.47170000	27.31914000
32.69999824	0.00000000	-14.78838000	13.01058000
32.89999822	0.00000000	-4.69980300	-5.15501900
33.09999821	0.00000000	5.77017700	-23.68971000
33.29999820	0.00000000	14.65305000	-38.33046000
33.49999819	0.00000000	20.04798000	-45.71235000
33.69999818	0.00000000	20.47244000	-44.59892000
33.89999816	0.00000000	16.28322000	-35.72219000
34.09999815	0.00000000	8.93208600	-21.03838000
34.29999814	0.00000000	0.09227362	-3.66633800
34.49999813	0.00000000	-8.00319800	12.59227000
34.69999812	0.00000000	-13.02903000	24.58169000
34.89999810	0.00000000	-14.27780000	29.97047000
35.09999809	0.00000000	-11.95866000	27.27608000
35.29999808	0.00000000	-6.97588500	17.28592000
35.49999807	0.00000000	-0.41830710	2.64517700
35.69999806	0.00000000	5.72711600	-13.14591000
35.89999805	0.00000000	10.00246000	-26.29183000
36.09999803	0.00000000	11.49114000	-34.05511000
36.29999802	0.00000000	9.62721400	-35.21161000
36.49999801	0.00000000	5.02583600	-29.45374000
36.69999800	0.00000000	-0.33218500	-18.35015000
36.89999799	0.00000000	-5.35187000	-5.29035400
37.09999797	0.00000000	-8.42150500	6.27460600
37.29999796	0.00000000	-8.83981200	13.61343000
37.49999795	0.00000000	-6.93282500	15.19439000
37.69999794	0.00000000	-3.06963600	10.96826000
37.89999793	0.00000000	1.53789400	2.18380900
38.09999791	0.00000000	5.81323800	-8.54453700
38.29999790	0.00000000	8.88902600	-17.74729000
38.49999789	0.00000000	10.04552000	-23.09301000
38.69999788	0.00000000	8.88902600	-22.71777000
38.89999787	0.00000000	5.81323800	-16.67692000
39.09999786	0.00000000	1.58095500	-7.84940900
39.29999784	0.00000000	-2.69439000	1.39640700
39.49999783	0.00000000	-6.18848400	9.01205700
39.69999782	0.00000000	-8.51377900	11.99557000
39.89999781	0.00000000	-8.88902600	8.96899500
40.09999780	0.00000000	-7.35113100	0.97810030
40.29999778	0.00000000	-4.27534400	-9.01205700
40.49999777	0.00000000	-0.41830710	-18.21481000
40.69999776	0.00000000	3.11884800	-24.34178000
40.89999775	0.00000000	6.23154500	-25.13533000
41.09999774	0.00000000	8.51377900	-20.95226000
41.29999772	0.00000000	8.93208600	-13.18898000
41.49999771	0.00000000	7.81250000	-3.20497000
41.69999770	0.00000000	5.81323800	6.36687900
41.89999769	0.00000000	2.74360200	12.50000000
42.09999768	0.00000000	-0.74434050	13.66265000
42.29999767	0.00000000	-3.44488200	9.47957600
42.49999765	0.00000000	-5.43799200	1.43946800
42.69999764	0.00000000	-6.18848400	-7.75713500
42.89999763	0.00000000	-5.85629900	-15.88336000
43.09999762	0.00000000	-4.65059000	-20.90305000
43.29999761	0.00000000	-2.74360200	-22.10876000
43.49999759	0.00000000	-0.41830710	-19.42052000
43.69999758	0.00000000	1.48868100	-13.69956000
43.89999757	0.00000000	2.69439000	-6.77903500
44.09999756	0.00000000	3.16190900	-0.59670270
44.29999755	0.00000000	3.53715500	3.67249000
44.49999753	0.00000000	3.94931100	5.25344500
44.69999752	0.00000000	3.95546200	4.13385800
44.89999751	0.00000000	4.36761800	1.07037400
45.09999750	0.00000000	4.65059000	-3.15575800
45.29999749	0.00000000	4.27534400	-7.38188900
45.49999748	0.00000000	3.06963600	-10.49459000
45.69999746	0.00000000	1.07037400	-12.11860000
45.89999745	0.00000000	-2.04847400	-12.49385000
46.09999744	0.00000000	-5.90551100	-11.70029000
46.29999743	0.00000000	-9.30733200	-9.42421200
46.49999742	0.00000000	-11.20817000	-6.72982200
46.69999740	0.00000000	-10.42077000	-4.40452700
46.89999739	0.00000000	-7.30807100	-2.46063000
47.09999738	0.00000000	-2.23302100	-1.66707700
47.29999737	0.00000000	4.36761800	-1.66707700
47.49999736	0.00000000	10.88829000	-2.46063000
47.69999734	0.00000000	15.90797000	-4.40452700
47.89999733	0.00000000	17.72884000	-6.68676100
48.09999732	0.00000000	15.44045000	-9.00590400
48.29999731	0.00000000	9.21505800	-10.53765000
48.49999730	0.00000000	0.74434050	-10.95595000
48.69999729	0.00000000	-8.51377900	-10.53765000
48.89999727	0.00000000	-15.81570000	-8.96284400
49.09999726	0.00000000	-19.30979000	-6.26845500
49.29999725	0.00000000	-18.51624000	-3.19881900
49.49999724	0.00000000	-13.07210000	-0.51058070
49.69999723	0.00000000	-4.23228400	1.02116100
49.89999721	0.00000000	5.77017700	0.97810030
50.09999720	0.00000000	14.27780000	-0.92888770
50.29999719	0.00000000	19.30979000	-4.40452700
50.49999718	0.00000000	20.04798000	-8.22465500
50.69999717	0.00000000	15.81570000	-11.74951000
50.89999715	0.00000000	7.76943800	-14.03174000
51.09999714	0.00000000	-1.48868100	-14.76993000
51.29999713	0.00000000	-10.00246000	-13.18898000
51.49999712	0.00000000	-15.72958000	-9.38115100
51.69999711	0.00000000	-16.93528000	-4.77977300
51.89999710	0.00000000	-13.49655000	-0.55364170
52.09999708	0.00000000	-7.01894700	2.18380900
52.29999707	0.00000000	0.74434050	2.97736200
52.49999706	0.00000000	7.63410400	2.18380900
52.69999705	0.00000000	12.27854000	-0.55364170
52.89999704	0.00000000	13.02903000	-4.73671200
53.09999702	0.00000000	10.04552000	-8.96284400
53.29999701	0.00000000	4.65059000	-12.07554000
53.49999700	0.00000000	-1.48868100	-13.61343000
53.69999699	0.00000000	-6.88361200	-13.23819000
53.89999698	0.00000000	-9.95939900	-10.96211000
54.09999696	0.00000000	-9.95939900	-7.89247000
54.29999695	0.00000000	-6.88361200	-4.82283400
54.49999694	0.00000000	-1.58095500	-2.54675200
54.69999693	0.00000000	3.77091500	-2.12844500
54.89999692	0.00000000	7.30807100	-3.19881900
55.09999691	0.00000000	8.83981200	-4.73671200
55.29999689	0.00000000	8.08932000	-6.26845500
55.49999688	0.00000000	4.98277500	-7.42495000
55.69999687	0.00000000	0.78740150	-7.75713500
55.89999686	0.00000000	-3.81397600	-7.01279500
56.09999685	0.00000000	-6.84055100	-5.11195900
56.29999683	0.00000000	-7.30807100	-3.24803100
56.49999682	0.00000000	-5.81323800	-2.08538400
56.69999681	0.00000000	-3.06963600	-2.12844500
56.89999680	0.00000000	0.37524600	-3.70939900
57.09999679	0.00000000	3.85703700	-6.77903500
57.29999677	0.00000000	6.14542300	-10.58686000
57.49999676	0.00000000	6.93282500	-13.60728000
57.69999675	0.00000000	5.77017700	-14.76993000
57.89999674	0.00000000	3.11884800	-13.56422000
58.09999673	0.00000000	0.04306102	-10.07628000
58.29999672	0.00000000	-2.65132900	-4.69365100
58.49999670	0.00000000	-4.18922200	1.02116100
58.69999669	0.00000000	-4.18922200	5.24729300
58.89999668	0.00000000	-2.69439000	6.78518600
59.09999667	0.00000000	-0.41830710	5.20423200
59.29999666	0.00000000	1.48868100	0.55979330
59.49999664	0.00000000	2.69439000	-6.36072800
59.69999663	0.00000000	3.06963600	-13.65650000
59.89999662	0.00000000	2.69439000	-19.42052000
60.09999661	0.00000000	1.53789400	-22.10876000
60.29999660	0.00000000	0.00000000	-20.95226000
60.49999658	0.00000000	-1.48868100	-16.30167000
60.69999657	0.00000000	-2.27608300	-8.96284400
60.89999656	0.00000000	-1.91314000	-0.51058070
61.09999655	0.00000000	-1.11343500	6.78518600
61.29999654	0.00000000	0.41830710	10.96826000
61.49999653	0.00000000	2.32529500	10.59301000
61.69999651	0.00000000	3.44488200	5.62869100
61.89999650	0.00000000	3.85703700	-2.04232300
62.09999649	0.00000000	3.02657500	-10.58686000
62.29999648	0.00000000	1.16264800	-18.25787000
62.49999647	0.00000000	-1.16264800	-23.27141000
62.69999645	0.00000000	-3.06963600	-24.06496000
62.89999644	0.00000000	-4.27534400	-20.99532000
63.09999643	0.00000000	-4.65059000	-14.81299000
63.29999642	0.00000000	-4.18922200	-6.72982200
63.49999641	0.00000000	-2.27608300	0.97810030
63.69999639	0.00000000	0.74434050	6.78518600
63.89999638	0.00000000	3.06963600	9.47957600
64.09999637	0.00000000	4.65059000	8.36614100
64.29999636	0.00000000	5.39493100	4.14000900
64.49999635	0.00000000	4.60752900	-2.04232300
64.69999634	0.00000000	2.69439000	-9.00590400
64.89999632	0.00000000	0.00000000	-15.14518000
65.09999631	0.00000000	-2.65132900	-19.04527000
65.29999630	0.00000000	-4.23228400	-19.83883000
65.49999629	0.00000000	-4.65059000	-17.97490000
65.69999628	0.00000000	-4.23228400	-14.11786000
65.89999626	0.00000000	-2.69439000	-9.47342500
66.09999625	0.00000000	-0.41830710	-4.77977300
66.29999624	0.00000000	1.48868100	-0.55364170
66.49999623	0.00000000	2.69439000	2.18380900
66.69999622	0.00000000	3.02657500	3.02042300
66.89999620	0.00000000	2.27608300	2.68823800
67.09999619	0.00000000	0.41830710	1.48868100
67.29999618	0.00000000	-1.11343500	-0.51058070
67.49999617	0.00000000	-1.91314000	-3.62327700
67.69999616	0.00000000	-2.23302100	-7.47416300
67.89999615	0.00000000	-1.07037400	-10.96211000
68.09999613	0.00000000	1.16264800	-13.74262000
68.29999612	0.00000000	3.06963600	-15.64960000
68.49999611	0.00000000	4.27534400	-16.39395000
68.69999610	0.00000000	4.60752900	-15.18824000
68.89999609	0.00000000	3.77091500	-12.11860000
69.09999607	0.00000000	1.07037400	-7.84940900
69.29999606	0.00000000	-2.69439000	-3.20497000
69.49999605	0.00000000	-5.81323800	1.07037400
69.69999604	0.00000000	-7.72637700	4.13385800
69.89999603	0.00000000	-8.08932000	5.29650500
70.09999601	0.00000000	-6.09621000	4.13385800
70.29999600	0.00000000	-2.27608300	1.02116100
70.49999599	0.00000000	2.74360200	-3.62327700
70.69999598	0.00000000	7.30807100	-9.00590400
70.89999597	0.00000000	10.09473000	-13.65650000
71.09999596	0.00000000	10.83907000	-16.72613000
71.29999594	0.00000000	9.62721400	-17.50738000
71.49999593	0.00000000	5.72711600	-15.60654000
71.69999592	0.00000000	0.04306102	-12.11860000
71.89999591	0.00000000	-5.39493100	-7.47416300
72.09999590	0.00000000	-9.30733200	-2.50369100
72.29999588	0.00000000	-11.62648000	0.93503930
72.49999587	0.00000000	-11.54035000	2.18380900
72.69999586	0.00000000	-8.51377900	1.43946800
72.89999585	0.00000000	-3.49409400	-0.51058070
73.09999584	0.00000000	1.91314000	-3.57406500
73.29999582	0.00000000	6.93282500	-6.96358300
73.49999581	0.00000000	10.00246000	-8.91978400
73.69999580	0.00000000	10.46998000	-9.38115100
73.89999579	0.00000000	8.93208600	-9.00590400
74.09999578	0.00000000	5.81323800	-7.84940900
74.29999577	0.00000000	1.58095500	-6.36072800
74.49999575	0.00000000	-2.65132900	-5.24729300
74.69999574	0.00000000	-5.77017700	-5.24729300
74.89999573	0.00000000	-7.35113100	-6.36072800
75.09999572	0.00000000	-7.30807100	-7.89247000
75.29999571	0.00000000	-5.43799200	-9.42421200
75.49999569	0.00000000	-2.37450800	-10.49459000
75.69999568	0.00000000	0.33218500	-10.07628000
75.89999567	0.00000000	2.69439000	-7.75713500
76.09999566	0.00000000	4.18922200	-4.36146600
76.29999565	0.00000000	4.23228400	-0.88582670
76.49999563	0.00000000	3.16190900	1.39640700
76.69999562	0.00000000	1.99926200	2.18380900
76.89999561	0.00000000	1.20570900	0.97810030
77.09999560	0.00000000	0.41830710	-2.12844500
77.29999559	0.00000000	0.04306102	-6.77903500
77.49999558	0.00000000	0.00000000	-12.11860000
77.69999556	0.00000000	0.00000000	-16.35089000
77.89999555	0.00000000	0.00000000	-18.25787000
78.09999554	0.00000000	-0.04306102	-17.50738000
78.29999553	0.00000000	-0.46751960	-14.03174000
78.49999552	0.00000000	-1.58095500	-9.05511800
78.69999550	0.00000000	-2.69439000	-3.57406500
78.89999549	0.00000000	-3.06963600	1.39640700
79.09999548	0.00000000	-2.65132900	4.87204700
79.29999547	0.00000000	-1.11343500	5.67175200
79.49999546	0.00000000	1.16264800	4.13385800
79.69999544	0.00000000	3.11884800	0.64591530
79.89999543	0.00000000	4.65059000	-4.36146600
80.09999542	0.00000000	5.39493100	-9.38115100
80.29999541	0.00000000	4.60752900	-13.65650000
80.49999540	0.00000000	2.69439000	-16.35089000
80.69999539	0.00000000	0.00000000	-16.76919000
80.89999537	0.00000000	-2.69439000	-15.27436000
81.09999536	0.00000000	-4.60752900	-12.53691000
81.29999535	0.00000000	-5.39493100	-9.00590400
81.49999534	0.00000000	-4.65059000	-4.73671200
81.69999533	0.00000000	-3.11884800	-0.55364170
81.89999531	0.00000000	-1.11343500	2.18380900
82.09999530	0.00000000	1.53789400	3.02042300
82.29999529	0.00000000	3.81397600	2.64517700
82.49999528	0.00000000	4.60752900	1.07037400
82.69999527	0.00000000	4.27534400	-1.66707700
82.89999525	0.00000000	3.11884800	-5.15501900
83.09999524	0.00000000	1.58095500	-9.05511800
83.29999523	0.00000000	0.04306102	-12.49385000
83.49999522	0.00000000	-1.16264800	-14.85605000
83.69999521	0.00000000	-1.91314000	-15.64960000
83.89999520	0.00000000	-2.32529500	-15.23130000
84.09999518	0.00000000	-1.91314000	-13.23819000
84.29999517	0.00000000	-1.20570900	-9.38115100
84.49999516	0.00000000	-0.41830710	-4.77977300
84.69999515	0.00000000	-0.04306102	-0.51058070
84.89999514	0.00000000	0.00000000	2.60211600
85.09999512	0.00000000	0.00000000	4.14000900
85.29999511	0.00000000	0.04306102	3.71555100
85.49999510	0.00000000	0.41830710	1.02116100
85.69999509	0.00000000	1.20570900	-3.20497000
85.89999508	0.00000000	1.95620100	-7.89247000
86.09999506	0.00000000	2.74360200	-12.49385000
86.29999505	0.00000000	3.06963600	-15.97564000
86.49999504	0.00000000	2.69439000	-17.14444000
86.69999503	0.00000000	1.48868100	-16.35089000
86.89999502	0.00000000	-0.37524600	-13.23819000
87.09999501	0.00000000	-2.32529500	-8.26771600
87.29999499	0.00000000	-3.49409400	-3.24803100
87.49999498	0.00000000	-4.27534400	1.02116100
87.69999497	0.00000000	-4.18922200	3.67249000
87.89999496	0.00000000	-2.69439000	3.67249000
88.09999495	0.00000000	-0.41830710	1.02116100
88.29999493	0.00000000	1.53789400	-3.20497000
88.49999492	0.00000000	3.11884800	-7.84940900
88.69999491	0.00000000	4.23228400	-12.07554000
88.89999490	0.00000000	4.23228400	-14.76993000
89.09999489	0.00000000	3.06963600	-15.14518000
89.29999487	0.00000000	1.16264800	-13.23819000
89.49999486	0.00000000	-1.16264800	-9.38115100
89.69999485	0.00000000	-3.02657500	-4.82898600
89.89999484	0.00000000	-3.85703700	-0.92888770
90.09999483	0.00000000	-3.49409400	1.39640700
90.29999482	0.00000000	-2.74360200	2.13459600
90.49999480	0.00000000	-1.53789400	0.55979330
90.69999479	0.00000000	0.00000000	-3.24803100
90.89999478	0.00000000	1.53789400	-7.84940900
91.09999477	0.00000000	2.65132900	-12.07554000
91.29999476	0.00000000	2.69439000	-14.72072000
91.49999474	0.00000000	1.99926200	-14.72072000
91.69999473	0.00000000	1.58095500	-12.07554000
91.89999472	0.00000000	1.16264800	-7.84940900
92.09999471	0.00000000	0.41830710	-3.24803100
92.29999470	0.00000000	0.04306102	0.55979330
92.49999468	0.00000000	0.00000000	2.09153500
92.69999467	0.00000000	-0.04306102	0.97810030
92.89999466	0.00000000	-0.41830710	-2.08538400
93.09999465	0.00000000	-1.16264800	-6.31151500
93.29999464	0.00000000	-1.58095500	-10.53765000
93.49999463	0.00000000	-1.95620100	-13.60728000
93.69999461	0.00000000	-2.32529500	-14.76993000
93.89999460	0.00000000	-1.91314000	-13.60728000
94.09999459	0.00000000	-1.16264800	-10.53765000
94.29999458	0.00000000	0.09227362	-6.31151500
94.49999457	0.00000000	1.95620100	-2.12844500
94.69999455	0.00000000	3.90625000	0.55979330
94.89999454	0.00000000	5.02583600	0.97810030
95.09999453	0.00000000	5.39493100	-0.55364170
95.29999452	0.00000000	4.23228400	-3.66633800
95.49999451	0.00000000	1.91314000	-7.84940900
95.69999449	0.00000000	-0.79355310	-11.65723000
95.89999448	0.00000000	-3.90625000	-13.56422000
96.09999447	0.00000000	-6.18848400	-13.23819000
96.29999446	0.00000000	-7.35113100	-10.96211000
96.49999445	0.00000000	-6.93282500	-7.89247000
96.69999444	0.00000000	-4.60752900	-4.77977300
96.89999442	0.00000000	-1.16264800	-2.08538400
97.09999441	0.00000000	2.74360200	-0.55364170
97.29999440	0.00000000	6.18848400	-0.59670270
97.49999439	0.00000000	8.51377900	-2.46063000
97.69999438	0.00000000	8.88902600	-5.51796200
97.89999436	0.00000000	7.35113100	-8.17544300
98.09999435	0.00000000	4.27534400	-10.16855000
98.29999434	0.00000000	0.41830710	-10.91289000
98.49999433	0.00000000	-3.11884800	-10.53765000
98.69999432	0.00000000	-6.23154500	-9.00590400
98.89999430	0.00000000	-8.51377900	-6.77903500
99.09999429	0.00000000	-8.88902600	-5.24729300
99.29999428	0.00000000	-7.35113100	-4.77977300
99.49999427	0.00000000	-4.23228400	-4.73671200
99.69999426	0.00000000	0.00000000	-4.73671200
99.89999425	0.00000000	4.18922200	-4.73671200
100.09999423	0.00000000	6.93282500	-4.73671200
100.29999422	0.00000000	7.76943800	-4.73671200
100.49999421	0.00000000	7.39419200	-4.73671200
100.69999420	0.00000000	5.81323800	-4.73671200
100.89999419	0.00000000	3.11884800	-4.77977300
101.09999417	0.00000000	0.00000000	-5.19808000
101.29999416	0.00000000	-3.11884800	-6.36072800
101.49999415	0.00000000	-5.77017700	-7.84940900
101.69999414	0.00000000	-6.93282500	-9.00590400
101.89999413	0.00000000	-6.23154500	-9.43036400
102.09999411	0.00000000	-4.69980300	-9.43036400
102.29999410	0.00000000	-2.69439000	-8.96284400
102.49999409	0.00000000	0.00000000	-7.43110200
102.69999408	0.00000000	2.65132900	-5.15501900
102.89999407	0.00000000	4.23228400	-3.19881900
103.09999406	0.00000000	4.65059000	-1.66707700
103.29999404	0.00000000	4.27534400	-0.92888770
103.49999403	0.00000000	3.11884800	-1.71013800
103.69999402	0.00000000	1.58095500	-3.61712600
103.89999401	0.00000000	0.00000000	-6.36072800
104.09999400	0.00000000	-1.58095500	-9.38115100
104.29999398	0.00000000	-3.11884800	-11.65723000
104.49999397	0.00000000	-4.23228400	-12.07554000
104.69999396	0.00000000	-4.18922200	-10.96211000
104.89999395	0.00000000	-2.69439000	-9.00590400
105.09999394	0.00000000	-0.46751960	-6.31151500
105.29999392	0.00000000	1.11343500	-3.61712600
105.49999391	0.00000000	1.95620100	-1.71013800
105.69999390	0.00000000	2.69439000	-0.92888770
105.89999389	0.00000000	2.65132900	-1.71013800
106.09999388	0.00000000	1.53789400	-3.57406500
106.29999387	0.00000000	0.04306102	-5.89320800
106.49999385	0.00000000	-1.11343500	-7.84940900
106.69999384	0.00000000	-1.53789400	-9.38115100
106.89999383	0.00000000	-1.53789400	-10.11934000
107.09999382	0.00000000	-1.11343500	-9.33809000
107.29999381	0.00000000	0.00000000	-7.47416300
107.49999379	0.00000000	1.11343500	-5.19808000
107.69999378	0.00000000	1.53789400	-3.66633800
107.89999377	0.00000000	1.53789400	-3.24803100
108.09999376	0.00000000	1.16264800	-3.62327700
108.29999375	0.00000000	0.37524600	-4.77977300
108.49999374	0.00000000	-0.41830710	-6.31151500
108.69999372	0.00000000	-1.58095500	-7.84940900
108.89999371	0.00000000	-2.69439000	-9.00590400
109.09999370	0.00000000	-3.06963600	-9.38115100
109.29999369	0.00000000	-2.69439000	-9.00590400
109.49999368	0.00000000	-1.53789400	-7.84940900
109.69999366	0.00000000	0.00000000	-6.31151500
109.89999365	0.00000000	1.53789400	-4.73671200
110.09999364	0.00000000	2.69439000	-3.24803100
110.29999363	0.00000000	3.06963600	-2.50369100
110.49999362	0.00000000	2.69439000	-3.24803100
110.69999360	0.00000000	1.53789400	-4.73671200
110.89999359	0.00000000	0.00000000	-6.31151500
111.09999358	0.00000000	-1.53789400	-7.84940900
111.29999357	0.00000000	-2.69439000	-9.00590400
111.49999356	0.00000000	-3.06963600	-9.43036400
111.69999355	0.00000000	-2.69439000	-9.43036400
111.89999353	0.00000000	-1.58095500	-9.00590400
112.09999352	0.00000000	-0.41830710	-7.84940900
112.29999351	0.00000000	0.37524600	-6.36072800
112.49999350	0.00000000	1.16264800	-5.19808000
112.69999349	0.00000000	1.53789400	-4.77977300
112.89999347	0.00000000	1.53789400	-4.73671200
113.09999346	0.00000000	1.16264800	-4.77977300
113.29999345	0.00000000	0.37524600	-5.15501900
113.49999344	0.00000000	-0.37524600	-5.89320800
113.69999343	0.00000000	-1.16264800	-6.31151500
113.89999341	0.00000000	-1.53789400	-6.72982200
114.09999340	0.00000000	-1.53789400	-7.47416300
114.29999339	0.00000000	-1.16264800	-7.80019600
114.49999338	0.00000000	-0.41830710	-7.51722400
114.69999337	0.00000000	-0.04306102	-7.14812900
114.89999336	0.00000000	0.00000000	-7.51722400
115.09999334	0.00000000	0.00000000	-7.84940900
115.29999333	0.00000000	0.04306102	-7.84940900
115.49999332	0.00000000	0.37524600	-7.47416300
115.69999331	0.00000000	0.74434050	-6.72982200
115.89999330	0.00000000	0.37524600	-6.31151500
116.09999328	0.00000000	0.00000000	-5.89320800
116.29999327	0.00000000	-0.41830710	-5.15501900
116.49999326	0.00000000	-1.16264800	-4.77977300
116.69999325	0.00000000	-1.53789400	-4.73671200
116.89999324	0.00000000	-1.53789400	-4.73671200
117.09999322	0.00000000	-1.16264800	-4.77977300
117.29999321	0.00000000	-0.37524600	-5.15501900
117.49999320	0.00000000	0.37524600	-5.93626900
117.69999319	0.00000000	1.16264800	-6.68676100
117.89999318	0.00000000	1.58095500	-7.47416300
118.09999317	0.00000000	1.95620100	-7.84940900
118.29999315	0.00000000	2.32529500	-7.84940900
118.49999314	0.00000000	1.91314000	-7.47416300
118.69999313	0.00000000	1.11343500	-6.72982200
118.89999312	0.00000000	-0.41830710	-6.35457700
119.09999311	0.00000000	-2.27608300	-6.26845500
119.29999309	0.00000000	-3.06963600	-5.89320800
119.49999308	0.00000000	-3.11884800	-5.15501900
119.69999307	0.00000000	-2.69439000	-4.77977300
119.89999306	0.00000000	-1.58095500	-4.73671200
120.09999305	0.00000000	-0.41830710	-4.77977300
120.29999303	0.00000000	0.41830710	-5.15501900
120.49999302	0.00000000	1.58095500	-5.89320800
120.69999301	0.00000000	2.69439000	-6.31151500
120.89999300	0.00000000	3.06963600	-6.72982200
121.09999299	0.00000000	2.69439000	-7.47416300
121.29999298	0.00000000	1.53789400	-7.84940900
121.49999296	0.00000000	0.04306102	-7.89247000
121.69999295	0.00000000	-1.16264800	-7.89247000
121.89999294	0.00000000	-1.95620100	-7.84940900
122.09999293	0.00000000	-2.74360200	-7.47416300
122.29999292	0.00000000	-3.06963600	-6.72982200
122.49999290	0.00000000	-2.74360200	-6.31151500
122.69999289	0.00000000	-1.95620100	-5.89320800
122.89999288	0.00000000	-1.16264800	-5.15501900
123.09999287	0.00000000	0.00000000	-4.77977300
123.29999286	0.00000000	1.11343500	-4.73671200
123.49999284	0.00000000	1.53789400	-4.77977300
123.69999283	0.00000000	1.58095500	-5.15501900
123.89999282	0.00000000	1.58095500	-5.93626900
124.09999281	0.00000000	1.53789400	-6.68676100
124.29999280	0.00000000	1.16264800	-7.47416300
124.49999279	0.00000000	0.37524600	-7.84940900
124.69999277	0.00000000	-0.37524600	-7.89247000
124.89999276	0.00000000	-1.16264800	-7.84940900
125.09999275	0.00000000	-1.53789400	-7.47416300
125.29999274	0.00000000	-1.58095500	-6.72982200
125.49999273	0.00000000	-1.58095500	-6.31151500
125.69999271	0.00000000	-1.53789400	-5.89320800
125.89999270	0.00000000	-1.11343500	-5.15501900
126.09999269	0.00000000	0.00000000	-4.77977300
126.29999268	0.00000000	1.11343500	-4.77977300
126.49999267	0.00000000	1.58095500	-5.15501900
126.69999265	0.00000000	1.95620100	-5.89320800
126.89999264	0.00000000	2.27608300	-6.26845500
127.09999263	0.00000000	1.53789400	-6.35457700
127.29999262	0.00000000	0.41830710	-6.72982200
127.49999261	0.00000000	-0.41830710	-7.42495000
127.69999260	0.00000000	-1.58095500	-7.42495000
127.89999258	0.00000000	-2.69439000	-6.72982200
128.09999257	0.00000000	-3.06963600	-6.35457700
128.29999256	0.00000000	-2.69439000	-6.31151500
128.49999255	0.00000000	-1.53789400	-6.26845500
128.69999254	0.00000000	-0.04306102	-5.89320800
128.89999252	0.00000000	1.11343500	-5.19808000
129.09999251	0.00000000	1.53789400	-5.19808000
129.29999250	0.00000000	1.58095500	-5.89320800
129.49999249	0.00000000	1.53789400	-6.26845500
129.69999248	0.00000000	1.11343500	-6.35457700
129.89999246	0.00000000	0.00000000	-6.68676100
130.09999245	0.00000000	-1.16264800	-7.05585600
130.29999244	0.00000000	-1.91314000	-6.68676100
130.49999243	0.00000000	-2.32529500	-6.35457700
130.69999242	0.00000000	-1.91314000	-6.26845500
130.89999241	0.00000000	-1.20570900	-5.89320800
131.09999239	0.00000000	-0.37524600	-5.15501900
131.29999238	0.00000000	0.37524600	-4.82898600
131.49999237	0.00000000	1.16264800	-5.15501900
131.69999236	0.00000000	1.53789400	-5.89320800
131.89999235	0.00000000	1.53789400	-6.31151500
132.09999233	0.00000000	1.16264800	-6.72982200
132.29999232	0.00000000	0.37524600	-7.47416300
132.49999231	0.00000000	-0.37524600	-7.84940900
132.69999230	0.00000000	-1.16264800	-7.84940900
132.89999229	0.00000000	-1.53789400	-7.47416300
133.09999227	0.00000000	-1.58095500	-6.68676100
133.29999226	0.00000000	-1.53789400	-5.93626900
133.49999225	0.00000000	-1.16264800	-5.15501900
133.69999224	0.00000000	-0.41830710	-4.77977300
133.89999223	0.00000000	-0.04306102	-4.73671200
134.09999222	0.00000000	0.00000000	-4.77977300
134.29999220	0.00000000	0.00000000	-5.15501900
134.49999219	0.00000000	0.00000000	-5.93626900
134.69999218	0.00000000	0.00000000	-6.72982200
134.89999217	0.00000000	0.00000000	-7.84940900
135.09999216	0.00000000	0.00000000	-8.58759800
135.29999214	0.00000000	0.00000000	-8.26771600
135.49999213	0.00000000	0.00000000	-7.89247000
135.69999212	0.00000000	0.00000000	-7.47416300
135.89999211	0.00000000	0.00000000	-6.68676100
136.09999210	0.00000000	-0.04306102	-5.93626900
136.29999208	0.00000000	-0.41830710	-5.15501900
136.49999207	0.00000000	-1.16264800	-4.77977300
136.69999206	0.00000000	-1.53789400	-4.73671200
136.89999205	0.00000000	-1.58095500	-4.77977300
137.09999204	0.00000000	-1.58095500	-5.15501900
137.29999203	0.00000000	-1.53789400	-5.89320800
137.49999201	0.00000000	-1.11343500	-6.31151500
137.69999200	0.00000000	0.00000000	-6.72982200
137.89999199	0.00000000	1.11343500	-7.47416300
138.09999198	0.00000000	1.53789400	-7.84940900
138.29999197	0.00000000	1.53789400	-7.89247000
138.49999195	0.00000000	1.16264800	-7.89247000
138.69999194	0.00000000	0.41830710	-7.84940900
138.89999193	0.00000000	0.00000000	-7.47416300
139.09999192	0.00000000	-0.41830710	-6.68676100
139.29999191	0.00000000	-1.16264800	-5.93626900
139.49999189	0.00000000	-1.48868100	-5.11195900
139.69999188	0.00000000	-1.16264800	-4.40452700
139.89999187	0.00000000	-0.41830710	-3.99237200
140.09999186	0.00000000	0.00000000	-4.40452700
140.29999185	0.00000000	0.37524600	-5.11195900
140.49999184	0.00000000	0.74434050	-5.93626900
140.69999182	0.00000000	0.37524600	-6.68676100
140.89999181	0.00000000	0.04306102	-7.51722400
141.09999180	0.00000000	-0.04306102	-8.22465500
141.29999179	0.00000000	-0.41830710	-8.63681000
141.49999178	0.00000000	-1.16264800	-8.22465500
141.69999176	0.00000000	-1.53789400	-7.51722400
141.89999175	0.00000000	-1.53789400	-6.68676100
142.09999174	0.00000000	-1.16264800	-5.89320800
142.29999173	0.00000000	-0.41830710	-4.73671200
142.49999172	0.00000000	-0.04306102	-3.66633800
142.69999170	0.00000000	0.00000000	-3.62327700
142.89999169	0.00000000	0.00000000	-4.36146600
143.09999168	0.00000000	0.00000000	-5.11195900
143.29999167	0.00000000	0.00000000	-5.93626900
143.49999166	0.00000000	-0.04306102	-6.68676100
143.69999165	0.00000000	-0.41830710	-7.47416300
143.89999163	0.00000000	-1.11343500	-7.84940900
144.09999162	0.00000000	-1.11343500	-7.84940900
144.29999161	0.00000000	-0.41830710	-7.47416300
144.49999160	0.00000000	-0.04306102	-6.68676100
144.69999159	0.00000000	0.04306102	-5.93626900
144.89999157	0.00000000	0.37524600	-5.15501900
145.09999156	0.00000000	0.74434050	-4.77977300
145.29999155	0.00000000	0.37524600	-4.73671200
145.49999154	0.00000000	0.04306102	-4.77977300
145.69999153	0.00000000	-0.04306102	-5.15501900
145.89999151	0.00000000	-0.41830710	-5.93626900
146.09999150	0.00000000	-1.16264800	-6.68676100
146.29999149	0.00000000	-1.53789400	-7.47416300
146.49999148	0.00000000	-1.53789400	-7.84940900
146.69999147	0.00000000	-1.16264800	-7.89247000
146.89999146	0.00000000	-0.41830710	-7.84940900
147.09999144	0.00000000	-0.04306102	-7.47416300
147.29999143	0.00000000	0.00000000	-6.72982200
147.49999142	0.00000000	0.00000000	-6.31151500
147.69999141	0.00000000	0.00000000	-5.93626900
147.89999140	0.00000000	0.00000000	-5.57332700
148.09999138	0.00000000	-0.04306102	-5.93626900
148.29999137	0.00000000	-0.41830710	-6.26845500
148.49999136	0.00000000	-1.16264800	-6.31151500
148.69999135	0.00000000	-1.53789400	-6.31151500
148.89999134	0.00000000	-1.53789400	-6.31151500
149.09999132	0.00000000	-1.16264800	-6.35457700
149.29999131	0.00000000	-0.41830710	-6.72982200
149.49999130	0.00000000	-0.04306102	-7.42495000
149.69999129	0.00000000	0.00000000	-7.42495000
149.89999128	0.00000000	0.00000000	-6.72982200
150.09999127	0.00000000	0.00000000	-6.35457700
150.29999125	0.00000000	0.00000000	-6.26845500
150.49999124	0.00000000	0.00000000	-5.89320800
150.69999123	0.00000000	-0.04306102	-5.19808000
150.89999122	0.00000000	-0.41830710	-5.19808000
151.09999121	0.00000000	-1.16264800	-5.89320800
151.29999119	0.00000000	-1.53789400	-6.26845500
151.49999118	0.00000000	-1.58095500	-6.31151500
151.69999117	0.00000000	-1.58095500	-6.31151500
151.89999116	0.00000000	-1.53789400	-6.31151500
152.09999115	0.00000000	-1.16264800	-6.31151500
152.29999113	0.00000000	-0.41830710	-6.31151500
152.49999112	0.00000000	-0.04306102	-6.31151500
152.69999111	0.00000000	0.00000000	-6.31151500
152.89999110	0.00000000	0.00000000	-6.31151500
153.09999109	0.00000000	0.00000000	-6.26845500
153.29999108	0.00000000	0.00000000	-5.89320800
153.49999106	0.00000000	0.00000000	-5.15501900
153.69999105	0.00000000	0.00000000	-4.82898600
153.89999104	0.00000000	-0.04306102	-5.15501900
154.09999103	0.00000000	-0.41830710	-5.89320800
154.29999102	0.00000000	-1.16264800	-6.26845500
154.49999100	0.00000000	-1.53789400	-6.31151500
154.69999099	0.00000000	-1.53789400	-6.31151500
154.89999098	0.00000000	-1.16264800	-6.31151500
155.09999097	0.00000000	-0.41830710	-6.31151500
155.29999096	0.00000000	-0.04306102	-6.31151500
155.49999094	0.00000000	0.00000000	-6.31151500
155.69999093	0.00000000	0.00000000	-6.31151500
155.89999092	0.00000000	0.00000000	-6.31151500
156.09999091	0.00000000	0.00000000	-6.31151500
156.29999090	0.00000000	0.00000000	-6.26845500
156.49999089	0.00000000	-0.04306102	-5.93626900
156.69999087	0.00000000	-0.41830710	-5.57332700
156.89999086	0.00000000	-1.16264800	-5.93626900
157.09999085	0.00000000	-1.53789400	-6.26845500
157.29999084	0.00000000	-1.58095500	-6.31151500
157.49999083	0.00000000	-1.58095500	-6.31151500
157.69999081	0.00000000	-1.53789400	-6.31151500
157.89999080	0.00000000	-1.16264800	-6.31151500
158.09999079	0.00000000	-0.41830710	-6.31151500
158.29999078	0.00000000	-0.04306102	-6.35457700
158.49999077	0.00000000	0.00000000	-6.72982200
158.69999075	0.00000000	0.00000000	-7.42495000
158.89999074	0.00000000	0.00000000	-7.47416300
159.09999073	0.00000000	-0.04306102	-7.10506800
159.29999072	0.00000000	-0.37524600	-7.09891700
159.49999071	0.00000000	-0.78740150	-6.68676100
159.69999070	0.00000000	-0.75049200	-6.31151500
159.89999068	0.00000000	-0.83046260	-5.89320800
160.09999067	0.00000000	-0.79355310	-5.19808000
160.29999066	0.00000000	-1.20570900	-5.19808000
160.49999065	0.00000000	-1.48868100	-5.89320800
160.69999064	0.00000000	-1.20570900	-6.26845500
160.89999062	0.00000000	-0.83661410	-6.31151500
161.09999061	0.00000000	-1.16264800	-6.31151500
161.29999060	0.00000000	-1.11343500	-6.35457700
161.49999059	0.00000000	-0.41830710	-6.68676100
161.69999058	0.00000000	-0.04306102	-7.05585600
161.89999056	0.00000000	0.00000000	-6.68676100
162.09999055	0.00000000	0.00000000	-6.35457700
162.29999054	0.00000000	0.00000000	-6.31151500
162.49999053	0.00000000	0.00000000	-6.31151500
162.69999052	0.00000000	0.00000000	-6.26845500
162.89999051	0.00000000	0.00000000	-5.93626900
163.09999049	0.00000000	0.00000000	-5.57332700
163.29999048	0.00000000	-0.04306102	-5.93626900
163.49999047	0.00000000	-0.41830710	-6.26845500
163.69999046	0.00000000	-1.16264800	-6.31151500
163.89999045	0.00000000	-1.53789400	-6.31151500
164.09999043	0.00000000	-1.58095500	-6.31151500
164.29999042	0.00000000	-1.53789400	-6.31151500
164.49999041	0.00000000	-1.16264800	-6.31151500
164.69999040	0.00000000	-0.41830710	-6.31151500
164.89999039	0.00000000	0.00000000	-6.31151500
165.09999037	0.00000000	0.37524600	-6.31151500
165.29999036	0.00000000	0.74434050	-6.31151500
165.49999035	0.00000000	0.37524600	-6.31151500
165.69999034	0.00000000	0.04306102	-6.31151500
165.89999033	0.00000000	0.00000000	-6.31151500
166.09999032	0.00000000	-0.04306102	-6.31151500
166.29999030	0.00000000	-0.41830710	-6.31151500
166.49999029	0.00000000	-1.16264800	-6.31151500
166.69999028	0.00000000	-1.53789400	-6.31151500
166.89999027	0.00000000	-1.58095500	-6.31151500
167.09999026	0.00000000	-1.58095500	-6.31151500
167.29999024	0.00000000	-1.53789400	-6.31151500
167.49999023	0.00000000	-1.16264800	-6.31151500
167.69999022	0.00000000	-0.41830710	-6.31151500
167.89999021	0.00000000	-0.04306102	-6.31151500
168.09999020	0.00000000	0.00000000	-6.31151500
168.29999018	0.00000000	0.00000000	-6.31151500
168.49999017	0.00000000	0.00000000	-6.31151500
168.69999016	0.00000000	0.00000000	-6.31151500
168.89999015	0.00000000	0.00000000	-6.31151500
169.09999014	0.00000000	0.00000000	-6.31151500
169.29999013	0.00000000	-0.04306102	-6.31151500
169.49999011	0.00000000	-0.37524600	-6.31151500
169.69999010	0.00000000	-0.78740150	-6.31151500
169.89999009	0.00000000	-0.79355310	-6.31151500
170.09999008	0.00000000	-1.20570900	-6.31151500
170.29999007	0.00000000	-1.48868100	-6.31151500
170.49999005	0.00000000	-1.16264800	-6.31151500
170.69999004	0.00000000	-0.41830710	-6.31151500
170.89999003	0.00000000	-0.04306102	-6.31151500
171.09999002	0.00000000	0.00000000	-6.31151500
171.29999001	0.00000000	0.00000000	-6.31151500
171.49998999	0.00000000	0.00000000	-6.31151500
171.69998998	0.00000000	0.00000000	-6.31151500
171.89998997	0.00000000	0.00000000	-6.31151500
172.09998996	0.00000000	-0.04306102	-6.31151500
172.29998995	0.00000000	-0.37524600	-6.31151500
172.49998994	0.00000000	-0.78740150	-6.31151500
172.69998992	0.00000000	-0.79355310	-6.31151500
172.89998991	0.00000000	-1.16264800	-6.31151500
173.09998990	0.00000000	-1.16264800	-6.31151500
173.29998989	0.00000000	-0.83661410	-6.31151500
173.49998988	0.00000000	-1.16264800	-6.31151500
173.69998986	0.00000000	-1.11343500	-6.31151500
173.89998985	0.00000000	-0.41830710	-6.31151500
174.09998984	0.00000000	-0.04306102	-6.31151500
174.29998983	0.00000000	0.00000000	-6.31151500
174.49998982	0.00000000	0.00000000	-6.31151500
174.69998980	0.00000000	0.00000000	-6.31151500
174.89998979	0.00000000	0.00000000	-6.31151500
175.09998978	0.00000000	0.00000000	-6.31151500
175.29998977	0.00000000	0.00000000	-6.31151500
175.49998976	0.00000000	-0.04306102	-6.31151500
175.69998975	0.00000000	-0.37524600	-6.31151500
175.89998973	0.00000000	-0.74434050	-6.31151500
176.09998972	0.00000000	-0.37524600	-6.31151500
176.29998971	0.00000000	-0.04306102	-6.31151500
176.49998970	0.00000000	0.00000000	-6.31151500
176.69998969	0.00000000	0.00000000	-6.31151500
176.89998967	0.00000000	0.00000000	-6.31151500
177.09998966	0.00000000	0.00000000	-6.31151500
177.29998965	0.00000000	0.00000000	-6.31151500
177.49998964	0.00000000	0.00000000	-6.31151500
177.69998963	0.00000000	-0.04306102	-6.35457700
177.89998961	0.00000000	-0.41830710	-6.68676100
178.09998960	0.00000000	-1.11343500	-7.05585600
178.29998959	0.00000000	-1.16264800	-6.68676100
178.49998958	0.00000000	-0.83661410	-6.35457700
178.69998957	0.00000000	-1.16264800	-6.31151500
178.89998956	0.00000000	-1.11343500	-6.31151500
179.09998954	0.00000000	-0.41830710	-6.31151500
179.29998953	0.00000000	-0.04306102	-6.31151500
179.49998952	0.00000000	0.00000000	-6.31151500
179.69998951	0.00000000	0.00000000	-6.31151500
179.89998950	0.00000000	0.00000000	-6.31151500
180.09998948	0.00000000	0.00000000	-6.31151500
180.29998947	0.00000000	-0.04306102	-6.31151500
180.49998946	0.00000000	-0.37524600	-6.31151500
180.69998945	0.00000000	-0.78740150	-6.31151500
180.89998944	0.00000000	-0.79355310	-6.31151500
181.09998942	0.00000000	-1.20570900	-6.31151500
181.29998941	0.00000000	-1.48868100	-6.31151500
181.49998940	0.00000000	-1.16264800	-6.31151500
181.69998939	0.00000000	-0.41830710	-6.31151500
181.89998938	0.00000000	-0.04306102	-6.26845500
182.09998937	0.00000000	0.00000000	-5.93626900
182.29998935	0.00000000	0.00000000	-5.57332700
182.49998934	0.00000000	0.00000000	-5.93626900
182.69998933	0.00000000	-0.04306102	-6.26845500
182.89998932	0.00000000	-0.37524600	-6.31151500
183.09998931	0.00000000	-0.74434050	-6.31151500
183.29998929	0.00000000	-0.41830710	-6.31151500
183.49998928	0.00000000	-0.41830710	-6.35457700
183.69998927	0.00000000	-0.74434050	-6.72982200
183.89998926	0.00000000	-0.37524600	-7.42495000
184.09998925	0.00000000	-0.09227362	-7.42495000
184.29998923	0.00000000	-0.37524600	-6.72982200
184.49998922	0.00000000	-0.74434050	-6.35457700
184.69998921	0.00000000	-0.37524600	-6.31151500
184.89998920	0.00000000	-0.04306102	-6.26845500
185.09998919	0.00000000	0.00000000	-5.93626900
185.29998918	0.00000000	0.00000000	-5.57332700
185.49998916	0.00000000	0.00000000	-5.93626900
185.69998915	0.00000000	0.00000000	-6.26845500
185.89998914	0.00000000	0.00000000	-6.31151500
186.09998913	0.00000000	0.00000000	-6.35457700
186.29998912	0.00000000	0.00000000	-6.72982200
186.49998910	0.00000000	0.00000000	-7.42495000
186.69998909	0.00000000	0.00000000	-7.42495000
186.89998908	0.00000000	-0.04306102	-6.72982200
187.09998907	0.00000000	-0.37524600	-6.35457700
187.29998906	0.00000000	-0.78740150	-6.31151500
187.49998904	0.00000000	-0.79355310	-6.31151500
187.69998903	0.00000000	-1.20570900	-6.31151500
187.89998902	0.00000000	-1.53789400	-6.31151500
188.09998901	0.00000000	-1.53789400	-6.31151500
188.29998900	0.00000000	-1.16264800	-6.31151500
188.49998899	0.00000000	-0.41830710	-6.31151500
188.69998897	0.00000000	-0.04306102	-6.31151500
188.89998896	0.00000000	0.00000000	-6.35457700
189.09998895	0.00000000	0.00000000	-6.72982200
189.29998894	0.00000000	0.00000000	-7.47416300
189.49998893	0.00000000	0.00000000	-7.84940900
189.69998891	0.00000000	0.00000000	-7.84940900
189.89998890	0.00000000	0.00000000	-7.47416300
190.09998889	0.00000000	-0.04306102	-6.72982200
190.29998888	0.00000000	-0.41830710	-6.35457700
190.49998887	0.00000000	-1.16264800	-6.31151500
190.69998885	0.00000000	-1.53789400	-6.31151500
190.89998884	0.00000000	-1.58095500	-6.31151500
191.09998883	0.00000000	-1.53789400	-6.31151500
191.29998882	0.00000000	-1.16264800	-6.31151500
191.49998881	0.00000000	-0.41830710	-6.31151500
191.69998880	0.00000000	-0.04306102	-6.31151500
191.89998878	0.00000000	0.00000000	-6.31151500
192.09998877	0.00000000	0.00000000	-6.31151500
192.29998876	0.00000000	0.00000000	-6.31151500
192.49998875	0.00000000	0.00000000	-6.31151500
192.69998874	0.00000000	0.00000000	-6.31151500
192.89998872	0.00000000	-0.04306102	-6.31151500
193.09998871	0.00000000	-0.41830710	-6.31151500
193.29998870	0.00000000	-1.16264800	-6.31151500
193.49998869	0.00000000	-1.53789400	-6.31151500
193.69998868	0.00000000	-1.58095500	-6.31151500
193.89998866	0.00000000	-1.53789400	-6.31151500
194.09998865	0.00000000	-1.16264800	-6.31151500
194.29998864	0.00000000	-0.41830710	-6.31151500
194.49998863	0.00000000	-0.04306102	-6.31151500
194.69998862	0.00000000	0.00000000	-6.31151500
194.89998861	0.00000000	0.00000000	-6.31151500
195.09998859	0.00000000	0.00000000	-6.31151500
195.29998858	0.00000000	-0.04306102	-6.31151500
195.49998857	0.00000000	-0.37524600	-6.31151500
195.69998856	0.00000000	-0.78740150	-6.31151500
195.89998855	0.00000000	-0.79355310	-6.31151500
196.09998853	0.00000000	-1.20570900	-6.31151500
