Time	Channel A	Channel B	Channel C
(us)	(V)	(mV)	(mV)

-4.59999956	0.00000000	44.36515000	9.89173200
-4.39999957	0.00000000	44.69119000	9.51648500
-4.19999958	0.00000000	45.38631000	9.47342500
-3.99999959	0.00000000	45.38631000	9.47342500
-3.79999960	0.00000000	44.69119000	9.47342500
-3.59999962	0.00000000	44.31594000	9.47342500
-3.39999963	0.00000000	44.27288000	9.47342500
-3.19999964	0.00000000	44.31594000	9.47342500
-2.99999965	0.00000000	44.64813000	9.47342500
-2.79999966	0.00000000	45.01722000	9.47342500
-2.59999968	0.00000000	44.69119000	9.47342500
-2.39999969	0.00000000	44.69119000	9.47342500
-2.19999970	0.00000000	45.01722000	9.47342500
-1.99999971	0.00000000	44.69119000	9.51648500
-1.79999972	0.00000000	44.69119000	9.84867000
-1.59999973	0.00000000	45.01722000	10.21161000
-1.39999975	0.00000000	44.64813000	9.84867000
-1.19999976	0.00000000	44.31594000	9.51648500
-0.99999977	0.00000000	44.31594000	9.47342500
-0.79999978	0.00000000	44.64813000	9.47342500
-0.59999979	0.00000000	45.06028000	9.47342500
-0.39999981	0.15871060	45.02337000	9.47342500
-0.19999982	0.47736220	45.06028000	9.47342500
0.00000017	0.79601380	44.69119000	9.51648500
0.20000016	0.95533960	44.69119000	9.84867000
0.40000015	0.95533960	45.01722000	10.21161000
0.60000013	0.47736220	44.64813000	9.84867000
0.80000012	-0.15871060	44.31594000	9.51648500
1.00000011	-1.11466500	44.27288000	9.51648500
1.20000010	-2.07062000	44.27288000	9.89173200
1.40000009	-2.70792300	44.31594000	10.62992000
1.60000008	-2.70792300	44.64813000	10.95595000
1.80000006	-1.75196900	45.01722000	10.62992000
2.00000005	-0.15871060	44.64813000	9.89173200
2.20000004	1.91129400	44.31594000	9.51648500
2.40000003	3.98191400	44.27288000	9.47342500
2.60000002	5.25652100	44.27288000	9.47342500
2.80000000	5.25652100	44.27288000	9.43036400
2.99999999	3.66326300	44.27288000	9.09817800
3.19999998	0.95533960	44.27288000	8.72908400
3.39999997	-2.38927200	44.27288000	9.09817800
3.59999996	-5.57517200	44.27288000	9.47342500
3.79999994	-7.64579200	44.31594000	9.89173200
3.99999993	-7.80511800	44.69119000	10.62992000
4.19999992	-6.05315000	45.43553000	11.00517000
4.39999991	-2.54859700	45.76156000	11.04823000
4.59999990	1.75196900	45.43553000	11.00517000
4.79999989	6.05315000	44.69119000	10.62992000
4.99999987	8.76107300	44.31594000	9.89173200
5.19999986	9.39837600	44.27288000	9.51648500
5.39999985	7.64579200	44.27288000	9.43036400
5.59999984	3.98191400	44.27288000	9.09817800
5.79999983	-0.79601380	44.27288000	8.72908400
5.99999981	-5.25652100	44.27288000	9.09817800
6.19999980	-8.44242100	44.31594000	9.47342500
6.39999979	-9.39837600	44.64813000	9.89173200
6.59999978	-8.12377000	45.06028000	10.62992000
6.79999977	-4.77854300	45.02337000	10.95595000
6.99999975	-0.47736220	45.06028000	10.62992000
7.19999974	3.66326300	44.64813000	9.89173200
7.39999973	6.69045300	44.31594000	9.51648500
7.59999972	7.80511800	44.27288000	9.47342500
7.79999971	6.84916400	44.27288000	9.47342500
7.99999970	4.45989200	44.27288000	9.47342500
8.19999968	1.27399100	44.27288000	9.47342500
8.39999967	-1.91129400	44.27288000	9.47342500
8.59999966	-4.14124000	44.27288000	9.47342500
8.79999965	-5.25652100	44.27288000	9.47342500
8.99999964	-4.77854300	44.27288000	9.47342500
9.19999962	-3.34522600	44.27288000	9.47342500
9.39999961	-1.27399100	44.27288000	9.47342500
9.59999960	0.63668800	44.27288000	9.47342500
9.79999959	1.91129400	44.27288000	9.47342500
9.99999958	2.54859700	44.27288000	9.47342500
10.19999956	2.38927200	44.27288000	9.47342500
10.39999955	1.75196900	44.27288000	9.47342500
10.59999954	0.79601380	44.27288000	9.47342500
10.79999953	0.00000000	44.27288000	9.47342500
10.99999952	-0.63668800	44.27288000	9.47342500
11.19999951	-0.95533960	44.27288000	9.47342500
11.39999949	-0.95533960	44.27288000	9.47342500
11.59999948	-0.79601380	44.27288000	9.51648500
11.79999947	-0.47736220	44.27288000	9.84867000
11.99999946	-0.15871060	44.27288000	10.21161000
12.19999945	-0.15871060	44.27288000	9.84867000
12.39999943	-0.15871060	44.27288000	9.51648500
12.59999942	0.00000000	44.27288000	9.47342500
12.79999941	0.00000000	44.27288000	9.51648500
12.99999940	0.00000000	44.27288000	9.89173200
13.19999939	0.15871060	44.27288000	10.58686000
13.39999937	0.00000000	44.27288000	10.62992000
13.59999936	0.00000000	44.27288000	10.26698000
13.79999935	0.00000000	44.27288000	10.25467000
13.99999934	0.00000000	44.27288000	9.84867000
14.19999933	-0.15871060	44.27288000	9.51648500
14.39999932	-0.15871060	44.27288000	9.47342500
14.59999930	0.00000000	44.27288000	9.47342500
14.79999929	0.00000000	44.27288000	9.47342500
14.99999928	0.00000000	44.27288000	9.47342500
15.19999927	0.00000000	44.27288000	9.47342500
15.39999926	0.00000000	44.27288000	9.43036400
15.59999924	0.00000000	44.27288000	9.09817800
15.79999923	0.00000000	44.27288000	8.72908400
15.99999922	0.00000000	44.27288000	9.09817800
16.19999921	0.00000000	44.27288000	9.43036400
16.39999920	0.00000000	44.27288000	9.47342500
16.59999919	-0.15871060	44.31594000	9.47342500
16.79999917	0.00000000	44.69119000	9.47342500
16.99999916	0.00000000	45.43553000	9.47342500
17.19999915	0.00000000	45.81078000	9.47342500
17.39999914	0.00000000	45.85384000	9.47342500
17.59999913	0.00000000	45.85384000	9.47342500
17.79999911	0.00000000	45.81078000	9.47342500
17.99999910	0.00000000	45.38631000	9.47342500
18.19999909	0.00000000	44.22982000	9.51648500
18.39999908	0.00000000	42.69193000	9.84867000
18.59999907	0.00000000	41.15403000	10.21161000
18.79999905	0.00000000	39.99754000	9.84867000
18.99999904	0.00000000	39.62229000	9.51648500
19.19999903	0.00000000	40.04060000	9.47342500
19.39999902	0.00000000	41.66461000	9.47342500
19.59999901	0.00000000	44.78346000	9.47342500
19.79999900	0.00000000	48.97269000	9.47342500
19.99999898	0.00000000	52.82972000	9.47342500
20.19999897	0.00000000	55.16117000	9.47342500
20.39999896	0.00000000	55.85630000	9.47342500
20.59999895	0.00000000	53.80782000	9.47342500
20.79999894	0.00000000	48.41904000	9.47342500
20.99999892	0.00000000	41.11097000	9.51648500
21.19999891	0.00000000	33.71063000	9.84867000
21.39999890	0.00000000	27.56521000	10.21161000
21.59999889	0.00000000	24.16954000	9.84867000
21.79999888	0.00000000	25.37524000	9.51648500
21.99999886	0.00000000	31.23770000	9.47342500
22.19999885	0.00000000	40.96949000	9.47342500
22.39999884	0.00000000	53.34030000	9.47342500
22.59999883	0.00000000	65.25590000	9.47342500
22.79999882	0.00000000	73.72047000	9.47342500
22.99999881	0.00000000	76.33489000	9.47342500
23.19999879	0.00000000	71.58588000	9.51648500
23.39999878	0.00000000	59.58415000	9.89173200
23.59999877	0.00000000	42.59965000	10.67298000
23.79999876	0.00000000	24.82775000	11.38041000
23.99999875	0.00000000	10.16855000	11.79257000
24.19999873	0.00000000	2.16535400	11.38041000
24.39999872	0.00000000	3.78937000	10.62992000
24.59999871	0.00000000	15.37278000	9.42421200
24.79999870	0.00000000	34.31348000	7.89247000
24.99999869	0.00000000	56.36687000	6.31151500
25.19999867	0.00000000	76.83932000	4.82283400
25.39999866	0.00000000	91.03100000	4.08464600
25.59999865	0.00000000	94.84498000	4.87204700
25.79999864	0.00000000	86.75565000	6.77903500
25.99999863	0.00000000	68.97761000	9.55954600
26.19999862	0.00000000	45.38631000	13.04749000
26.39999860	0.00000000	21.05684000	16.90453000
26.59999859	0.00000000	1.79010800	19.92495000
26.79999858	0.00000000	-7.88016700	21.04454000
26.99999857	0.00000000	-5.56102300	19.46358000
27.19999856	0.00000000	7.93553100	15.14518000
27.39999854	0.00000000	29.57062000	8.58759800
27.59999853	0.00000000	54.23228000	0.83661410
27.79999852	0.00000000	75.91043000	-6.04084600
27.99999851	0.00000000	89.86835000	-10.63607000
28.19999850	0.00000000	93.77460000	-10.92520000
28.39999848	0.00000000	86.84178000	-6.32381900
28.59999847	0.00000000	71.02608000	2.26377900
28.79999846	0.00000000	50.17839000	13.46580000
28.99999845	0.00000000	28.91855000	25.44906000
29.19999844	0.00000000	12.26009000	35.02707000
29.39999843	0.00000000	3.28494100	40.04060000
29.59999841	0.00000000	3.23572800	38.74877000
29.79999840	0.00000000	11.70645000	30.61023000
29.99999839	0.00000000	26.35950000	16.72613000
30.19999838	0.00000000	43.80536000	0.55364170
30.39999837	0.00000000	60.42076000	-14.16708000
30.59999835	0.00000000	72.84079000	-24.53248000
30.79999834	0.00000000	78.33414000	-27.97121000
30.99999833	0.00000000	76.83932000	-22.95768000
31.19999832	0.00000000	69.06988000	-10.96826000
31.39999831	0.00000000	56.36687000	5.66560000
31.59999829	0.00000000	42.08292000	23.82505000
31.79999828	0.00000000	29.65674000	39.25935000
31.99999827	0.00000000	21.09990000	48.91732000
32.19999826	0.00000000	17.93799000	50.40600000
32.39999825	0.00000000	20.26329000	43.11023000
32.59999824	0.00000000	27.20226000	28.80167000
32.79999822	0.00000000	37.65994000	10.67913000
32.99999821	0.00000000	48.78814000	-7.52952700
33.19999820	0.00000000	58.13238000	-21.84424000
33.39999819	0.00000000	63.58267000	-29.97047000
33.59999818	0.00000000	64.74532000	-29.92126000
33.79999816	0.00000000	61.29429000	-21.42593000
33.99999815	0.00000000	53.99852000	-6.40994000
34.19999814	0.00000000	45.52165000	11.70029000
34.39999813	0.00000000	37.34006000	28.29109000
34.59999812	0.00000000	31.23770000	39.99754000
34.79999810	0.00000000	28.91240000	45.01722000
34.99999809	0.00000000	31.15157000	42.69193000
35.19999808	0.00000000	36.45423000	33.03395000
35.39999807	0.00000000	42.64886000	18.43627000
35.59999806	0.00000000	48.50517000	2.63902500
35.79999805	0.00000000	53.06963000	-10.50689000
35.99999803	0.00000000	54.97047000	-18.26402000
36.19999802	0.00000000	53.11269000	-19.42667000
36.39999801	0.00000000	48.92347000	-13.66265000
36.59999800	0.00000000	43.89763000	-2.55905500
36.79999799	0.00000000	38.87795000	10.49459000
36.99999797	0.00000000	35.47613000	22.06570000
37.19999796	0.00000000	34.63951000	29.40452000
37.39999795	0.00000000	36.54650000	30.98548000
37.59999794	0.00000000	40.04060000	26.75935000
37.79999793	0.00000000	44.64813000	17.97490000
37.99999791	0.00000000	49.24950000	7.24040300
38.19999790	0.00000000	51.99926000	-1.91314000
38.39999789	0.00000000	53.16190000	-6.96973400
38.59999788	0.00000000	52.36220000	-6.56373000
38.79999787	0.00000000	49.29871000	-1.21186000
38.99999786	0.00000000	45.47859000	7.98474400
39.19999784	0.00000000	41.57849000	17.88263000
39.39999783	0.00000000	38.45964000	25.17839000
39.59999782	0.00000000	36.50344000	27.82972000
39.79999781	0.00000000	35.75910000	24.76009000
39.99999780	0.00000000	36.92175000	16.76919000
40.19999778	0.00000000	39.57308000	6.77903500
40.39999777	0.00000000	42.69193000	-2.46678100
40.59999776	0.00000000	45.85384000	-8.96899500
40.79999775	0.00000000	48.92347000	-10.45768000
40.99999774	0.00000000	51.24877000	-6.23154500
41.19999772	0.00000000	52.04232000	2.55290300
41.39999771	0.00000000	51.66707000	13.28125000
41.59999770	0.00000000	50.04306000	22.53322000
41.79999769	0.00000000	47.01648000	28.34030000
41.99999768	0.00000000	43.52854000	29.49680000
42.19999767	0.00000000	40.82800000	25.63976000
42.39999765	0.00000000	38.83489000	17.97490000
42.59999764	0.00000000	38.04134000	8.35998900
42.79999763	0.00000000	38.04134000	-0.46751960
42.99999762	0.00000000	38.83489000	-6.23154500
43.19999761	0.00000000	40.73573000	-7.48031400
43.39999759	0.00000000	42.64886000	-4.46604300
43.59999758	0.00000000	44.27288000	0.92888770
43.79999757	0.00000000	45.81078000	7.89247000
43.99999756	0.00000000	46.96727000	14.81299000
44.19999755	0.00000000	47.39173000	19.83883000
44.39999753	0.00000000	47.47785000	22.15797000
44.59999752	0.00000000	47.85310000	21.03838000
44.79999751	0.00000000	48.54823000	17.23056000
44.99999750	0.00000000	48.54823000	12.25394000
45.19999749	0.00000000	47.76698000	7.28346400
45.39999748	0.00000000	46.54896000	4.17076700
45.59999746	0.00000000	44.18061000	3.24803100
45.79999745	0.00000000	41.11097000	3.24803100
45.99999744	0.00000000	37.94907000	4.03543200
46.19999743	0.00000000	34.92249000	5.98548200
46.39999742	0.00000000	33.05856000	8.26771600
46.59999740	0.00000000	33.84596000	10.62992000
46.79999739	0.00000000	36.92175000	12.53691000
46.99999738	0.00000000	41.66461000	13.74262000
47.19999737	0.00000000	47.85310000	14.07480000
47.39999736	0.00000000	54.36761000	13.32431000
47.59999734	0.00000000	58.97515000	11.38041000
47.79999733	0.00000000	60.50689000	9.09817800
47.99999732	0.00000000	58.50763000	6.72982200
48.19999731	0.00000000	52.69439000	4.82283400
48.39999730	0.00000000	44.27288000	3.66633800
48.59999729	0.00000000	35.75910000	3.70939900
48.79999727	0.00000000	29.14616000	5.24729300
48.99999726	0.00000000	25.28912000	7.98474400
49.19999725	0.00000000	25.37524000	11.38041000
49.39999724	0.00000000	30.03199000	14.48081000
49.59999723	0.00000000	38.50270000	16.02485000
49.79999721	0.00000000	48.50517000	16.39395000
49.99999720	0.00000000	57.34498000	14.81299000
50.19999719	0.00000000	62.73991000	11.38041000
50.39999718	0.00000000	63.16436000	7.51722400
50.59999717	0.00000000	58.97515000	3.66633800
50.79999715	0.00000000	51.62401000	1.01501000
50.99999714	0.00000000	42.73499000	0.59670270
51.19999713	0.00000000	34.26427000	2.12844500
51.39999712	0.00000000	28.49409000	5.24729300
51.59999711	0.00000000	26.95620000	9.47342500
51.79999710	0.00000000	29.98893000	13.69956000
51.99999708	0.00000000	36.50344000	16.76919000
52.19999707	0.00000000	44.18061000	17.92569000
52.39999706	0.00000000	51.15649000	16.81225000
52.59999705	0.00000000	55.76402000	14.11786000
52.79999704	0.00000000	56.92667000	10.62992000
52.99999702	0.00000000	54.27534000	6.77903500
53.19999701	0.00000000	48.92347000	3.70939900
53.39999700	0.00000000	42.73499000	2.17150600
53.59999699	0.00000000	36.96481000	2.54675200
53.79999698	0.00000000	33.15083000	4.87204700
53.99999696	0.00000000	32.77559000	8.26771600
54.19999695	0.00000000	35.80217000	11.70029000
54.39999694	0.00000000	41.15403000	13.61343000
54.59999693	0.00000000	46.88115000	13.69956000
54.79999692	0.00000000	51.15649000	12.53691000
54.99999691	0.00000000	53.11269000	10.62992000
55.19999689	0.00000000	52.69439000	8.35383800
55.39999688	0.00000000	49.62475000	6.86515700
55.59999687	0.00000000	44.69119000	6.86515700
55.79999686	0.00000000	40.08366000	8.35383800
55.99999685	0.00000000	36.96481000	10.67298000
56.19999683	0.00000000	35.80832000	12.95522000
56.39999682	0.00000000	36.96481000	14.81299000
56.59999681	0.00000000	39.99754000	14.76993000
56.79999680	0.00000000	43.85457000	12.49385000
56.99999679	0.00000000	47.34252000	9.05511800
57.19999677	0.00000000	50.04306000	5.15501900
57.39999676	0.00000000	51.15649000	1.75935000
57.59999675	0.00000000	50.04306000	-0.14148620
57.79999674	0.00000000	47.39173000	0.68897630
57.99999673	0.00000000	44.31594000	4.12770700
58.19999672	0.00000000	41.62155000	9.55954600
58.39999670	0.00000000	40.04060000	15.64960000
58.59999669	0.00000000	39.62229000	20.66314000
58.79999668	0.00000000	40.04060000	22.95152000
58.99999667	0.00000000	41.57849000	22.15797000
59.19999666	0.00000000	43.80536000	17.88263000
59.39999664	0.00000000	45.34325000	11.00517000
59.59999663	0.00000000	45.81078000	3.70939900
59.79999662	0.00000000	45.81078000	-2.09153500
59.99999661	0.00000000	45.38631000	-5.16117100
60.19999660	0.00000000	44.27288000	-4.74286400
60.39999658	0.00000000	43.11023000	-0.51673230
60.59999657	0.00000000	42.35974000	6.40378900
60.79999656	0.00000000	41.99680000	14.11786000
60.99999655	0.00000000	42.78420000	21.08760000
61.19999654	0.00000000	44.27288000	25.63976000
61.39999653	0.00000000	45.81078000	26.38410000
61.59999651	0.00000000	46.92421000	22.52707000
61.79999650	0.00000000	46.88115000	15.27436000
61.99999649	0.00000000	45.38631000	6.77903500
62.19999648	0.00000000	43.11023000	-0.93503930
62.39999647	0.00000000	41.15403000	-6.32381900
62.59999645	0.00000000	39.57308000	-7.85556000
62.79999644	0.00000000	38.45964000	-5.20423200
62.99999643	0.00000000	38.50270000	0.55364170
63.19999642	0.00000000	39.99754000	7.89247000
63.39999641	0.00000000	42.35974000	15.23130000
63.59999639	0.00000000	45.06644000	21.03838000
63.79999638	0.00000000	48.12992000	24.10802000
63.99999637	0.00000000	50.00000000	23.73892000
64.19999636	0.00000000	50.04306000	19.93110000
64.39999635	0.00000000	48.50517000	14.16708000
64.59999634	0.00000000	45.81078000	7.93553100
64.79999632	0.00000000	42.73499000	2.17765700
64.99999631	0.00000000	39.99754000	-1.72244100
65.19999630	0.00000000	38.12746000	-2.93430100
65.39999629	0.00000000	37.71530000	-2.18380900
65.59999628	0.00000000	39.24704000	0.55364170
65.79999626	0.00000000	41.52928000	4.77977300
65.99999625	0.00000000	44.22982000	9.43036400
66.19999624	0.00000000	46.50590000	13.69956000
66.39999623	0.00000000	47.29946000	16.81225000
66.59999622	0.00000000	46.96727000	18.39321000
66.79999620	0.00000000	45.76156000	18.43627000
66.99999619	0.00000000	43.85457000	17.27362000
67.19999618	0.00000000	41.57849000	15.32357000
67.39999617	0.00000000	40.08366000	12.58612000
67.59999616	0.00000000	40.08366000	9.47342500
67.79999615	0.00000000	41.62155000	6.31151500
67.99999613	0.00000000	44.27288000	3.24803100
68.19999612	0.00000000	46.96727000	0.92888770
68.39999611	0.00000000	48.88041000	0.13533460
68.59999610	0.00000000	49.62475000	0.55364170
68.79999609	0.00000000	48.41904000	2.54675200
68.99999607	0.00000000	45.34325000	6.40378900
69.19999606	0.00000000	41.15403000	11.04823000
69.39999605	0.00000000	37.29700000	15.69882000
69.59999604	0.00000000	34.96555000	19.54970000
69.79999603	0.00000000	34.22121000	21.46284000
69.99999601	0.00000000	35.85138000	21.08760000
70.19999600	0.00000000	40.04060000	18.35015000
70.39999599	0.00000000	45.47859000	13.74262000
70.59999598	0.00000000	50.83661000	8.31077700
70.79999597	0.00000000	55.06274000	3.33415300
70.99999596	0.00000000	56.18848000	-0.18454720
71.19999594	0.00000000	54.31840000	-1.30413400
71.39999593	0.00000000	50.04306000	-0.18454720
71.59999592	0.00000000	44.27288000	3.29109200
71.79999591	0.00000000	38.45964000	7.89247000
71.99999590	0.00000000	33.80290000	12.53691000
72.19999588	0.00000000	31.10236000	16.35089000
72.39999587	0.00000000	31.14542000	17.92569000
72.59999586	0.00000000	34.22121000	17.23056000
72.79999585	0.00000000	39.57308000	15.32357000
72.99999584	0.00000000	45.38631000	12.58612000
73.19999582	0.00000000	50.46136000	9.55954600
73.39999581	0.00000000	54.31840000	7.24040300
73.59999580	0.00000000	55.81324000	6.44685000
73.79999579	0.00000000	54.31840000	6.77903500
73.99999578	0.00000000	50.46136000	7.93553100
74.19999577	0.00000000	45.43553000	9.38115100
74.39999575	0.00000000	40.04060000	10.11934000
74.59999574	0.00000000	35.85138000	9.42421200
74.79999573	0.00000000	34.27042000	8.31077700
74.99999572	0.00000000	35.29773000	7.47416300
75.19999571	0.00000000	37.61687000	6.31151500
75.39999569	0.00000000	40.36663000	5.29035400
75.59999568	0.00000000	43.85457000	5.70866100
75.79999567	0.00000000	46.88115000	8.02780400
75.99999566	0.00000000	48.46210000	11.46653000
76.19999565	0.00000000	48.50517000	15.27436000
76.39999563	0.00000000	47.39173000	17.92569000
76.59999562	0.00000000	45.85384000	18.35015000
76.79999561	0.00000000	44.31594000	16.76919000
76.99999560	0.00000000	43.15945000	13.28125000
77.19999559	0.00000000	42.73499000	8.26771600
77.39999558	0.00000000	42.69193000	3.24803100
77.59999556	0.00000000	42.69193000	-1.02116100
77.79999555	0.00000000	42.69193000	-3.62942900
77.99999554	0.00000000	42.64886000	-3.21112200
78.19999553	0.00000000	42.27362000	0.59670270
78.39999552	0.00000000	41.48622000	6.31151500
78.59999550	0.00000000	40.77879000	12.16166000
78.79999549	0.00000000	40.41584000	17.18750000
78.99999548	0.00000000	41.20325000	20.66314000
79.19999547	0.00000000	42.73499000	21.46284000
79.39999546	0.00000000	44.64813000	19.92495000
79.59999544	0.00000000	46.59818000	16.39395000
79.79999543	0.00000000	47.71776000	11.00517000
79.99999542	0.00000000	48.12992000	5.24729300
80.19999541	0.00000000	47.34252000	0.64591530
80.39999540	0.00000000	45.76156000	-1.76550200
80.59999539	0.00000000	43.43627000	-1.81471400
80.79999537	0.00000000	40.36663000	-0.64591530
80.99999536	0.00000000	38.12746000	2.12844500
81.19999535	0.00000000	37.29700000	6.35457700
81.39999534	0.00000000	38.08440000	10.95595000
81.59999533	0.00000000	39.94832000	14.85605000
81.79999531	0.00000000	42.31668000	17.18750000
81.99999530	0.00000000	44.64813000	18.01796000
82.19999529	0.00000000	46.96727000	17.27362000
82.39999528	0.00000000	48.46210000	15.69882000
82.59999527	0.00000000	48.46210000	13.32431000
82.79999525	0.00000000	46.96727000	9.84867000
82.99999524	0.00000000	44.69119000	6.36072800
83.19999523	0.00000000	42.73499000	3.24803100
83.39999522	0.00000000	41.20325000	0.92888770
83.59999521	0.00000000	40.41584000	0.13533460
83.79999520	0.00000000	40.77879000	0.55364170
83.99999518	0.00000000	41.48622000	2.50369100
84.19999517	0.00000000	42.31668000	5.98548200
84.39999516	0.00000000	43.02411000	9.89173200
84.59999515	0.00000000	43.47933000	14.16708000
84.79999514	0.00000000	43.44242000	17.97490000
84.99999512	0.00000000	43.52239000	19.88189000
85.19999511	0.00000000	43.48548000	19.50664000
85.39999510	0.00000000	43.89763000	16.81225000
85.59999509	0.00000000	44.27288000	12.58612000
85.79999508	0.00000000	44.69119000	7.93553100
85.99999506	0.00000000	45.43553000	3.66633800
86.19999505	0.00000000	45.76156000	0.59670270
86.39999504	0.00000000	45.38631000	-0.55979330
86.59999503	0.00000000	44.22982000	0.59670270
86.79999502	0.00000000	42.69193000	3.66633800
86.99999501	0.00000000	41.15403000	7.93553100
87.19999499	0.00000000	39.99754000	12.58612000
87.39999498	0.00000000	39.62229000	16.76919000
87.59999497	0.00000000	39.99754000	19.08834000
87.79999496	0.00000000	41.15403000	18.71924000
87.99999495	0.00000000	42.69193000	16.43701000
88.19999493	0.00000000	44.27288000	12.53691000
88.39999492	0.00000000	45.81078000	7.93553100
88.59999491	0.00000000	46.92421000	3.70939900
88.79999490	0.00000000	46.92421000	1.06422200
88.99999489	0.00000000	45.81078000	1.01501000
89.19999487	0.00000000	44.27288000	3.29109200
89.39999486	0.00000000	42.69193000	6.82209600
89.59999485	0.00000000	41.15403000	11.38041000
89.79999484	0.00000000	40.04060000	15.55118000
89.99999483	0.00000000	39.99754000	17.13829000
90.19999482	0.00000000	40.73573000	16.81225000
90.39999480	0.00000000	41.52928000	14.81299000
90.59999479	0.00000000	42.73499000	10.95595000
90.79999478	0.00000000	44.18061000	6.40378900
90.99999477	0.00000000	44.96801000	2.59596400
91.19999476	0.00000000	44.64813000	1.01501000
91.39999474	0.00000000	44.31594000	1.75319900
91.59999473	0.00000000	44.22982000	4.08464600
91.79999472	0.00000000	43.85457000	7.98474400
91.99999471	0.00000000	43.11023000	12.49385000
92.19999470	0.00000000	42.73499000	15.97564000
92.39999468	0.00000000	42.69193000	17.14444000
92.59999467	0.00000000	42.69193000	16.39395000
92.79999466	0.00000000	42.64886000	13.65650000
92.99999465	0.00000000	42.27362000	9.43036400
93.19999464	0.00000000	41.48622000	4.87204700
93.39999463	0.00000000	40.77879000	1.43946800
93.59999461	0.00000000	40.41584000	0.63976370
93.79999460	0.00000000	41.15403000	2.17765700
93.99999459	0.00000000	42.31668000	5.61638700
94.19999458	0.00000000	43.52854000	10.21161000
94.39999457	0.00000000	45.43553000	14.03174000
94.59999455	0.00000000	46.96727000	16.39395000
94.79999454	0.00000000	47.76698000	16.76919000
94.99999453	0.00000000	48.12992000	15.23130000
95.19999452	0.00000000	47.29946000	12.11860000
95.39999451	0.00000000	45.38631000	7.93553100
95.59999449	0.00000000	42.64886000	4.12770700
95.79999448	0.00000000	39.57308000	2.17150600
95.99999447	0.00000000	36.92175000	2.17150600
96.19999446	0.00000000	35.75910000	4.08464600
96.39999445	0.00000000	36.50344000	7.51722400
96.59999444	0.00000000	38.45964000	10.96211000
96.79999442	0.00000000	41.57849000	13.69956000
96.99999441	0.00000000	45.43553000	15.23130000
97.19999440	0.00000000	48.88041000	15.23130000
97.39999439	0.00000000	51.20571000	13.69956000
97.59999438	0.00000000	51.58095000	11.00517000
97.79999436	0.00000000	50.08612000	7.98474400
97.99999435	0.00000000	47.34252000	5.66560000
98.19999434	0.00000000	43.85457000	4.87204700
98.39999433	0.00000000	39.99754000	5.19808000
98.59999432	0.00000000	36.87869000	6.36072800
98.79999430	0.00000000	34.92249000	7.89247000
98.99999429	0.00000000	34.22121000	9.42421200
99.19999428	0.00000000	35.75910000	10.58686000
99.39999427	0.00000000	39.15477000	10.95595000
99.59999426	0.00000000	42.69193000	10.62992000
99.79999425	0.00000000	46.18602000	9.89173200
99.99999423	0.00000000	49.24950000	9.51648500
100.19999422	0.00000000	50.41830000	9.47342500
100.39999421	0.00000000	50.08612000	9.51648500
100.59999420	0.00000000	48.50517000	9.89173200
100.79999419	0.00000000	45.81078000	10.58686000
100.99999417	0.00000000	42.69193000	10.53765000
101.19999416	0.00000000	39.62229000	9.42421200
101.39999415	0.00000000	37.29700000	7.89247000
101.59999414	0.00000000	36.50344000	6.36072800
101.79999413	0.00000000	36.83563000	5.19808000
101.99999411	0.00000000	38.04134000	4.82898600
102.19999410	0.00000000	39.94832000	5.24729300
102.39999409	0.00000000	42.27362000	6.82209600
102.59999408	0.00000000	44.27288000	9.47342500
102.79999407	0.00000000	46.22908000	12.16781000
102.99999406	0.00000000	48.08686000	14.07480000
103.19999404	0.00000000	48.46210000	14.85605000
103.39999403	0.00000000	47.34252000	14.03174000
103.59999402	0.00000000	45.43553000	11.79257000
103.79999401	0.00000000	43.11023000	8.72908400
103.99999400	0.00000000	41.15403000	6.40378900
104.19999398	0.00000000	39.62229000	4.77977300
104.39999397	0.00000000	38.83489000	3.66633800
104.59999396	0.00000000	39.19783000	3.70939900
104.79999395	0.00000000	39.94832000	5.24729300
104.99999394	0.00000000	41.15403000	7.89247000
105.19999392	0.00000000	42.69193000	10.58686000
105.39999391	0.00000000	44.22982000	12.53691000
105.59999390	0.00000000	45.34325000	13.69956000
105.79999389	0.00000000	45.34325000	13.65650000
105.99999388	0.00000000	44.27288000	12.16781000
106.19999387	0.00000000	43.11023000	9.89173200
106.39999385	0.00000000	42.31668000	7.93553100
106.59999384	0.00000000	41.52928000	6.40378900
106.79999383	0.00000000	41.20325000	5.61638700
106.99999382	0.00000000	41.57849000	6.02854300
107.19999381	0.00000000	42.69193000	7.14812900
107.39999379	0.00000000	43.80536000	9.05511800
107.59999378	0.00000000	44.22982000	10.53765000
107.79999377	0.00000000	44.27288000	11.00517000
107.99999376	0.00000000	44.22982000	10.95595000
108.19999375	0.00000000	43.80536000	10.21161000
108.39999374	0.00000000	42.64886000	8.68602300
108.59999372	0.00000000	41.15403000	7.56028500
108.79999371	0.00000000	39.99754000	6.72982200
108.99999370	0.00000000	39.62229000	6.40378900
109.19999369	0.00000000	39.99754000	6.77903500
109.39999368	0.00000000	41.15403000	7.93553100
109.59999366	0.00000000	42.69193000	9.47342500
109.79999365	0.00000000	44.22982000	11.00517000
109.99999364	0.00000000	45.38631000	12.16166000
110.19999363	0.00000000	45.76156000	12.53691000
110.39999362	0.00000000	45.38631000	12.16166000
110.59999360	0.00000000	44.22982000	11.00517000
110.79999359	0.00000000	42.69193000	9.47342500
110.99999358	0.00000000	41.15403000	7.89247000
111.19999357	0.00000000	39.99754000	6.40378900
111.39999356	0.00000000	39.62229000	5.61638700
111.59999355	0.00000000	39.99754000	5.98548200
111.79999353	0.00000000	41.11097000	6.72982200
111.99999352	0.00000000	42.27362000	7.89247000
112.19999351	0.00000000	43.06717000	9.05511800
112.39999350	0.00000000	43.85457000	9.84867000
112.59999349	0.00000000	44.22982000	10.62992000
112.79999347	0.00000000	44.22982000	10.95595000
112.99999346	0.00000000	43.85457000	10.62992000
113.19999345	0.00000000	43.06717000	9.84867000
113.39999344	0.00000000	42.31668000	9.09817800
113.59999343	0.00000000	41.52928000	8.31077700
113.79999341	0.00000000	41.15403000	7.98474400
113.99999340	0.00000000	41.15403000	8.26771600
114.19999339	0.00000000	41.52928000	8.63681000
114.39999338	0.00000000	42.27362000	8.26771600
114.59999337	0.00000000	42.64886000	7.93553100
114.79999336	0.00000000	42.73499000	7.89247000
114.99999334	0.00000000	43.11023000	7.89247000
115.19999333	0.00000000	43.80536000	7.89247000
115.39999332	0.00000000	43.80536000	7.89247000
115.59999331	0.00000000	43.11023000	7.93553100
115.79999330	0.00000000	42.73499000	8.31077700
115.99999328	0.00000000	42.64886000	9.05511800
116.19999327	0.00000000	42.27362000	9.47342500
116.39999326	0.00000000	41.52928000	9.89173200
116.59999325	0.00000000	41.15403000	10.58686000
116.79999324	0.00000000	41.15403000	10.58686000
116.99999322	0.00000000	41.52928000	9.89173200
117.19999321	0.00000000	42.31668000	9.47342500
117.39999320	0.00000000	43.06717000	9.05511800
117.59999319	0.00000000	43.85457000	8.26771600
117.79999318	0.00000000	44.27288000	7.51722400
117.99999317	0.00000000	44.64813000	6.77903500
118.19999315	0.00000000	44.96801000	6.77903500
118.39999314	0.00000000	44.18061000	7.51722400
118.59999313	0.00000000	42.73499000	8.26771600
118.79999312	0.00000000	41.52928000	9.05511800
118.99999311	0.00000000	40.73573000	9.43036400
119.19999309	0.00000000	39.94832000	9.51648500
119.39999308	0.00000000	39.62229000	9.89173200
119.59999307	0.00000000	39.94832000	10.58686000
119.79999306	0.00000000	40.73573000	10.58686000
119.99999305	0.00000000	41.52928000	9.89173200
120.19999303	0.00000000	42.73499000	9.51648500
120.39999302	0.00000000	44.22982000	9.43036400
120.59999301	0.00000000	45.38631000	9.05511800
120.79999300	0.00000000	45.76156000	8.31077700
120.99999299	0.00000000	45.38631000	7.93553100
121.19999298	0.00000000	44.22982000	7.89247000
121.39999296	0.00000000	42.73499000	7.89247000
121.59999295	0.00000000	41.52928000	7.89247000
121.79999294	0.00000000	40.73573000	7.89247000
121.99999293	0.00000000	39.94832000	7.93553100
122.19999292	0.00000000	39.62229000	8.31077700
122.39999290	0.00000000	39.94832000	9.09817800
122.59999289	0.00000000	40.73573000	9.84867000
122.79999288	0.00000000	41.48622000	10.62992000
122.99999287	0.00000000	42.31668000	11.00517000
123.19999286	0.00000000	43.06717000	11.00517000
123.39999284	0.00000000	43.85457000	10.62992000
123.59999283	0.00000000	44.22982000	9.84867000
123.79999282	0.00000000	44.22982000	9.05511800
123.99999281	0.00000000	43.85457000	7.93553100
124.19999280	0.00000000	43.11023000	7.14812900
124.39999279	0.00000000	42.69193000	7.14197800
124.59999277	0.00000000	42.27362000	7.10506800
124.79999276	0.00000000	41.52928000	7.51722400
124.99999275	0.00000000	41.15403000	7.89247000
125.19999274	0.00000000	41.11097000	8.31077700
125.39999273	0.00000000	41.11097000	9.05511800
125.59999271	0.00000000	41.11097000	9.43036400
125.79999270	0.00000000	41.15403000	9.47342500
125.99999269	0.00000000	41.52928000	9.47342500
126.19999268	0.00000000	42.31668000	9.47342500
126.39999267	0.00000000	43.06717000	9.47342500
126.59999265	0.00000000	43.85457000	9.43036400
126.79999264	0.00000000	44.18061000	9.05511800
126.99999263	0.00000000	43.85457000	8.26771600
127.19999262	0.00000000	43.06717000	7.56028500
127.39999261	0.00000000	42.27362000	7.19734200
127.59999260	0.00000000	41.11097000	7.89247000
127.79999258	0.00000000	40.04060000	8.58759800
127.99999257	0.00000000	39.99754000	8.31077700
128.19999256	0.00000000	40.69267000	8.35998900
128.39999255	0.00000000	41.11097000	9.05511800
128.59999254	0.00000000	41.57849000	9.43036400
128.79999252	0.00000000	42.69193000	9.47342500
128.99999251	0.00000000	43.80536000	9.47342500
129.19999250	0.00000000	44.18061000	9.43036400
129.39999249	0.00000000	43.85457000	9.05511800
129.59999248	0.00000000	43.06717000	8.31077700
129.79999246	0.00000000	42.27362000	7.93553100
129.99999245	0.00000000	41.11097000	7.89247000
130.19999244	0.00000000	39.99754000	7.93553100
130.39999243	0.00000000	39.62229000	8.31077700
130.59999242	0.00000000	39.94832000	9.05511800
130.79999241	0.00000000	40.73573000	9.43036400
130.99999239	0.00000000	41.52928000	9.47342500
131.19999238	0.00000000	42.69193000	9.47342500
131.39999237	0.00000000	43.80536000	9.43036400
131.59999236	0.00000000	44.18061000	9.05511800
131.79999235	0.00000000	43.85457000	8.31077700
131.99999233	0.00000000	43.06717000	7.89247000
132.19999232	0.00000000	42.31668000	7.47416300
132.39999231	0.00000000	41.48622000	6.77903500
132.59999230	0.00000000	40.77879000	6.77903500
132.79999229	0.00000000	40.36663000	7.51722400
132.99999227	0.00000000	40.73573000	8.26771600
133.19999226	0.00000000	41.11097000	9.09817800
133.39999225	0.00000000	41.52928000	9.79945900
133.59999224	0.00000000	42.27362000	10.25467000
133.79999223	0.00000000	42.64886000	10.21776000
133.99999222	0.00000000	42.69193000	10.25467000
134.19999220	0.00000000	42.64886000	9.79945900
134.39999219	0.00000000	42.27362000	9.05511800
134.59999218	0.00000000	41.52928000	7.89247000
134.79999217	0.00000000	41.20325000	6.77903500
134.99999216	0.00000000	41.52928000	6.35457700
135.19999214	0.00000000	42.27362000	6.35457700
135.39999213	0.00000000	42.64886000	6.72982200
135.59999212	0.00000000	42.69193000	7.47416300
135.79999211	0.00000000	42.69193000	7.89247000
135.99999210	0.00000000	42.64886000	8.35998900
136.19999208	0.00000000	42.27362000	9.42421200
136.39999207	0.00000000	41.52928000	10.16855000
136.59999206	0.00000000	41.15403000	9.84867000
136.79999205	0.00000000	41.11097000	9.51648500
136.99999204	0.00000000	41.11097000	9.47342500
137.19999203	0.00000000	41.15403000	9.43036400
137.39999201	0.00000000	41.52928000	9.05511800
137.59999200	0.00000000	42.27362000	8.31077700
137.79999199	0.00000000	42.69193000	7.89247000
137.99999198	0.00000000	43.06717000	7.47416300
138.19999197	0.00000000	43.43627000	6.77903500
138.39999195	0.00000000	43.02411000	6.72982200
138.59999194	0.00000000	42.31668000	7.09891700
138.79999193	0.00000000	41.52928000	7.10506800
138.99999192	0.00000000	41.11097000	7.56028500
139.19999191	0.00000000	40.73573000	8.26771600
139.39999189	0.00000000	40.36663000	9.09817800
139.59999188	0.00000000	40.73573000	9.79945900
139.79999187	0.00000000	41.11097000	10.21161000
139.99999186	0.00000000	41.52928000	9.84867000
140.19999185	0.00000000	42.27362000	9.47342500
140.39999184	0.00000000	42.64886000	9.05511800
140.59999182	0.00000000	42.69193000	8.26771600
140.79999181	0.00000000	42.69193000	7.51722400
140.99999180	0.00000000	42.64886000	6.72982200
141.19999179	0.00000000	42.27362000	6.35457700
141.39999178	0.00000000	41.52928000	6.35457700
141.59999176	0.00000000	41.15403000	6.77903500
141.79999175	0.00000000	41.11097000	7.89247000
141.99999174	0.00000000	41.15403000	9.05511800
142.19999173	0.00000000	41.52928000	9.84867000
142.39999172	0.00000000	42.27362000	10.62992000
142.59999170	0.00000000	42.64886000	10.95595000
142.79999169	0.00000000	42.69193000	10.62992000
142.99999168	0.00000000	42.64886000	9.84867000
143.19999167	0.00000000	42.27362000	9.05511800
143.39999166	0.00000000	41.52928000	7.89247000
143.59999165	0.00000000	41.15403000	6.77903500
143.79999163	0.00000000	41.11097000	6.35457700
143.99999162	0.00000000	41.11097000	6.35457700
144.19999161	0.00000000	41.15403000	6.77903500
144.39999160	0.00000000	41.52928000	7.89247000
144.59999159	0.00000000	42.27362000	9.00590400
144.79999157	0.00000000	42.64886000	9.43036400
144.99999156	0.00000000	42.69193000	9.47342500
145.19999155	0.00000000	42.64886000	9.47342500
145.39999154	0.00000000	42.27362000	9.47342500
145.59999153	0.00000000	41.52928000	9.43036400
145.79999151	0.00000000	41.15403000	9.05511800
145.99999150	0.00000000	41.11097000	8.31077700
146.19999149	0.00000000	41.11097000	7.93553100
146.39999148	0.00000000	41.11097000	7.89247000
146.59999147	0.00000000	41.15403000	7.89247000
146.79999146	0.00000000	41.52928000	7.89247000
146.99999144	0.00000000	42.27362000	7.89247000
147.19999143	0.00000000	42.59965000	7.93553100
147.39999142	0.00000000	42.31668000	8.31077700
147.59999141	0.00000000	41.94759000	9.05511800
147.79999140	0.00000000	42.27362000	9.43036400
147.99999138	0.00000000	42.22441000	9.43036400
148.19999137	0.00000000	41.52928000	9.05511800
148.39999136	0.00000000	41.15403000	8.35998900
148.59999135	0.00000000	41.11097000	8.35998900
148.79999134	0.00000000	41.11097000	9.00590400
148.99999132	0.00000000	41.15403000	9.00590400
149.19999131	0.00000000	41.52928000	8.31077700
149.39999130	0.00000000	42.27362000	7.93553100
149.59999129	0.00000000	42.64886000	7.89247000
149.79999128	0.00000000	42.69193000	7.89247000
149.99999127	0.00000000	42.69193000	7.89247000
150.19999125	0.00000000	42.64886000	7.89247000
150.39999124	0.00000000	42.27362000	7.89247000
150.59999123	0.00000000	41.52928000	7.93553100
150.79999122	0.00000000	41.15403000	8.31077700
150.99999121	0.00000000	41.11097000	9.05511800
151.19999119	0.00000000	41.11097000	9.43036400
151.39999118	0.00000000	41.11097000	9.47342500
151.59999117	0.00000000	41.11097000	9.43036400
151.79999116	0.00000000	41.15403000	9.05511800
151.99999115	0.00000000	41.52928000	8.31077700
152.19999113	0.00000000	42.27362000	7.93553100
152.39999112	0.00000000	42.64886000	7.89247000
152.59999111	0.00000000	42.69193000	7.89247000
152.79999110	0.00000000	42.69193000	7.89247000
152.99999109	0.00000000	42.69193000	7.89247000
153.19999108	0.00000000	42.64886000	7.89247000
153.39999106	0.00000000	42.27362000	7.93553100
153.59999105	0.00000000	41.52928000	8.31077700
153.79999104	0.00000000	41.15403000	9.05511800
153.99999103	0.00000000	41.11097000	9.43036400
154.19999102	0.00000000	41.11097000	9.47342500
154.39999100	0.00000000	41.11097000	9.43036400
154.59999099	0.00000000	41.11097000	9.05511800
154.79999098	0.00000000	41.11097000	8.31077700
154.99999097	0.00000000	41.11097000	7.93553100
155.19999096	0.00000000	41.15403000	7.89247000
155.39999094	0.00000000	41.52928000	7.89247000
155.59999093	0.00000000	42.27362000	7.89247000
155.79999092	0.00000000	42.64886000	7.89247000
155.99999091	0.00000000	42.64886000	7.89247000
156.19999090	0.00000000	42.27362000	7.89247000
156.39999089	0.00000000	41.52928000	7.93553100
156.59999087	0.00000000	41.15403000	8.31077700
156.79999086	0.00000000	41.06791000	9.05511800
156.99999085	0.00000000	40.73573000	9.43036400
157.19999084	0.00000000	40.36663000	9.47342500
157.39999083	0.00000000	40.73573000	9.47342500
157.59999081	0.00000000	41.06791000	9.47342500
157.79999080	0.00000000	41.11097000	9.43036400
157.99999079	0.00000000	41.11097000	9.05511800
158.19999078	0.00000000	41.11097000	8.26771600
158.39999077	0.00000000	41.15403000	7.56028500
158.59999075	0.00000000	41.52928000	7.10506800
158.79999074	0.00000000	42.22441000	7.14197800
158.99999073	0.00000000	42.22441000	7.10506800
159.19999072	0.00000000	41.52928000	7.51722400
159.39999071	0.00000000	41.15403000	7.89247000
159.59999070	0.00000000	41.11097000	8.31077700
159.79999068	0.00000000	41.11097000	9.05511800
159.99999067	0.00000000	41.11097000	9.43036400
160.19999066	0.00000000	41.11097000	9.47342500
160.39999065	0.00000000	41.11097000	9.47342500
160.59999064	0.00000000	41.11097000	9.43036400
160.79999062	0.00000000	41.11097000	9.05511800
160.99999061	0.00000000	41.11097000	8.31077700
161.19999060	0.00000000	41.11097000	7.93553100
161.39999059	0.00000000	41.11097000	7.84940900
161.59999058	0.00000000	41.11097000	7.47416300
161.79999056	0.00000000	41.11097000	6.77903500
161.99999055	0.00000000	41.11097000	6.77903500
162.19999054	0.00000000	41.15403000	7.51722400
162.39999053	0.00000000	41.48622000	8.22465500
162.59999052	0.00000000	41.85531000	8.67987200
162.79999051	0.00000000	41.48622000	8.64296200
162.99999049	0.00000000	41.15403000	8.72293300
163.19999048	0.00000000	41.11097000	8.68602300
163.39999047	0.00000000	41.06791000	9.09817800
163.59999046	0.00000000	40.69267000	9.38115100
163.79999045	0.00000000	39.99754000	9.05511800
163.99999043	0.00000000	39.99754000	8.31077700
164.19999042	0.00000000	40.69267000	7.93553100
164.39999041	0.00000000	41.06791000	7.89247000
164.59999040	0.00000000	41.11097000	7.89247000
164.79999039	0.00000000	41.11097000	7.89247000
164.99999037	0.00000000	41.15403000	7.89247000
165.19999036	0.00000000	41.52928000	7.89247000
165.39999035	0.00000000	42.22441000	7.89247000
165.59999034	0.00000000	42.22441000	7.89247000
165.79999033	0.00000000	41.52928000	7.89247000
165.99999032	0.00000000	41.11097000	7.89247000
166.19999030	0.00000000	40.69267000	7.89247000
166.39999029	0.00000000	39.99754000	7.93553100
166.59999028	0.00000000	39.99754000	8.26771600
166.79999027	0.00000000	40.64345000	8.63681000
166.99999026	0.00000000	40.69267000	8.26771600
167.19999024	0.00000000	40.36663000	7.93553100
167.39999023	0.00000000	40.73573000	7.89247000
167.59999022	0.00000000	41.06791000	7.89247000
167.79999021	0.00000000	41.11097000	7.89247000
167.99999020	0.00000000	41.15403000	7.89247000
168.19999018	0.00000000	41.48622000	7.89247000
168.39999017	0.00000000	41.85531000	7.89247000
168.59999016	0.00000000	41.48622000	7.89247000
168.79999015	0.00000000	41.15403000	7.89247000
168.99999014	0.00000000	41.11097000	7.89247000
169.19999013	0.00000000	41.11097000	7.89247000
169.39999011	0.00000000	41.11097000	7.89247000
169.59999010	0.00000000	41.11097000	7.89247000
169.79999009	0.00000000	41.11097000	7.89247000
169.99999008	0.00000000	41.11097000	7.89247000
170.19999007	0.00000000	41.11097000	7.89247000
170.39999005	0.00000000	41.11097000	7.89247000
170.59999004	0.00000000	41.11097000	7.89247000
170.79999003	0.00000000	41.11097000	7.89247000
170.99999002	0.00000000	41.11097000	7.89247000
171.19999001	0.00000000	41.11097000	7.89247000
171.39998999	0.00000000	41.11097000	7.89247000
171.59998998	0.00000000	41.11097000	7.89247000
171.79998997	0.00000000	41.11097000	7.89247000
171.99998996	0.00000000	41.11097000	7.89247000
172.19998995	0.00000000	41.11097000	7.89247000
172.39998994	0.00000000	41.11097000	7.89247000
172.59998992	0.00000000	41.11097000	7.89247000
172.79998991	0.00000000	41.11097000	7.89247000
172.99998990	0.00000000	41.11097000	7.89247000
173.19998989	0.00000000	41.11097000	7.89247000
173.39998988	0.00000000	41.11097000	7.89247000
173.59998986	0.00000000	41.11097000	7.89247000
173.79998985	0.00000000	41.11097000	7.89247000
173.99998984	0.00000000	41.11097000	7.89247000
174.19998983	0.00000000	41.11097000	7.89247000
174.39998982	0.00000000	41.11097000	7.89247000
174.59998980	0.00000000	41.11097000	7.89247000
174.79998979	0.00000000	41.11097000	7.89247000
174.99998978	0.00000000	41.11097000	7.89247000
175.19998977	0.00000000	41.11097000	7.89247000
175.39998976	0.00000000	41.11097000	7.89247000
175.59998975	0.00000000	41.11097000	7.89247000
175.79998973	0.00000000	41.11097000	7.89247000
175.99998972	0.00000000	41.11097000	7.89247000
176.19998971	0.00000000	41.11097000	7.89247000
176.39998970	0.00000000	41.11097000	7.89247000
176.59998969	0.00000000	41.11097000	7.89247000
176.79998967	0.00000000	41.11097000	7.89247000
176.99998966	0.00000000	41.11097000	7.89247000
177.19998965	0.00000000	41.11097000	7.89247000
177.39998964	0.00000000	41.11097000	7.89247000
177.59998963	0.00000000	41.11097000	7.89247000
177.79998961	0.00000000	41.06791000	7.89247000
177.99998960	0.00000000	40.73573000	7.89247000
178.19998959	0.00000000	40.36663000	7.89247000
178.39998958	0.00000000	40.73573000	7.89247000
178.59998957	0.00000000	41.06791000	7.89247000
178.79998956	0.00000000	41.11097000	7.89247000
178.99998954	0.00000000	41.11097000	7.89247000
179.19998953	0.00000000	41.11097000	7.89247000
179.39998952	0.00000000	41.11097000	7.89247000
179.59998951	0.00000000	41.11097000	7.89247000
179.79998950	0.00000000	41.11097000	7.89247000
179.99998948	0.00000000	41.11097000	7.89247000
180.19998947	0.00000000	41.11097000	7.89247000
180.39998946	0.00000000	41.11097000	7.84940900
180.59998945	0.00000000	41.11097000	7.51722400
180.79998944	0.00000000	41.11097000	7.14812900
180.99998942	0.00000000	41.11097000	7.51722400
181.19998941	0.00000000	41.06791000	7.84940900
181.39998940	0.00000000	40.73573000	7.89247000
181.59998939	0.00000000	40.36663000	7.93553100
181.79998938	0.00000000	40.73573000	8.26771600
181.99998937	0.00000000	41.06791000	8.63681000
182.19998935	0.00000000	41.11097000	8.26771600
182.39998934	0.00000000	41.11097000	7.93553100
182.59998933	0.00000000	41.11097000	7.89247000
182.79998932	0.00000000	41.11097000	7.89247000
182.99998931	0.00000000	41.11097000	7.89247000
183.19998929	0.00000000	41.11097000	7.84940900
183.39998928	0.00000000	41.11097000	7.51722400
183.59998927	0.00000000	41.11097000	7.14812900
183.79998926	0.00000000	41.11097000	7.51722400
183.99998925	0.00000000	41.11097000	7.84940900
184.19998923	0.00000000	41.06791000	7.89247000
184.39998922	0.00000000	40.69267000	7.93553100
184.59998921	0.00000000	39.99754000	8.31077700
184.79998920	0.00000000	39.99754000	9.05511800
184.99998919	0.00000000	40.69267000	9.43036400
185.19998918	0.00000000	41.06791000	9.47342500
185.39998916	0.00000000	41.11097000	9.43036400
185.59998915	0.00000000	41.11097000	9.05511800
185.79998914	0.00000000	41.11097000	8.31077700
185.99998913	0.00000000	41.11097000	7.89247000
186.19998912	0.00000000	41.11097000	7.47416300
186.39998910	0.00000000	41.11097000	6.72982200
186.59998909	0.00000000	41.11097000	6.35457700
186.79998908	0.00000000	41.11097000	6.35457700
186.99998907	0.00000000	41.06791000	6.72982200
187.19998906	0.00000000	40.69267000	7.47416300
187.39998904	0.00000000	39.94832000	7.84940900
187.59998903	0.00000000	39.57308000	7.89247000
187.79998902	0.00000000	39.53002000	7.89247000
187.99998901	0.00000000	39.53002000	7.89247000
188.19998900	0.00000000	39.57308000	7.89247000
188.39998899	0.00000000	39.94832000	7.89247000
188.59998897	0.00000000	40.69267000	7.84940900
188.79998896	0.00000000	41.06791000	7.47416300
188.99998895	0.00000000	41.11097000	6.72982200
189.19998894	0.00000000	41.11097000	6.35457700
189.39998893	0.00000000	41.06791000	6.35457700
189.59998891	0.00000000	40.73573000	6.72982200
189.79998890	0.00000000	40.32357000	7.47416300
189.99998889	0.00000000	40.36048000	7.84940900
190.19998888	0.00000000	40.28051000	7.89247000
190.39998887	0.00000000	40.31742000	7.89247000
190.59998885	0.00000000	39.90526000	7.89247000
190.79998884	0.00000000	39.57308000	7.93553100
190.99998883	0.00000000	39.57308000	8.26771600
191.19998882	0.00000000	39.94832000	8.63681000
191.39998881	0.00000000	40.69267000	8.26771600
191.59998880	0.00000000	41.06791000	7.93553100
191.79998878	0.00000000	41.11097000	7.89247000
191.99998877	0.00000000	41.11097000	7.89247000
192.19998876	0.00000000	41.11097000	7.89247000
192.39998875	0.00000000	41.11097000	7.89247000
192.59998874	0.00000000	41.06791000	7.89247000
192.79998872	0.00000000	40.69267000	7.89247000
192.99998871	0.00000000	39.94832000	7.89247000
193.19998870	0.00000000	39.57308000	7.89247000
193.39998869	0.00000000	39.53002000	7.89247000
193.59998868	0.00000000	39.57308000	7.89247000
193.79998866	0.00000000	39.90526000	7.89247000
193.99998865	0.00000000	40.27436000	7.89247000
194.19998864	0.00000000	39.94832000	7.89247000
194.39998863	0.00000000	39.99754000	7.89247000
194.59998862	0.00000000	40.69267000	7.89247000
194.79998861	0.00000000	41.06791000	7.89247000
194.99998859	0.00000000	41.06791000	7.89247000
195.19998858	0.00000000	40.73573000	7.89247000
195.39998857	0.00000000	40.32357000	7.89247000
195.59998856	0.00000000	40.31742000	7.89247000
195.79998855	0.00000000	39.90526000	7.89247000
195.99998853	0.00000000	39.57308000	7.89247000
