Time	Channel A	Channel B	Channel C
(us)	(V)	(mV)	(mV)

-4.59999956	0.00000000	-1.53789400	6.31151500
-4.39999957	0.00000000	-1.20570900	6.31151500
-4.19999958	0.00000000	-0.83661410	6.31151500
-3.99999959	0.00000000	-1.20570900	6.31151500
-3.79999960	0.00000000	-1.53789400	6.31151500
-3.59999962	0.00000000	-1.58095500	6.31151500
-3.39999963	0.00000000	-1.58095500	6.31151500
-3.19999964	0.00000000	-1.58095500	6.31151500
-2.99999965	0.00000000	-1.58095500	6.31151500
-2.79999966	0.00000000	-1.58095500	6.31151500
-2.59999968	0.00000000	-1.58095500	6.31151500
-2.39999969	0.00000000	-1.58095500	6.31151500
-2.19999970	0.00000000	-1.58095500	6.31151500
-1.99999971	0.00000000	-1.58095500	6.26845500
-1.79999972	0.00000000	-1.58095500	5.93626900
-1.59999973	0.00000000	-1.58095500	5.57332700
-1.39999975	0.00000000	-1.58095500	5.93626900
-1.19999976	0.00000000	-1.58095500	6.26845500
-0.99999977	0.00000000	-1.58095500	6.31151500
-0.79999978	0.00000000	-1.58095500	6.31151500
-0.59999979	0.00000000	-1.58095500	6.31151500
-0.39999981	0.00000000	-1.58095500	6.31151500
-0.19999982	0.47736220	-1.58095500	6.31151500
0.00000017	0.79601380	-1.58095500	6.31151500
0.20000016	0.95533960	-1.58095500	6.31151500
0.40000015	0.95533960	-1.58095500	6.31151500
0.60000013	0.79601380	-1.58095500	6.26845500
0.80000012	0.00000000	-1.58095500	5.93626900
1.00000011	-0.79601380	-1.58095500	5.57332700
1.20000010	-1.75196900	-1.58095500	5.93626900
1.40000009	-2.54859700	-1.58095500	6.26845500
1.60000008	-2.70792300	-1.58095500	6.31151500
1.80000006	-2.07062000	-1.58095500	6.31151500
2.00000005	-0.79601380	-1.58095500	6.31151500
2.20000004	1.27399100	-1.58095500	6.31151500
2.40000003	3.34522600	-1.58095500	6.31151500
2.60000002	4.93786900	-1.58095500	6.26845500
2.80000000	5.41584600	-1.58095500	5.89320800
2.99999999	4.45989200	-1.58095500	5.15501900
3.19999998	2.07062000	-1.58095500	4.77977300
3.39999997	-1.11466500	-1.58095500	4.73671200
3.59999996	-4.61921700	-1.58095500	4.77977300
3.79999994	-7.00848900	-1.58095500	5.15501900
3.99999993	-7.96444400	-1.58095500	5.89320800
4.19999992	-6.84916400	-1.58095500	6.31151500
4.39999991	-3.82258900	-1.58095500	6.68676100
4.59999990	0.31803640	-1.58095500	7.05585600
4.79999989	4.61921700	-1.58095500	6.68676100
4.99999987	8.12377000	-1.58095500	6.31151500
5.19999986	9.39837600	-1.58095500	5.89320800
5.39999985	8.44242100	-1.58095500	5.15501900
5.59999984	5.41584600	-1.58095500	4.77977300
5.79999983	0.95533960	-1.58095500	4.73671200
5.99999981	-3.82258900	-1.58095500	4.77977300
6.19999980	-7.48646600	-1.58095500	5.15501900
6.39999979	-9.39837600	-1.58095500	5.89320800
6.59999978	-8.76107300	-1.58095500	6.26845500
6.79999977	-6.05315000	-1.53789400	6.31151500
6.99999975	-2.07062000	-1.20570900	6.31151500
7.19999974	2.22994600	-0.83661410	6.31151500
7.39999973	5.73449800	-1.20570900	6.31151500
7.59999972	7.64579200	-1.53789400	6.31151500
7.79999971	7.48646600	-1.58095500	6.26845500
7.99999970	5.41584600	-1.58095500	5.93626900
8.19999968	2.38927200	-1.58095500	5.57332700
8.39999967	-0.95533960	-1.58095500	5.93626900
8.59999966	-3.50393700	-1.58095500	6.26845500
8.79999965	-4.93786900	-1.58095500	6.31151500
8.99999964	-4.93786900	-1.58095500	6.31151500
9.19999962	-3.98191400	-1.58095500	6.31151500
9.39999961	-2.07062000	-1.58095500	6.31151500
9.59999960	-0.15871060	-1.58095500	6.31151500
9.79999959	1.59264300	-1.58095500	6.31151500
9.99999958	2.38927200	-1.58095500	6.31151500
10.19999956	2.54859700	-1.58095500	6.31151500
10.39999955	2.07062000	-1.58095500	6.31151500
10.59999954	1.11466500	-1.58095500	6.31151500
10.79999953	0.31803640	-1.58095500	6.31151500
10.99999952	-0.47736220	-1.58095500	6.31151500
11.19999951	-0.79601380	-1.58095500	6.31151500
11.39999949	-0.95533960	-1.58095500	6.31151500
11.59999948	-0.95533960	-1.58095500	6.31151500
11.79999947	-0.63668800	-1.58095500	6.31151500
11.99999946	-0.31803640	-1.58095500	6.31151500
12.19999945	-0.15871060	-1.58095500	6.31151500
12.39999943	-0.15871060	-1.58095500	6.31151500
12.59999942	0.00000000	-1.58095500	6.31151500
12.79999941	0.00000000	-1.58095500	6.31151500
12.99999940	0.00000000	-1.58095500	6.31151500
13.19999939	0.00000000	-1.58095500	6.31151500
13.39999937	0.00000000	-1.58095500	6.31151500
13.59999936	0.00000000	-1.58095500	6.31151500
13.79999935	0.00000000	-1.58095500	6.31151500
13.99999934	0.00000000	-1.58095500	6.31151500
14.19999933	-0.15871060	-1.58095500	6.31151500
14.39999932	-0.15871060	-1.58095500	6.31151500
14.59999930	0.00000000	-1.58095500	6.31151500
14.79999929	0.00000000	-1.58095500	6.31151500
14.99999928	0.00000000	-1.58095500	6.31151500
15.19999927	0.00000000	-1.58095500	6.31151500
15.39999926	0.00000000	-1.58095500	6.31151500
15.59999924	0.00000000	-1.53789400	6.31151500
15.79999923	0.00000000	-1.20570900	6.31151500
15.99999922	0.00000000	-0.83661410	6.31151500
16.19999921	0.00000000	-1.20570900	6.31151500
16.39999920	-0.15871060	-1.53789400	6.31151500
16.59999919	-0.15871060	-1.53789400	6.31151500
16.79999917	-0.15871060	-1.16264800	6.31151500
16.99999916	0.00000000	-0.41830710	6.31151500
17.19999915	0.00000000	-0.04306102	6.31151500
17.39999914	0.00000000	0.00000000	6.31151500
17.59999913	0.00000000	0.00000000	6.31151500
17.79999911	0.00000000	-0.04306102	6.31151500
17.99999910	0.00000000	-0.41830710	6.31151500
18.19999909	0.00000000	-1.24877000	6.31151500
18.39999908	0.00000000	-2.41756900	6.31151500
18.59999907	0.00000000	-4.32455700	6.31151500
18.79999905	0.00000000	-5.81323800	6.31151500
18.99999904	0.00000000	-6.23154500	6.31151500
19.19999903	0.00000000	-5.81323800	6.31151500
19.39999902	0.00000000	-4.23228400	6.31151500
19.59999901	0.00000000	-1.48868100	6.31151500
19.79999900	0.00000000	1.99926200	6.31151500
19.99999898	0.00000000	5.85629900	6.31151500
20.19999897	0.00000000	8.88902600	6.26845500
20.39999896	0.00000000	10.04552000	5.93626900
20.59999895	0.00000000	8.79675100	5.57332700
20.79999894	0.00000000	4.88435000	5.93626900
20.99999892	0.00000000	-1.71628900	6.26845500
21.19999891	0.00000000	-9.39345400	6.31151500
21.39999890	0.00000000	-16.36934000	6.31151500
21.59999889	0.00000000	-20.93381000	6.31151500
21.79999888	0.00000000	-21.62893000	6.31151500
21.99999886	0.00000000	-17.31053000	6.31151500
22.19999885	0.00000000	-8.37844500	6.31151500
22.39999884	0.00000000	3.62942900	6.31151500
22.59999883	0.00000000	16.32628000	6.26845500
22.79999882	0.00000000	26.28568000	5.93626900
22.99999881	0.00000000	30.51796000	5.57332700
23.19999879	0.00000000	27.77436000	5.98548200
23.39999878	0.00000000	18.38090000	6.68676100
23.59999877	0.00000000	3.26033400	7.47416300
23.79999876	0.00000000	-14.83760000	7.84940900
23.99999875	0.00000000	-31.02854000	7.89247000
24.19999873	0.00000000	-41.40625000	7.84940900
24.39999872	0.00000000	-43.27018000	7.42495000
24.59999871	0.00000000	-35.08243000	6.26845500
24.79999870	0.00000000	-18.47318000	4.73671200
24.99999869	0.00000000	3.16190900	3.15575800
25.19999867	0.00000000	24.79700000	1.62401600
25.39999866	0.00000000	41.36319000	0.51058070
25.59999865	0.00000000	49.03420000	0.55364170
25.79999864	0.00000000	45.13410000	2.08538400
25.99999863	0.00000000	30.47490000	4.82283400
26.19999862	0.00000000	8.42150500	8.35998900
26.39999860	0.00000000	-16.28322000	12.58612000
26.59999859	0.00000000	-37.86909000	16.35089000
26.79999858	0.00000000	-51.03962000	17.88263000
26.99999857	0.00000000	-52.94660000	16.72613000
27.19999856	0.00000000	-43.31324000	13.18898000
27.39999854	0.00000000	-24.00960000	7.33882900
27.59999853	0.00000000	-0.09227362	0.00000000
27.79999852	0.00000000	23.12377000	-7.29576700
27.99999851	0.00000000	40.52657000	-12.68455000
28.19999850	0.00000000	48.25295000	-14.54232000
28.39999848	0.00000000	44.84498000	-12.17397000
28.59999847	0.00000000	31.36073000	-5.11811000
28.79999846	0.00000000	11.67569000	5.66560000
28.99999845	0.00000000	-10.00246000	18.01796000
29.19999844	0.00000000	-28.93701000	28.75861000
29.39999843	0.00000000	-40.98794000	35.30389000
29.59999841	0.00000000	-44.10679000	35.67913000
29.79999840	0.00000000	-38.00443000	29.82899000
29.99999839	0.00000000	-24.52018000	18.53469000
30.19999838	0.00000000	-7.52952700	3.11269700
30.39999837	0.00000000	9.53494100	-12.68455000
30.59999835	0.00000000	23.12377000	-25.04306000
30.79999834	0.00000000	30.93627000	-31.54527000
30.99999833	0.00000000	32.09892000	-29.97047000
31.19999832	0.00000000	26.32874000	-20.30635000
31.39999831	0.00000000	15.16363000	-4.82898600
31.59999829	0.00000000	1.62401600	13.69956000
31.79999828	0.00000000	-11.58341000	31.03469000
31.99999827	0.00000000	-22.00418000	43.02411000
32.19999826	0.00000000	-27.44217000	47.29330000
32.39999825	0.00000000	-26.74705000	43.02411000
32.59999824	0.00000000	-20.97687000	31.03469000
32.79999822	0.00000000	-11.67569000	13.65650000
32.99999821	0.00000000	-0.46751960	-5.25344500
33.19999820	0.00000000	9.95939900	-21.46899000
33.39999819	0.00000000	17.31053000	-31.59449000
33.59999818	0.00000000	20.04798000	-33.87672000
33.79999816	0.00000000	17.77190000	-28.10039000
33.99999815	0.00000000	11.62648000	-14.96678000
34.19999814	0.00000000	3.11884800	1.95004900
34.39999813	0.00000000	-5.72711600	19.04527000
34.59999812	0.00000000	-12.69685000	32.94168000
34.79999810	0.00000000	-16.19094000	41.02485000
34.99999809	0.00000000	-15.81570000	41.06791000
35.19999808	0.00000000	-11.62648000	33.40305000
35.39999807	0.00000000	-5.11811000	20.66929000
35.59999806	0.00000000	1.44562000	5.20423200
35.79999805	0.00000000	6.84055100	-9.43036400
35.99999803	0.00000000	9.53494100	-19.84498000
36.19999802	0.00000000	8.79675100	-23.69586000
36.39999801	0.00000000	5.39493100	-19.88804000
36.59999800	0.00000000	0.37524600	-9.99015700
36.79999799	0.00000000	-4.60752900	2.73745100
36.99999797	0.00000000	-8.46456700	15.05290000
37.19999796	0.00000000	-10.00246000	24.34178000
37.39999795	0.00000000	-8.88902600	28.15576000
37.59999794	0.00000000	-5.81323800	25.92274000
37.79999793	0.00000000	-1.53789400	18.25787000
37.99999791	0.00000000	3.06963600	7.94168200
38.19999790	0.00000000	6.88361200	-2.09153500
38.39999789	0.00000000	8.42150500	-9.30118100
38.59999788	0.00000000	7.35113100	-11.24508000
38.79999787	0.00000000	4.60752900	-7.06815900
38.99999786	0.00000000	0.78740150	0.92888770
39.19999784	0.00000000	-3.48179100	10.54380000
39.39999783	0.00000000	-6.56373000	18.90994000
39.59999782	0.00000000	-8.59990100	23.13607000
39.79999781	0.00000000	-9.30733200	22.02264000
39.99999780	0.00000000	-8.55684000	16.25861000
40.19999778	0.00000000	-6.23154500	7.38188900
40.39999777	0.00000000	-3.16190900	-2.55905500
40.59999776	0.00000000	-0.04306102	-10.59301000
40.79999775	0.00000000	2.74360200	-13.98868000
40.99999774	0.00000000	5.07504900	-11.75566000
41.19999772	0.00000000	6.97588500	-4.42298200
41.39999771	0.00000000	7.30807100	5.53026500
41.59999770	0.00000000	5.81323800	15.93258000
41.79999769	0.00000000	3.11884800	23.55438000
41.99999768	0.00000000	0.00000000	26.29798000
42.19999767	0.00000000	-3.11884800	23.64665000
42.39999765	0.00000000	-5.81323800	16.76919000
42.59999764	0.00000000	-7.39419200	7.89247000
42.79999763	0.00000000	-7.76943800	-0.97810030
42.99999762	0.00000000	-7.01894700	-7.89862200
43.19999761	0.00000000	-5.11811000	-11.01132000
43.39999759	0.00000000	-3.20497000	-9.89788300
43.59999758	0.00000000	-1.58095500	-5.29650500
43.79999757	0.00000000	0.00000000	1.62401600
43.99999756	0.00000000	1.53789400	8.91978400
44.19999755	0.00000000	2.69439000	14.67766000
44.39999753	0.00000000	3.11884800	17.46432000
44.59999752	0.00000000	3.16190900	17.13829000
44.79999751	0.00000000	3.16190900	14.85605000
44.99999750	0.00000000	3.11884800	10.95595000
45.19999749	0.00000000	2.69439000	6.40378900
45.39999748	0.00000000	1.48868100	2.50369100
45.59999746	0.00000000	-0.46751960	0.17839570
45.79999745	0.00000000	-3.20497000	-0.65206690
45.99999744	0.00000000	-6.32381900	0.13533460
46.19999743	0.00000000	-9.39345400	1.99311000
46.39999742	0.00000000	-11.67569000	4.36146600
46.59999740	0.00000000	-12.00172000	6.64370100
46.79999739	0.00000000	-10.04552000	8.63681000
46.99999738	0.00000000	-5.72711600	9.79945900
47.19999737	0.00000000	0.46751960	10.58686000
47.39999736	0.00000000	7.39419200	10.49459000
47.59999734	0.00000000	13.16437000	9.00590400
47.79999733	0.00000000	16.23400000	6.68676100
47.99999732	0.00000000	15.77264000	4.36146600
48.19999731	0.00000000	11.11590000	2.04232300
48.39999730	0.00000000	3.06963600	0.55364170
48.59999729	0.00000000	-5.81323800	0.51058070
48.79999727	0.00000000	-13.58268000	1.66707700
48.99999726	0.00000000	-18.97761000	3.66633800
49.19999725	0.00000000	-20.42323000	6.77903500
49.39999724	0.00000000	-16.97834000	10.53765000
49.59999723	0.00000000	-9.30733200	13.18898000
49.79999721	0.00000000	-0.04306102	13.65650000
49.99999720	0.00000000	8.88902600	12.49385000
50.19999719	0.00000000	15.77264000	10.11934000
50.39999718	0.00000000	18.46703000	6.26845500
50.59999717	0.00000000	16.19094000	2.04232300
50.79999715	0.00000000	10.00246000	-1.39640700
50.99999714	0.00000000	1.16264800	-3.29724400
51.19999713	0.00000000	-8.04626000	-2.51599400
51.39999712	0.00000000	-14.60999000	0.51058070
51.59999711	0.00000000	-17.35359000	4.77977300
51.79999710	0.00000000	-15.81570000	9.38115100
51.99999708	0.00000000	-10.42077000	13.23819000
52.19999707	0.00000000	-2.78666300	15.14518000
52.39999706	0.00000000	4.92741100	14.81299000
52.59999705	0.00000000	10.33464000	12.49385000
52.79999704	0.00000000	12.65379000	9.00590400
52.99999702	0.00000000	11.16511000	4.77977300
53.19999701	0.00000000	6.52066900	0.97194880
53.39999700	0.00000000	0.36909450	-0.97810030
53.59999699	0.00000000	-6.55757800	-1.02116100
53.79999698	0.00000000	-11.44808000	0.55364170
53.99999696	0.00000000	-12.69685000	3.57406500
54.19999695	0.00000000	-10.42077000	7.01279500
54.39999694	0.00000000	-5.81323800	9.29502900
54.59999693	0.00000000	-0.04306102	10.11934000
54.79999692	0.00000000	5.30265700	9.33809000
54.99999691	0.00000000	8.37844500	7.47416300
55.19999689	0.00000000	8.42150500	5.19808000
55.39999688	0.00000000	5.77017700	3.66633800
55.59999687	0.00000000	1.53789400	3.29109200
55.79999686	0.00000000	-3.06963600	4.08464600
55.99999685	0.00000000	-6.93282500	6.36072800
56.19999683	0.00000000	-8.88902600	9.00590400
56.39999682	0.00000000	-8.88902600	10.91289000
56.59999681	0.00000000	-6.93282500	11.65723000
56.79999680	0.00000000	-3.11884800	10.45152000
56.99999679	0.00000000	1.07037400	7.38188900
57.19999677	0.00000000	4.18922200	3.15575800
57.39999676	0.00000000	5.72711600	-1.02116100
57.59999675	0.00000000	5.39493100	-3.67249000
57.79999674	0.00000000	3.49409400	-3.62942900
57.99999673	0.00000000	1.16264800	-0.55979330
58.19999672	0.00000000	-1.58095500	4.77977300
58.39999670	0.00000000	-4.18922200	10.58686000
58.59999669	0.00000000	-5.39493100	15.60654000
58.79999668	0.00000000	-5.02583600	19.04527000
58.99999667	0.00000000	-3.90625000	19.37131000
59.19999666	0.00000000	-1.95620100	16.30167000
59.39999664	0.00000000	-0.09227362	10.49459000
59.59999663	0.00000000	1.11343500	3.19881900
59.79999662	0.00000000	1.48868100	-3.72170300
59.99999661	0.00000000	1.11343500	-8.31692900
60.19999660	0.00000000	-0.04306102	-9.47957600
60.39999658	0.00000000	-1.53789400	-6.74212600
60.59999657	0.00000000	-2.65132900	-0.55979330
60.79999656	0.00000000	-2.69439000	7.89247000
60.99999655	0.00000000	-1.95620100	16.30167000
61.19999654	0.00000000	-1.16264800	22.06570000
61.39999653	0.00000000	0.04306102	23.64665000
61.59999651	0.00000000	1.48868100	20.95226000
61.79999650	0.00000000	2.23302100	14.81299000
61.99999649	0.00000000	1.48868100	6.68676100
62.19999648	0.00000000	0.00000000	-1.39640700
62.39999647	0.00000000	-1.62401600	-7.94783400
62.59999645	0.00000000	-3.53715500	-11.01132000
62.79999644	0.00000000	-5.43799200	-9.89788300
62.99999643	0.00000000	-6.14542300	-5.25344500
63.19999642	0.00000000	-5.39493100	2.04232300
63.39999641	0.00000000	-3.06963600	10.11934000
63.59999639	0.00000000	-0.04306102	16.71998000
63.79999638	0.00000000	2.69439000	20.95226000
63.99999637	0.00000000	4.60752900	21.73966000
64.19999636	0.00000000	5.39493100	18.67618000
64.39999635	0.00000000	4.60752900	13.32431000
64.59999634	0.00000000	2.69439000	6.72982200
64.79999632	0.00000000	-0.04306102	0.59670270
64.99999631	0.00000000	-3.11884800	-3.71555100
65.19999630	0.00000000	-5.77017700	-5.67175200
65.39999629	0.00000000	-6.93282500	-5.33956700
65.59999628	0.00000000	-6.18848400	-3.02042300
65.79999626	0.00000000	-4.27534400	0.46751960
65.99999625	0.00000000	-1.58095500	4.73671200
66.19999624	0.00000000	1.07037400	9.00590400
66.39999623	0.00000000	2.65132900	12.49385000
66.59999622	0.00000000	3.02657500	14.85605000
66.79999620	0.00000000	2.23302100	15.60654000
66.99999619	0.00000000	-0.04306102	14.90526000
67.19999618	0.00000000	-2.65132900	12.95522000
67.39999617	0.00000000	-4.23228400	10.58686000
67.59999616	0.00000000	-4.60752900	7.42495000
67.79999615	0.00000000	-3.81397600	3.62327700
67.99999613	0.00000000	-1.48868100	0.46751960
68.19999612	0.00000000	1.48868100	-1.90698800
68.39999611	0.00000000	3.81397600	-3.80782500
68.59999610	0.00000000	4.56446800	-4.14000900
68.79999609	0.00000000	3.81397600	-2.55905500
68.99999607	0.00000000	1.44562000	0.92888770
69.19999606	0.00000000	-1.99926200	5.93626900
69.39999605	0.00000000	-5.85629900	10.95595000
69.59999604	0.00000000	-8.93208600	15.23130000
69.79999603	0.00000000	-10.42077000	17.88263000
69.99999601	0.00000000	-9.62721400	17.92569000
70.19999600	0.00000000	-6.14542300	15.60654000
70.39999599	0.00000000	-1.16264800	11.70029000
70.59999598	0.00000000	4.27534400	6.31151500
70.79999597	0.00000000	8.83981200	0.92888770
70.99999596	0.00000000	11.20817000	-2.93430100
71.19999594	0.00000000	10.75295000	-4.87819900
71.39999593	0.00000000	7.67101300	-4.09079700
71.59999592	0.00000000	1.86392700	-1.07037400
71.79999591	0.00000000	-4.60752900	3.20497000
71.99999590	0.00000000	-10.09473000	7.80019600
72.19999588	0.00000000	-13.53962000	11.65723000
72.39999587	0.00000000	-14.32702000	13.61343000
72.59999586	0.00000000	-12.00172000	13.69956000
72.79999585	0.00000000	-7.39419200	12.49385000
72.99999584	0.00000000	-1.58095500	10.16855000
73.19999582	0.00000000	4.23228400	6.77903500
73.39999581	0.00000000	8.83981200	4.12770700
73.59999580	0.00000000	11.16511000	3.29109200
73.79999579	0.00000000	10.42077000	3.57406500
73.99999578	0.00000000	7.35113100	4.36146600
74.19999577	0.00000000	2.69439000	5.11195900
74.39999575	0.00000000	-2.69439000	5.89320800
74.59999574	0.00000000	-7.30807100	6.21924200
74.79999573	0.00000000	-10.04552000	5.85014700
74.99999572	0.00000000	-10.42077000	4.68750000
75.19999571	0.00000000	-8.55684000	3.19881900
75.39999569	0.00000000	-5.11811000	2.08538400
75.59999568	0.00000000	-1.62401600	2.12844500
75.79999567	0.00000000	1.48868100	3.70939900
75.99999566	0.00000000	3.81397600	6.77903500
76.19999565	0.00000000	4.60752900	10.58686000
76.39999563	0.00000000	4.27534400	13.65650000
76.59999562	0.00000000	3.06963600	15.18824000
76.79999561	0.00000000	1.20570900	14.76993000
76.99999560	0.00000000	-0.69512790	12.03248000
77.19999559	0.00000000	-1.48868100	7.42495000
77.39999558	0.00000000	-1.58095500	2.04232300
77.59999556	0.00000000	-1.58095500	-2.60211600
77.79999555	0.00000000	-1.58095500	-5.67175200
77.99999554	0.00000000	-1.58095500	-6.40994000
78.19999553	0.00000000	-1.62401600	-4.09079700
78.39999552	0.00000000	-1.99926200	0.51058070
78.59999550	0.00000000	-2.74360200	6.31151500
78.79999549	0.00000000	-3.11884800	12.11860000
78.99999548	0.00000000	-3.06963600	16.72613000
79.19999547	0.00000000	-2.27608300	19.04527000
79.39999546	0.00000000	-0.33218500	18.25787000
79.59999544	0.00000000	1.86392700	14.81299000
79.79999543	0.00000000	3.48179100	9.42421200
79.99999542	0.00000000	3.86934000	3.66633800
80.19999541	0.00000000	3.85703700	-1.02116100
80.39999540	0.00000000	2.60826800	-4.13385800
80.59999539	0.00000000	0.00000000	-5.29650500
80.79999537	0.00000000	-2.69439000	-4.13385800
80.99999536	0.00000000	-4.65059000	-1.11343500
81.19999535	0.00000000	-5.85629900	2.78051200
81.39999534	0.00000000	-6.18848400	6.68676100
81.59999533	0.00000000	-5.39493100	10.58686000
81.79999531	0.00000000	-3.06963600	13.65650000
81.99999530	0.00000000	-0.04306102	15.23130000
82.19999529	0.00000000	2.65132900	15.23130000
82.39999528	0.00000000	4.18922200	13.69956000
82.59999527	0.00000000	4.23228400	11.00517000
82.79999525	0.00000000	3.11884800	7.89247000
82.99999524	0.00000000	1.53789400	4.73671200
83.19999523	0.00000000	-0.37524600	1.62401600
83.39999522	0.00000000	-2.32529500	-1.07037400
83.59999521	0.00000000	-3.44488200	-2.60211600
83.79999520	0.00000000	-3.85703700	-2.60211600
83.99999518	0.00000000	-3.11884800	-1.02116100
84.19999517	0.00000000	-1.99926200	2.04232300
84.39999516	0.00000000	-1.20570900	5.93626900
84.59999515	0.00000000	-0.41830710	9.79945900
84.79999514	0.00000000	-0.04306102	13.32431000
84.99999512	0.00000000	0.00000000	15.60654000
85.19999511	0.00000000	0.00000000	16.34473000
85.39999510	0.00000000	0.00000000	14.76993000
85.59999509	0.00000000	0.04306102	10.95595000
85.79999508	0.00000000	0.41830710	6.31151500
85.99999506	0.00000000	1.16264800	1.66707700
86.19999505	0.00000000	1.53789400	-2.18380900
86.39999504	0.00000000	1.53789400	-4.14000900
86.59999503	0.00000000	1.11343500	-4.14000900
86.79999502	0.00000000	-0.04306102	-2.14074800
86.99999501	0.00000000	-1.58095500	2.08538400
87.19999499	0.00000000	-3.11884800	7.42495000
87.39999498	0.00000000	-4.23228400	12.07554000
87.59999497	0.00000000	-4.23228400	15.14518000
87.79999496	0.00000000	-3.11884800	15.92642000
87.99999495	0.00000000	-1.58095500	14.03174000
88.19999493	0.00000000	0.00000000	10.58686000
88.39999492	0.00000000	1.53789400	6.31151500
88.59999491	0.00000000	2.69439000	2.08538400
88.79999490	0.00000000	3.06963600	-0.97810030
88.99999489	0.00000000	2.69439000	-2.13459600
89.19999487	0.00000000	1.48868100	-0.97810030
89.39999486	0.00000000	-0.41830710	2.08538400
89.59999485	0.00000000	-2.69439000	6.31151500
89.79999484	0.00000000	-4.18922200	10.53765000
89.99999483	0.00000000	-4.27534400	13.60728000
90.19999482	0.00000000	-3.53715500	14.72687000
90.39999480	0.00000000	-2.74360200	13.18898000
90.59999479	0.00000000	-1.53789400	9.43036400
90.79999478	0.00000000	-0.04306102	5.19808000
90.99999477	0.00000000	1.11343500	1.71013800
91.19999476	0.00000000	1.53789400	-0.60285430
91.39999474	0.00000000	1.53789400	-0.97810030
91.59999473	0.00000000	1.16264800	0.55364170
91.79999472	0.00000000	0.41830710	3.66633800
91.99999471	0.00000000	0.04306102	7.89247000
92.19999470	0.00000000	0.00000000	12.07554000
92.39999468	0.00000000	0.00000000	14.72072000
92.59999467	0.00000000	-0.04306102	14.72072000
92.79999466	0.00000000	-0.41830710	12.07554000
92.99999465	0.00000000	-1.20570900	7.84940900
93.19999464	0.00000000	-1.95620100	3.24803100
93.39999463	0.00000000	-2.74360200	-0.60285430
93.59999461	0.00000000	-3.11884800	-2.50984200
93.79999460	0.00000000	-3.06963600	-2.09153500
93.99999459	0.00000000	-2.32529500	0.92888770
94.19999458	0.00000000	-0.75049200	5.51796200
94.39999457	0.00000000	0.79355310	9.75639700
94.59999455	0.00000000	2.74360200	13.23819000
94.79999454	0.00000000	4.23228400	14.67766000
94.99999453	0.00000000	4.65059000	13.23819000
95.19999452	0.00000000	4.23228400	9.79945900
95.39999451	0.00000000	2.65132900	5.93626900
95.59999449	0.00000000	-0.04306102	2.04232300
95.79999448	0.00000000	-3.11884800	-0.93503930
95.99999447	0.00000000	-5.81323800	-1.71628900
96.19999446	0.00000000	-7.35113100	0.13533460
96.39999445	0.00000000	-7.35113100	3.19881900
96.59999444	0.00000000	-5.81323800	6.68676100
96.79999442	0.00000000	-3.06963600	10.11934000
96.99999441	0.00000000	0.37524600	12.03248000
97.19999440	0.00000000	3.90625000	12.07554000
97.39999439	0.00000000	6.56373000	10.53765000
97.59999438	0.00000000	8.13853400	7.89247000
97.79999436	0.00000000	7.67716500	5.19808000
97.99999435	0.00000000	5.39493100	3.24803100
98.19999434	0.00000000	1.53789400	2.08538400
98.39999433	0.00000000	-2.69439000	2.08538400
98.59999432	0.00000000	-6.18848400	3.19881900
98.79999430	0.00000000	-8.51377900	4.73671200
98.99999429	0.00000000	-8.93208600	6.26845500
99.19999428	0.00000000	-7.76943800	7.42495000
99.39999427	0.00000000	-5.43799200	7.84940900
99.59999426	0.00000000	-1.95620100	7.84940900
99.79999425	0.00000000	1.48868100	7.47416300
99.99999423	0.00000000	4.27534400	6.77903500
100.19999422	0.00000000	6.18848400	6.77903500
100.39999421	0.00000000	6.97588500	7.47416300
100.59999420	0.00000000	6.18848400	7.84940900
100.79999419	0.00000000	4.23228400	7.89247000
100.99999417	0.00000000	1.11343500	7.84940900
101.19999416	0.00000000	-2.69439000	7.38188900
101.39999415	0.00000000	-5.77017700	5.89320800
101.59999414	0.00000000	-7.35113100	3.99237200
101.79999413	0.00000000	-7.39419200	2.82357300
101.99999411	0.00000000	-6.23154500	2.04232300
102.19999410	0.00000000	-4.32455700	2.12844500
102.39999409	0.00000000	-1.95620100	3.61712600
102.59999408	0.00000000	0.37524600	5.93626900
102.79999407	0.00000000	2.69439000	8.26771600
102.99999406	0.00000000	4.23228400	10.58686000
103.19999404	0.00000000	4.60752900	12.07554000
103.39999403	0.00000000	3.85703700	12.07554000
103.59999402	0.00000000	1.95620100	10.53765000
103.79999401	0.00000000	0.04306102	7.84940900
103.99999400	0.00000000	-1.58095500	4.77977300
104.19999398	0.00000000	-3.11884800	2.08538400
104.39999397	0.00000000	-4.27534400	0.55364170
104.59999396	0.00000000	-4.65059000	0.51058070
104.79999395	0.00000000	-4.23228400	1.66707700
104.99999394	0.00000000	-2.74360200	3.61712600
105.19999392	0.00000000	-0.83661410	6.36072800
105.39999391	0.00000000	0.33218500	9.33809000
105.59999390	0.00000000	1.16264800	11.23893000
105.79999389	0.00000000	1.48868100	10.91289000
105.99999388	0.00000000	1.11343500	9.42421200
106.19999387	0.00000000	0.00000000	7.47416300
106.39999385	0.00000000	-1.11343500	5.19808000
106.59999384	0.00000000	-1.58095500	3.62327700
106.79999383	0.00000000	-1.95620100	2.82357300
106.99999382	0.00000000	-2.27608300	2.50369100
107.19999381	0.00000000	-1.53789400	3.66633800
107.39999379	0.00000000	-0.41830710	5.85014700
107.59999378	0.00000000	0.37524600	7.42495000
107.79999377	0.00000000	1.16264800	8.22465500
107.99999376	0.00000000	1.48868100	8.63681000
108.19999375	0.00000000	1.11343500	8.22465500
108.39999374	0.00000000	-0.04306102	7.47416300
108.59999372	0.00000000	-1.53789400	6.26845500
108.79999371	0.00000000	-2.69439000	4.77977300
108.99999370	0.00000000	-3.06963600	3.66633800
109.19999369	0.00000000	-2.69439000	3.66633800
109.39999368	0.00000000	-1.53789400	4.77977300
109.59999366	0.00000000	0.00000000	6.31151500
109.79999365	0.00000000	1.53789400	7.89247000
109.99999364	0.00000000	2.69439000	9.38115100
110.19999363	0.00000000	3.06963600	10.11934000
110.39999362	0.00000000	2.69439000	9.38115100
110.59999360	0.00000000	1.53789400	7.89247000
110.79999359	0.00000000	0.00000000	6.31151500
110.99999358	0.00000000	-1.53789400	4.77977300
111.19999357	0.00000000	-2.69439000	3.62327700
111.39999356	0.00000000	-3.11884800	3.19881900
111.59999355	0.00000000	-3.11884800	3.19881900
111.79999353	0.00000000	-2.74360200	3.62327700
111.99999352	0.00000000	-1.91314000	4.73671200
112.19999351	0.00000000	-0.78740150	5.89320800
112.39999350	0.00000000	0.74434050	6.68676100
112.59999349	0.00000000	1.48868100	7.47416300
112.79999347	0.00000000	1.53789400	7.84940900
112.99999346	0.00000000	1.16264800	7.84940900
113.19999345	0.00000000	0.37524600	7.47416300
113.39999344	0.00000000	-0.37524600	6.68676100
113.59999343	0.00000000	-1.16264800	5.93626900
113.79999341	0.00000000	-1.53789400	5.19808000
113.99999340	0.00000000	-1.58095500	5.19808000
114.19999339	0.00000000	-1.58095500	5.89320800
114.39999338	0.00000000	-1.53789400	6.21924200
114.59999337	0.00000000	-1.16264800	5.89320800
114.79999336	0.00000000	-0.41830710	5.15501900
114.99999334	0.00000000	0.00000000	4.77977300
115.19999333	0.00000000	0.37524600	4.73671200
115.39999332	0.00000000	0.74434050	4.73671200
115.59999331	0.00000000	0.37524600	4.77977300
115.79999330	0.00000000	0.04306102	5.15501900
115.99999328	0.00000000	-0.04306102	5.93626900
116.19999327	0.00000000	-0.41830710	6.68676100
116.39999326	0.00000000	-1.16264800	7.47416300
116.59999325	0.00000000	-1.53789400	7.84940900
116.79999324	0.00000000	-1.58095500	7.89247000
116.99999322	0.00000000	-1.53789400	7.84940900
117.19999321	0.00000000	-1.11343500	7.47416300
117.39999320	0.00000000	0.00000000	6.68676100
117.59999319	0.00000000	1.11343500	5.93626900
117.79999318	0.00000000	1.48868100	5.11195900
117.99999317	0.00000000	1.20570900	4.40452700
118.19999315	0.00000000	0.83661410	3.99237200
118.39999314	0.00000000	1.16264800	4.40452700
118.59999313	0.00000000	1.07037400	5.11195900
118.79999312	0.00000000	-0.04306102	5.89320800
118.99999311	0.00000000	-1.53789400	6.31151500
119.19999309	0.00000000	-2.69439000	6.72982200
119.39999308	0.00000000	-3.11884800	7.47416300
119.59999307	0.00000000	-3.11884800	7.84940900
119.79999306	0.00000000	-2.69439000	7.89247000
119.99999305	0.00000000	-1.53789400	7.89247000
120.19999303	0.00000000	0.00000000	7.84940900
120.39999302	0.00000000	1.53789400	7.47416300
120.59999301	0.00000000	2.69439000	6.72982200
120.79999300	0.00000000	3.06963600	6.31151500
120.99999299	0.00000000	2.74360200	5.89320800
121.19999298	0.00000000	1.95620100	5.15501900
121.39999296	0.00000000	1.16264800	4.77977300
121.59999295	0.00000000	-0.04306102	4.73671200
121.79999294	0.00000000	-1.53789400	4.73671200
121.99999293	0.00000000	-2.69439000	4.77977300
122.19999292	0.00000000	-3.11884800	5.19808000
122.39999290	0.00000000	-3.11884800	6.31151500
122.59999289	0.00000000	-2.69439000	7.42495000
122.79999288	0.00000000	-1.58095500	7.84940900
122.99999287	0.00000000	-0.46751960	7.89247000
123.19999286	0.00000000	0.00000000	7.89247000
123.39999284	0.00000000	0.41830710	7.84940900
123.59999283	0.00000000	1.16264800	7.47416300
123.79999282	0.00000000	1.53789400	6.68676100
123.99999281	0.00000000	1.53789400	5.93626900
124.19999280	0.00000000	1.16264800	5.15501900
124.39999279	0.00000000	0.37524600	4.77977300
124.59999277	0.00000000	-0.37524600	4.73671200
124.79999276	0.00000000	-1.20570900	4.77977300
124.99999275	0.00000000	-1.95620100	5.15501900
125.19999274	0.00000000	-2.69439000	5.93626900
125.39999273	0.00000000	-2.69439000	6.68676100
125.59999271	0.00000000	-1.99926200	7.47416300
125.79999270	0.00000000	-1.58095500	7.84940900
125.99999269	0.00000000	-1.11343500	7.89247000
126.19999268	0.00000000	0.00000000	7.84940900
126.39999267	0.00000000	1.11343500	7.47416300
126.59999265	0.00000000	1.53789400	6.72982200
126.79999264	0.00000000	1.53789400	6.35457700
126.99999263	0.00000000	1.16264800	6.26845500
127.19999262	0.00000000	0.37524600	5.93626900
127.39999261	0.00000000	-0.41830710	5.53026500
127.59999260	0.00000000	-1.58095500	5.56717500
127.79999258	0.00000000	-2.69439000	5.53026500
127.99999257	0.00000000	-3.06963600	5.93626900
128.19999256	0.00000000	-2.74360200	6.26845500
128.39999255	0.00000000	-1.95620100	6.31151500
128.59999254	0.00000000	-1.16264800	6.31151500
128.79999252	0.00000000	0.00000000	6.31151500
128.99999251	0.00000000	1.11343500	6.31151500
129.19999250	0.00000000	1.53789400	6.31151500
129.39999249	0.00000000	1.53789400	6.31151500
129.59999248	0.00000000	1.11343500	6.31151500
129.79999246	0.00000000	0.00000000	6.26845500
129.99999245	0.00000000	-1.16264800	5.93626900
130.19999244	0.00000000	-1.95620100	5.57332700
130.39999243	0.00000000	-2.69439000	5.93626900
130.59999242	0.00000000	-2.69439000	6.26845500
130.79999241	0.00000000	-1.95620100	6.35457700
130.99999239	0.00000000	-1.16264800	6.68676100
131.19999238	0.00000000	0.00000000	7.05585600
131.39999237	0.00000000	1.11343500	6.68676100
131.59999236	0.00000000	1.53789400	6.35457700
131.79999235	0.00000000	1.53789400	6.26845500
131.99999233	0.00000000	1.16264800	5.89320800
132.19999232	0.00000000	0.37524600	5.15501900
132.39999231	0.00000000	-0.37524600	4.77977300
132.59999230	0.00000000	-1.16264800	4.73671200
132.79999229	0.00000000	-1.48868100	4.73671200
132.99999227	0.00000000	-1.20570900	4.82898600
133.19999226	0.00000000	-0.79355310	5.57332700
133.39999225	0.00000000	-0.78740150	7.05585600
133.59999224	0.00000000	-0.37524600	7.80019600
133.79999223	0.00000000	-0.04306102	7.89247000
133.99999222	0.00000000	0.00000000	7.84940900
134.19999220	0.00000000	0.00000000	7.42495000
134.39999219	0.00000000	0.00000000	6.31151500
134.59999218	0.00000000	-0.04306102	5.19808000
134.79999217	0.00000000	-0.41830710	4.77977300
134.99999216	0.00000000	-1.16264800	4.73671200
135.19999214	0.00000000	-1.44562000	4.73671200
135.39999213	0.00000000	-0.78740150	4.73671200
135.59999212	0.00000000	0.31988190	4.77977300
135.79999211	0.00000000	0.33218500	5.19808000
135.99999210	0.00000000	0.04306102	6.31151500
136.19999208	0.00000000	-0.04306102	7.42495000
136.39999207	0.00000000	-0.41830710	7.84940900
136.59999206	0.00000000	-1.16264800	7.89247000
136.79999205	0.00000000	-1.53789400	7.84940900
136.99999204	0.00000000	-1.58095500	7.47416300
137.19999203	0.00000000	-1.53789400	6.72982200
137.39999201	0.00000000	-1.16264800	6.31151500
137.59999200	0.00000000	-0.41830710	5.89320800
137.79999199	0.00000000	0.00000000	5.15501900
137.99999198	0.00000000	0.41830710	4.77977300
138.19999197	0.00000000	1.11343500	4.73671200
138.39999195	0.00000000	1.11343500	4.73671200
138.59999194	0.00000000	0.37524600	4.73671200
138.79999193	0.00000000	-0.37524600	4.77977300
138.99999192	0.00000000	-1.16264800	5.19808000
139.19999191	0.00000000	-1.53789400	6.31151500
139.39999189	0.00000000	-1.58095500	7.42495000
139.59999188	0.00000000	-1.53789400	7.84940900
139.79999187	0.00000000	-1.16264800	7.89247000
139.99999186	0.00000000	-0.37524600	7.89247000
140.19999185	0.00000000	0.37524600	7.84940900
140.39999184	0.00000000	1.16264800	7.42495000
140.59999182	0.00000000	1.48868100	6.31151500
140.79999181	0.00000000	1.16264800	5.19808000
140.99999180	0.00000000	0.41830710	4.77977300
141.19999179	0.00000000	0.00000000	4.73671200
141.39999178	0.00000000	-0.41830710	4.73671200
141.59999176	0.00000000	-1.16264800	4.77977300
141.79999175	0.00000000	-1.48868100	5.19808000
141.99999174	0.00000000	-1.16264800	6.31151500
142.19999173	0.00000000	-0.41830710	7.42495000
142.39999172	0.00000000	-0.04306102	7.84940900
142.59999170	0.00000000	0.00000000	7.89247000
142.79999169	0.00000000	0.00000000	7.84940900
142.99999168	0.00000000	0.00000000	7.42495000
143.19999167	0.00000000	0.00000000	6.31151500
143.39999166	0.00000000	0.00000000	5.19808000
143.59999165	0.00000000	-0.04306102	4.77977300
143.79999163	0.00000000	-0.41830710	4.73671200
143.99999162	0.00000000	-1.11343500	4.73671200
144.19999161	0.00000000	-1.11343500	4.77977300
144.39999160	0.00000000	-0.41830710	5.15501900
144.59999159	0.00000000	0.00000000	5.93626900
144.79999157	0.00000000	0.37524600	6.68676100
144.99999156	0.00000000	0.74434050	7.47416300
145.19999155	0.00000000	0.37524600	7.84940900
145.39999154	0.00000000	0.04306102	7.84940900
145.59999153	0.00000000	-0.04306102	7.47416300
145.79999151	0.00000000	-0.41830710	6.72982200
145.99999150	0.00000000	-1.16264800	6.31151500
146.19999149	0.00000000	-1.48868100	5.89320800
146.39999148	0.00000000	-1.16264800	5.15501900
146.59999147	0.00000000	-0.41830710	4.82898600
146.79999146	0.00000000	-0.04306102	5.15501900
146.99999144	0.00000000	0.00000000	5.89320800
147.19999143	0.00000000	0.00000000	6.26845500
147.39999142	0.00000000	0.00000000	6.31151500
147.59999141	0.00000000	0.00000000	6.31151500
147.79999140	0.00000000	-0.04306102	6.31151500
147.99999138	0.00000000	-0.41830710	6.35457700
148.19999137	0.00000000	-1.16264800	6.68676100
148.39999136	0.00000000	-1.53789400	7.05585600
148.59999135	0.00000000	-1.58095500	6.68676100
148.79999134	0.00000000	-1.58095500	6.35457700
148.99999132	0.00000000	-1.53789400	6.31151500
149.19999131	0.00000000	-1.16264800	6.31151500
149.39999130	0.00000000	-0.41830710	6.31151500
149.59999129	0.00000000	-0.04306102	6.31151500
149.79999128	0.00000000	0.04306102	6.31151500
149.99999127	0.00000000	0.37524600	6.31151500
150.19999125	0.00000000	0.74434050	6.31151500
150.39999124	0.00000000	0.37524600	6.31151500
150.59999123	0.00000000	0.04306102	6.31151500
150.79999122	0.00000000	-0.04306102	6.35457700
150.99999121	0.00000000	-0.41830710	6.72982200
151.19999119	0.00000000	-1.16264800	7.42495000
151.39999118	0.00000000	-1.53789400	7.42495000
151.59999117	0.00000000	-1.53789400	6.72982200
151.79999116	0.00000000	-1.16264800	6.31151500
151.99999115	0.00000000	-0.41830710	5.93626900
152.19999113	0.00000000	-0.04306102	5.57332700
152.39999112	0.00000000	0.00000000	5.93626900
152.59999111	0.00000000	0.00000000	6.26845500
152.79999110	0.00000000	0.00000000	6.31151500
152.99999109	0.00000000	0.00000000	6.31151500
153.19999108	0.00000000	0.00000000	6.31151500
153.39999106	0.00000000	0.00000000	6.31151500
153.59999105	0.00000000	0.00000000	6.31151500
153.79999104	0.00000000	-0.04306102	6.31151500
153.99999103	0.00000000	-0.41830710	6.31151500
154.19999102	0.00000000	-1.16264800	6.31151500
154.39999100	0.00000000	-1.53789400	6.31151500
154.59999099	0.00000000	-1.58095500	6.31151500
154.79999098	0.00000000	-1.58095500	6.31151500
154.99999097	0.00000000	-1.53789400	6.31151500
155.19999096	0.00000000	-1.16264800	6.31151500
155.39999094	0.00000000	-0.41830710	6.31151500
155.59999093	0.00000000	-0.04306102	6.31151500
155.79999092	0.00000000	0.00000000	6.31151500
155.99999091	0.00000000	0.00000000	6.31151500
156.19999090	0.00000000	0.00000000	6.31151500
156.39999089	0.00000000	-0.04306102	6.31151500
156.59999087	0.00000000	-0.41830710	6.31151500
156.79999086	0.00000000	-1.16264800	6.35457700
156.99999085	0.00000000	-1.53789400	6.72982200
157.19999084	0.00000000	-1.58095500	7.47416300
157.39999083	0.00000000	-1.53789400	7.80019600
157.59999081	0.00000000	-1.16264800	7.47416300
157.79999080	0.00000000	-0.41830710	6.72982200
157.99999079	0.00000000	-0.04306102	6.35457700
158.19999078	0.00000000	0.00000000	6.26845500
158.39999077	0.00000000	0.00000000	5.89320800
158.59999075	0.00000000	0.04306102	5.15501900
158.79999074	0.00000000	0.37524600	4.82898600
158.99999073	0.00000000	0.74434050	5.15501900
159.19999072	0.00000000	0.37524600	5.93626900
159.39999071	0.00000000	0.04306102	6.68676100
159.59999070	0.00000000	0.00000000	7.47416300
159.79999068	0.00000000	0.00000000	7.84940900
159.99999067	0.00000000	0.00000000	7.89247000
160.19999066	0.00000000	0.00000000	7.89247000
160.39999065	0.00000000	-0.04306102	7.84940900
160.59999064	0.00000000	-0.37524600	7.47416300
160.79999062	0.00000000	-0.74434050	6.68676100
160.99999061	0.00000000	-0.37524600	5.93626900
161.19999060	0.00000000	-0.04306102	5.15501900
161.39999059	0.00000000	0.00000000	4.77977300
161.59999058	0.00000000	0.00000000	4.73671200
161.79999056	0.00000000	0.00000000	4.77977300
161.99999055	0.00000000	0.00000000	5.15501900
162.19999054	0.00000000	0.00000000	5.89320800
162.39999053	0.00000000	0.00000000	6.26845500
162.59999052	0.00000000	0.00000000	6.31151500
162.79999051	0.00000000	0.00000000	6.31151500
162.99999049	0.00000000	0.00000000	6.31151500
163.19999048	0.00000000	0.00000000	6.31151500
163.39999047	0.00000000	-0.04306102	6.31151500
163.59999046	0.00000000	-0.41830710	6.31151500
163.79999045	0.00000000	-1.16264800	6.31151500
163.99999043	0.00000000	-1.53789400	6.31151500
164.19999042	0.00000000	-1.53789400	6.31151500
164.39999041	0.00000000	-1.16264800	6.31151500
164.59999040	0.00000000	-0.41830710	6.26845500
164.79999039	0.00000000	-0.04306102	5.93626900
164.99999037	0.00000000	0.00000000	5.57332700
165.19999036	0.00000000	0.00000000	5.93626900
165.39999035	0.00000000	0.00000000	6.26845500
165.59999034	0.00000000	0.00000000	6.31151500
165.79999033	0.00000000	0.00000000	6.31151500
165.99999032	0.00000000	0.00000000	6.31151500
166.19999030	0.00000000	-0.04306102	6.31151500
166.39999029	0.00000000	-0.41830710	6.31151500
166.59999028	0.00000000	-1.16264800	6.31151500
166.79999027	0.00000000	-1.48868100	6.31151500
166.99999026	0.00000000	-1.20570900	6.31151500
167.19999024	0.00000000	-0.79355310	6.31151500
167.39999023	0.00000000	-0.78740150	6.31151500
167.59999022	0.00000000	-0.37524600	6.31151500
167.79999021	0.00000000	0.00000000	6.31151500
167.99999020	0.00000000	0.37524600	6.31151500
168.19999018	0.00000000	0.74434050	6.31151500
168.39999017	0.00000000	0.37524600	6.31151500
168.59999016	0.00000000	0.04306102	6.31151500
168.79999015	0.00000000	0.00000000	6.31151500
168.99999014	0.00000000	0.00000000	6.31151500
169.19999013	0.00000000	0.00000000	6.31151500
169.39999011	0.00000000	0.00000000	6.31151500
169.59999010	0.00000000	-0.04306102	6.31151500
169.79999009	0.00000000	-0.37524600	6.31151500
169.99999008	0.00000000	-0.74434050	6.31151500
170.19999007	0.00000000	-0.37524600	6.31151500
170.39999005	0.00000000	-0.04306102	6.31151500
170.59999004	0.00000000	0.00000000	6.31151500
170.79999003	0.00000000	0.00000000	6.31151500
170.99999002	0.00000000	0.00000000	6.31151500
171.19999001	0.00000000	0.00000000	6.31151500
171.39998999	0.00000000	0.00000000	6.31151500
171.59998998	0.00000000	0.00000000	6.31151500
171.79998997	0.00000000	0.00000000	6.31151500
171.99998996	0.00000000	0.00000000	6.31151500
172.19998995	0.00000000	0.00000000	6.31151500
172.39998994	0.00000000	-0.04306102	6.31151500
172.59998992	0.00000000	-0.37524600	6.31151500
172.79998991	0.00000000	-0.74434050	6.31151500
172.99998990	0.00000000	-0.37524600	6.31151500
173.19998989	0.00000000	-0.04306102	6.31151500
173.39998988	0.00000000	0.00000000	6.31151500
173.59998986	0.00000000	0.00000000	6.31151500
173.79998985	0.00000000	0.00000000	6.31151500
173.99998984	0.00000000	0.00000000	6.31151500
174.19998983	0.00000000	0.00000000	6.31151500
174.39998982	0.00000000	0.00000000	6.31151500
174.59998980	0.00000000	0.00000000	6.31151500
174.79998979	0.00000000	0.00000000	6.31151500
174.99998978	0.00000000	0.00000000	6.31151500
175.19998977	0.00000000	0.00000000	6.31151500
175.39998976	0.00000000	0.00000000	6.31151500
175.59998975	0.00000000	0.00000000	6.31151500
175.79998973	0.00000000	0.00000000	6.31151500
175.99998972	0.00000000	0.00000000	6.31151500
176.19998971	0.00000000	-0.04306102	6.31151500
176.39998970	0.00000000	-0.37524600	6.31151500
176.59998969	0.00000000	-0.74434050	6.35457700
176.79998967	0.00000000	-0.37524600	6.68676100
176.99998966	0.00000000	-0.04306102	7.05585600
177.19998965	0.00000000	0.00000000	6.68676100
177.39998964	0.00000000	0.00000000	6.35457700
177.59998963	0.00000000	0.00000000	6.31151500
177.79998961	0.00000000	0.00000000	6.31151500
177.99998960	0.00000000	0.00000000	6.31151500
178.19998959	0.00000000	0.00000000	6.31151500
178.39998958	0.00000000	0.00000000	6.31151500
178.59998957	0.00000000	0.00000000	6.31151500
178.79998956	0.00000000	0.00000000	6.31151500
178.99998954	0.00000000	0.00000000	6.31151500
179.19998953	0.00000000	0.00000000	6.31151500
179.39998952	0.00000000	0.00000000	6.31151500
179.59998951	0.00000000	-0.04306102	6.26845500
179.79998950	0.00000000	-0.37524600	5.93626900
179.99998948	0.00000000	-0.74434050	5.57332700
180.19998947	0.00000000	-0.37524600	5.93626900
180.39998946	0.00000000	-0.04306102	6.26845500
180.59998945	0.00000000	0.00000000	6.31151500
180.79998944	0.00000000	0.00000000	6.31151500
180.99998942	0.00000000	0.00000000	6.31151500
181.19998941	0.00000000	0.00000000	6.31151500
181.39998940	0.00000000	0.00000000	6.31151500
181.59998939	0.00000000	0.00000000	6.31151500
181.79998938	0.00000000	0.00000000	6.31151500
181.99998937	0.00000000	0.00000000	6.31151500
182.19998935	0.00000000	0.00000000	6.31151500
182.39998934	0.00000000	0.00000000	6.31151500
182.59998933	0.00000000	0.00000000	6.31151500
182.79998932	0.00000000	0.00000000	6.31151500
182.99998931	0.00000000	0.00000000	6.31151500
183.19998929	0.00000000	0.00000000	6.31151500
183.39998928	0.00000000	0.00000000	6.26845500
183.59998927	0.00000000	0.00000000	5.89320800
183.79998926	0.00000000	0.00000000	5.19808000
183.99998925	0.00000000	0.00000000	5.19808000
184.19998923	0.00000000	0.00000000	5.89320800
184.39998922	0.00000000	0.00000000	6.31151500
184.59998921	0.00000000	0.00000000	6.72982200
184.79998920	0.00000000	0.00000000	7.47416300
184.99998919	0.00000000	0.00000000	7.84940900
185.19998918	0.00000000	0.00000000	7.84940900
185.39998916	0.00000000	0.00000000	7.47416300
185.59998915	0.00000000	0.00000000	6.72982200
185.79998914	0.00000000	0.00000000	6.35457700
185.99998913	0.00000000	0.00000000	6.31151500
186.19998912	0.00000000	0.00000000	6.31151500
186.39998910	0.00000000	0.00000000	6.26845500
186.59998909	0.00000000	0.00000000	5.93626900
186.79998908	0.00000000	0.00000000	5.57332700
186.99998907	0.00000000	0.00000000	5.93626900
187.19998906	0.00000000	0.00000000	6.26845500
187.39998904	0.00000000	0.00000000	6.35457700
187.59998903	0.00000000	0.00000000	6.72982200
187.79998902	0.00000000	0.00000000	7.47416300
187.99998901	0.00000000	0.00000000	7.84940900
188.19998900	0.00000000	0.00000000	7.84940900
188.39998899	0.00000000	0.00000000	7.47416300
188.59998897	0.00000000	0.00000000	6.72982200
188.79998896	0.00000000	0.04306102	6.35457700
188.99998895	0.00000000	0.37524600	6.31151500
189.19998894	0.00000000	0.74434050	6.31151500
189.39998893	0.00000000	0.37524600	6.31151500
189.59998891	0.00000000	0.04306102	6.31151500
189.79998890	0.00000000	0.00000000	6.31151500
189.99998889	0.00000000	0.00000000	6.31151500
190.19998888	0.00000000	0.00000000	6.31151500
190.39998887	0.00000000	0.00000000	6.31151500
190.59998885	0.00000000	0.00000000	6.31151500
190.79998884	0.00000000	0.00000000	6.31151500
190.99998883	0.00000000	0.00000000	6.31151500
191.19998882	0.00000000	0.00000000	6.31151500
191.39998881	0.00000000	0.00000000	6.31151500
191.59998880	0.00000000	0.00000000	6.31151500
191.79998878	0.00000000	0.00000000	6.31151500
191.99998877	0.00000000	0.00000000	6.31151500
192.19998876	0.00000000	0.04306102	6.31151500
192.39998875	0.00000000	0.37524600	6.31151500
192.59998874	0.00000000	0.74434050	6.31151500
192.79998872	0.00000000	0.37524600	6.31151500
192.99998871	0.00000000	0.04306102	6.31151500
193.19998870	0.00000000	0.00000000	6.31151500
193.39998869	0.00000000	0.00000000	6.31151500
193.59998868	0.00000000	0.00000000	6.31151500
193.79998866	0.00000000	0.00000000	6.31151500
193.99998865	0.00000000	0.00000000	6.31151500
194.19998864	0.00000000	0.00000000	6.31151500
194.39998863	0.00000000	0.00000000	6.31151500
194.59998862	0.00000000	0.04306102	6.31151500
194.79998861	0.00000000	0.41830710	6.31151500
194.99998859	0.00000000	1.11343500	6.31151500
195.19998858	0.00000000	1.11343500	6.31151500
195.39998857	0.00000000	0.41830710	6.31151500
195.59998856	0.00000000	0.04306102	6.31151500
195.79998855	0.00000000	0.00000000	6.31151500
195.99998853	0.00000000	0.00000000	6.31151500
