Time	Channel A	Channel B	Channel C
(us)	(V)	(mV)	(mV)

-4.49999956	0.00000000	3.20497000	7.89247000
-4.29999957	0.00000000	3.16190900	7.89247000
-4.09999958	0.00000000	3.16190900	7.89247000
-3.89999959	0.00000000	3.16190900	7.89247000
-3.69999960	0.00000000	3.16190900	7.89247000
-3.49999962	0.00000000	3.16190900	7.89247000
-3.29999963	0.00000000	3.16190900	7.89247000
-3.09999964	0.00000000	3.16190900	7.89247000
-2.89999965	0.00000000	3.16190900	7.89247000
-2.69999966	0.00000000	3.16190900	7.89247000
-2.49999968	0.00000000	3.16190900	7.89247000
-2.29999969	0.00000000	3.16190900	7.89247000
-2.09999970	0.00000000	3.16190900	7.84940900
-1.89999971	0.00000000	3.16190900	7.51722400
-1.69999972	0.00000000	3.16190900	7.14812900
-1.49999973	0.00000000	3.16190900	7.51722400
-1.29999975	0.00000000	3.16190900	7.84940900
-1.09999976	0.00000000	3.16190900	7.89247000
-0.89999977	0.00000000	3.16190900	7.89247000
-0.69999978	0.00000000	3.16190900	7.89247000
-0.49999979	0.00000000	3.16190900	7.89247000
-0.29999981	0.31803640	3.16190900	7.89247000
-0.09999982	0.63668800	3.16190900	7.89247000
0.10000017	0.95533960	3.20497000	7.89247000
0.30000016	0.95533960	3.53715500	7.84940900
0.50000015	0.79601380	3.90625000	7.51722400
0.70000013	0.15871060	3.53715500	7.10506800
0.90000012	-0.63668800	3.20497000	7.14197800
1.10000011	-1.59264300	3.16190900	7.10506800
1.30000010	-2.38927200	3.16190900	7.51722400
1.50000009	-2.70792300	3.20497000	7.84940900
1.70000008	-2.38927200	3.53715500	7.89247000
1.90000006	-1.11466500	3.94931100	7.89247000
2.10000005	0.79601380	3.91240100	7.89247000
2.30000004	2.86724900	3.94931100	7.89247000
2.50000003	4.61921700	3.53715500	7.84940900
2.70000002	5.41584600	3.20497000	7.51722400
2.90000000	4.77854300	3.16190900	7.10506800
3.09999999	2.70792300	3.16190900	7.09891700
3.29999998	-0.47736220	3.16190900	6.72982200
3.49999997	-3.82258900	3.16190900	6.77903500
3.69999996	-6.69045300	3.20497000	7.47416300
3.89999994	-7.96444400	3.58021600	7.84940900
4.09999993	-7.32714100	4.32455700	7.89247000
4.29999992	-4.77854300	4.69980300	7.89247000
4.49999991	-0.63668800	4.74286400	7.89247000
4.69999990	3.82258900	4.69980300	7.89247000
4.89999989	7.48646600	4.32455700	7.89247000
5.09999987	9.39837600	3.58021600	7.84940900
5.29999986	8.92039900	3.20497000	7.47416300
5.49999985	6.21247500	3.16190900	6.72982200
5.69999984	1.91129400	3.16190900	6.35457700
5.89999983	-2.86724900	3.20497000	6.35457700
6.09999981	-7.00848900	3.53715500	6.72982200
6.29999980	-9.23905000	3.94931100	7.47416300
6.49999979	-9.07972400	3.95546200	7.84940900
6.69999978	-6.69045300	4.36761800	7.89247000
6.89999977	-2.86724900	4.65059000	7.89247000
7.09999975	1.43331700	4.32455700	7.89247000
7.29999974	5.25652100	3.62942900	7.89247000
7.49999973	7.32714100	3.58021600	7.89247000
7.69999972	7.64579200	3.90625000	7.89247000
7.89999971	6.05315000	3.53715500	7.84940900
8.09999970	3.18590100	3.20497000	7.51722400
8.29999968	-0.15871060	3.20497000	7.14812900
8.49999967	-3.02657500	3.53715500	7.51722400
8.69999966	-4.77854300	3.94931100	7.84940900
8.89999965	-5.09719500	3.91240100	7.89247000
9.09999964	-4.30056600	3.99237200	7.89247000
9.29999962	-2.54859700	3.91240100	7.89247000
9.49999961	-0.47736220	3.94931100	7.89247000
9.69999960	1.27399100	3.53715500	7.89247000
9.89999959	2.22994600	3.20497000	7.89247000
10.09999958	2.54859700	3.16190900	7.89247000
10.29999956	2.22994600	3.16190900	7.89247000
10.49999955	1.27399100	3.16190900	7.89247000
10.69999954	0.47736220	3.16190900	7.89247000
10.89999953	-0.31803640	3.16190900	7.89247000
11.09999952	-0.79601380	3.16190900	7.89247000
11.29999951	-0.95533960	3.20497000	7.89247000
11.49999949	-0.95533960	3.53715500	7.84940900
11.69999948	-0.63668800	3.90625000	7.51722400
11.89999947	-0.31803640	3.53715500	7.14812900
12.09999946	-0.15871060	3.20497000	7.51722400
12.29999945	-0.15871060	3.20497000	7.84940900
12.49999943	0.00000000	3.53715500	7.89247000
12.69999942	0.00000000	3.94931100	7.89247000
12.89999941	0.00000000	3.91240100	7.84940900
13.09999940	0.15871060	3.94931100	7.51722400
13.29999939	0.00000000	3.53715500	7.14812900
13.49999937	0.00000000	3.25418300	7.51722400
13.69999936	0.00000000	3.53715500	7.84940900
13.89999935	0.00000000	3.90625000	7.89247000
14.09999934	-0.15871060	3.58021600	7.89247000
14.29999933	-0.15871060	3.58021600	7.89247000
14.49999932	-0.15871060	3.90625000	7.89247000
14.69999930	0.00000000	3.53715500	7.89247000
14.89999929	0.00000000	3.20497000	7.89247000
15.09999928	0.00000000	3.16190900	7.89247000
15.29999927	0.00000000	3.16190900	7.89247000
15.49999926	0.00000000	3.16190900	7.89247000
15.69999924	0.00000000	3.16190900	7.89247000
15.89999923	0.00000000	3.16190900	7.89247000
16.09999922	0.00000000	3.16190900	7.89247000
16.29999921	0.00000000	3.20497000	7.89247000
16.49999920	0.00000000	3.58021600	7.89247000
16.69999919	0.00000000	4.32455700	7.89247000
16.89999917	0.00000000	4.69980300	7.89247000
17.09999916	0.00000000	4.78592500	7.89247000
17.29999915	0.00000000	5.16117100	7.89247000
17.49999914	0.00000000	5.85629900	7.89247000
17.69999913	0.00000000	5.85629900	7.89247000
17.89999911	0.00000000	5.11811000	7.89247000
18.09999910	0.00000000	4.32455700	7.89247000
18.29999909	0.00000000	3.11884800	7.89247000
18.49999908	0.00000000	1.58095500	7.89247000
18.69999907	0.00000000	0.04306102	7.89247000
18.89999905	0.00000000	-1.07037400	7.89247000
19.09999904	0.00000000	-1.02731300	7.89247000
19.29999903	0.00000000	0.51058070	7.89247000
19.49999902	0.00000000	3.25418300	7.89247000
19.69999901	0.00000000	6.74212600	7.89247000
19.89999900	0.00000000	10.59916000	7.89247000
20.09999898	0.00000000	13.67495000	7.89247000
20.29999897	0.00000000	15.16363000	7.89247000
20.49999896	0.00000000	14.32702000	7.89247000
20.69999895	0.00000000	10.42077000	7.89247000
20.89999894	0.00000000	4.23228400	7.89247000
21.09999892	0.00000000	-3.16190900	7.89247000
21.29999891	0.00000000	-10.46998000	7.89247000
21.49999890	0.00000000	-15.81570000	7.89247000
21.69999889	0.00000000	-17.26132000	7.89247000
21.89999888	0.00000000	-13.68110000	7.89247000
22.09999886	0.00000000	-4.79207600	7.89247000
22.29999885	0.00000000	7.52952700	7.89247000
22.49999884	0.00000000	19.90650000	7.89247000
22.69999883	0.00000000	29.95817000	7.89247000
22.89999882	0.00000000	35.26698000	7.89247000
23.09999881	0.00000000	33.63681000	7.89247000
23.29999879	0.00000000	24.70472000	7.93553100
23.49999878	0.00000000	9.95939900	8.31077700
23.69999877	0.00000000	-7.76943800	9.05511800
23.89999876	0.00000000	-24.37254000	9.43036400
24.09999875	0.00000000	-35.50689000	9.43036400
24.29999873	0.00000000	-38.52731000	9.05511800
24.49999872	0.00000000	-31.45915000	8.22465500
24.69999871	0.00000000	-15.26206000	7.05585600
24.89999870	0.00000000	6.36687900	5.11195900
25.09999869	0.00000000	28.37721000	3.24803100
25.29999867	0.00000000	45.73080000	2.08538400
25.49999866	0.00000000	54.20152000	2.12844500
25.69999865	0.00000000	51.45792000	3.66633800
25.89999864	0.00000000	37.86909000	6.40378900
26.09999863	0.00000000	15.86491000	9.89173200
26.29999862	0.00000000	-9.54109200	13.74262000
26.49999860	0.00000000	-31.59449000	16.81225000
26.69999859	0.00000000	-45.50935000	18.35015000
26.89999858	0.00000000	-48.61589000	17.88263000
27.09999857	0.00000000	-39.68996000	14.72687000
27.29999856	0.00000000	-21.21063000	8.96284400
27.49999854	0.00000000	2.74360200	1.95004900
27.69999853	0.00000000	26.28568000	-4.97662400
27.89999852	0.00000000	44.10679000	-10.72835000
28.09999851	0.00000000	52.62057000	-12.96752000
28.29999850	0.00000000	49.96924000	-10.96826000
28.49999848	0.00000000	37.26624000	-4.32455700
28.69999847	0.00000000	17.95645000	6.44685000
28.89999846	0.00000000	-3.67864200	18.39321000
29.09999845	0.00000000	-22.65625000	28.84473000
29.29999844	0.00000000	-35.03937000	35.72219000
29.49999843	0.00000000	-38.61343000	36.84178000
29.69999841	0.00000000	-32.84941000	31.40379000
29.89999840	0.00000000	-20.14025000	20.53395000
30.09999839	0.00000000	-3.11884800	5.80708600
30.29999838	0.00000000	14.28396000	-9.94709500
30.49999837	0.00000000	28.24188000	-22.62549000
30.69999835	0.00000000	36.42347000	-28.85088000
30.89999834	0.00000000	37.22318000	-27.65133000
31.09999833	0.00000000	31.12082000	-19.09449000
31.29999832	0.00000000	19.90650000	-4.04773600
31.49999831	0.00000000	6.36687900	13.69956000
31.69999829	0.00000000	-6.79749000	30.33341000
31.89999828	0.00000000	-16.88607000	42.69193000
32.09999827	0.00000000	-21.96112000	47.71161000
32.29999826	0.00000000	-21.58587000	44.59892000
32.49999825	0.00000000	-15.81570000	33.76599000
32.69999824	0.00000000	-6.18848400	17.18750000
32.89999822	0.00000000	4.60752900	-0.97810030
33.09999821	0.00000000	14.32702000	-17.23671000
33.29999820	0.00000000	20.93381000	-28.43258000
33.49999819	0.00000000	23.67741000	-31.87746000
33.69999818	0.00000000	22.09646000	-26.90084000
33.89999816	0.00000000	16.36934000	-14.59153000
34.09999815	0.00000000	8.28001900	1.62401600
34.29999814	0.00000000	0.17839570	18.30093000
34.49999813	0.00000000	-6.42224400	32.60949000
34.69999812	0.00000000	-9.86712600	41.44316000
34.89999810	0.00000000	-9.53494100	42.64886000
35.09999809	0.00000000	-5.72711600	36.09744000
35.29999808	0.00000000	0.04306102	23.78199000
35.49999807	0.00000000	6.18848400	8.31077700
35.69999806	0.00000000	11.25123000	-6.64985200
35.89999805	0.00000000	13.95792000	-17.47047000
36.09999803	0.00000000	14.32702000	-21.37672000
36.29999802	0.00000000	11.62648000	-18.39936000
36.49999801	0.00000000	6.65600300	-9.89788300
36.69999800	0.00000000	1.29798200	2.04232300
36.89999799	0.00000000	-3.34645700	14.72072000
37.09999797	0.00000000	-5.63484200	24.71087000
37.29999796	0.00000000	-5.30265700	29.36146000
37.49999795	0.00000000	-2.56520700	27.87278000
37.69999794	0.00000000	2.04847400	20.99532000
37.89999793	0.00000000	7.39419200	11.00517000
38.09999791	0.00000000	11.62648000	0.68897630
38.29999790	0.00000000	13.58268000	-6.96973400
38.49999789	0.00000000	13.25664000	-9.30118100
38.69999788	0.00000000	10.93135000	-6.27460600
38.89999787	0.00000000	7.43725300	1.01501000
39.09999786	0.00000000	3.16190900	10.58686000
39.29999784	0.00000000	-1.07037400	19.32825000
39.49999783	0.00000000	-4.18922200	24.34178000
39.69999782	0.00000000	-5.72711600	23.97884000
39.89999781	0.00000000	-5.35187000	19.00221000
40.09999780	0.00000000	-3.02657500	10.49459000
40.29999778	0.00000000	0.46751960	0.55364170
40.49999777	0.00000000	4.74286400	-7.81250000
40.69999776	0.00000000	8.97514600	-11.66339000
40.89999775	0.00000000	12.09400000	-9.80561000
41.09999774	0.00000000	13.67495000	-3.67249000
41.29999772	0.00000000	13.67495000	5.24729300
41.49999771	0.00000000	12.09400000	15.18824000
41.69999770	0.00000000	8.97514600	23.22835000
41.89999769	0.00000000	4.74286400	26.71629000
42.09999768	0.00000000	0.55364170	25.22145000
42.29999767	0.00000000	-2.23302100	19.46358000
42.49999765	0.00000000	-3.44488200	11.00517000
42.69999764	0.00000000	-3.81397600	2.17765700
42.89999763	0.00000000	-2.60826800	-4.74286400
43.09999762	0.00000000	0.00000000	-7.89862200
43.29999761	0.00000000	2.74360200	-7.16043300
43.49999759	0.00000000	5.07504900	-3.34645700
43.69999758	0.00000000	7.01894700	2.82972400
43.89999757	0.00000000	7.81250000	9.33809000
44.09999756	0.00000000	7.86171200	14.76993000
44.29999755	0.00000000	7.52952700	17.88263000
44.49999753	0.00000000	7.16043300	18.30093000
44.69999752	0.00000000	7.52952700	16.39395000
44.89999751	0.00000000	7.86171200	12.58612000
45.09999750	0.00000000	7.81250000	8.35998900
45.29999749	0.00000000	7.01894700	4.82283400
45.49999748	0.00000000	5.07504900	2.12844500
45.69999746	0.00000000	2.74360200	0.97194880
45.89999745	0.00000000	-0.04306102	1.71013800
46.09999744	0.00000000	-3.06963600	3.57406500
46.29999743	0.00000000	-5.35187000	5.93626900
46.49999742	0.00000000	-5.72711600	8.26771600
46.69999740	0.00000000	-4.14616100	10.58686000
46.89999739	0.00000000	-0.60900590	12.07554000
47.09999738	0.00000000	4.87819900	12.11860000
47.29999737	0.00000000	11.39887000	11.00517000
47.49999736	0.00000000	17.48893000	9.42421200
47.69999734	0.00000000	20.55856000	7.47416300
47.89999733	0.00000000	19.77116000	5.15501900
48.09999732	0.00000000	15.53273000	3.24803100
48.29999731	0.00000000	8.14468500	2.08538400
48.49999730	0.00000000	-0.33218500	2.12844500
48.69999729	0.00000000	-8.46456700	3.66633800
48.89999727	0.00000000	-14.14862000	6.36072800
49.09999726	0.00000000	-15.30512000	9.42421200
49.29999725	0.00000000	-11.49114000	12.16781000
49.49999724	0.00000000	-4.14616100	14.07480000
49.69999723	0.00000000	5.16117100	14.81299000
49.89999721	0.00000000	14.74532000	13.60728000
50.09999720	0.00000000	21.67815000	10.58686000
50.29999719	0.00000000	24.00344000	6.72982200
50.49999718	0.00000000	21.72121000	3.24803100
50.69999717	0.00000000	15.12057000	0.51058070
50.89999715	0.00000000	5.90551100	-0.97810030
51.09999714	0.00000000	-3.67864200	-0.55979330
51.29999713	0.00000000	-10.61147000	2.12844500
51.49999712	0.00000000	-12.98597000	6.35457700
51.69999711	0.00000000	-11.07283000	10.95595000
51.89999710	0.00000000	-5.30265700	14.81299000
52.09999708	0.00000000	2.74360200	16.76919000
52.29999707	0.00000000	10.46998000	16.76919000
52.49999706	0.00000000	16.23400000	14.81299000
52.69999705	0.00000000	18.55930000	10.95595000
52.89999704	0.00000000	16.65846000	6.40378900
53.09999702	0.00000000	11.67569000	2.54675200
53.29999701	0.00000000	4.74286400	0.59670270
53.49999700	0.00000000	-2.14074800	0.55364170
53.69999699	0.00000000	-6.74827700	2.08538400
53.89999698	0.00000000	-7.91092400	4.77977300
54.09999696	0.00000000	-5.25959600	7.84940900
54.29999695	0.00000000	0.04306102	10.53765000
54.49999694	0.00000000	5.85629900	12.07554000
54.69999693	0.00000000	10.88829000	12.07554000
54.89999692	0.00000000	14.32702000	10.58686000
55.09999691	0.00000000	14.70226000	8.31077700
55.29999689	0.00000000	12.05093000	6.40378900
55.49999688	0.00000000	7.43725300	5.24729300
55.69999687	0.00000000	2.09153500	5.29035400
55.89999686	0.00000000	-2.14074800	6.77903500
56.09999685	0.00000000	-4.09694900	9.05511800
56.29999683	0.00000000	-3.77091500	10.91289000
56.49999682	0.00000000	-1.44562000	11.70029000
56.69999681	0.00000000	1.99926200	10.86983000
56.89999680	0.00000000	5.90551100	8.58759800
57.09999679	0.00000000	9.30733200	5.11195900
57.29999677	0.00000000	11.25123000	1.71013800
57.49999676	0.00000000	10.88829000	-0.55979330
57.69999675	0.00000000	9.01820900	-0.51673230
57.89999674	0.00000000	6.28075700	2.12844500
58.09999673	0.00000000	3.20497000	6.40378900
58.29999672	0.00000000	0.55364170	11.42347000
58.49999670	0.00000000	-0.60900590	16.39395000
58.69999669	0.00000000	0.09227362	19.42052000
58.89999668	0.00000000	1.58095500	19.42052000
59.09999667	0.00000000	3.16190900	16.35089000
59.29999666	0.00000000	4.74286400	10.91289000
59.49999664	0.00000000	6.28075700	4.36146600
59.69999663	0.00000000	7.35113100	-2.14074800
59.89999662	0.00000000	7.01894700	-6.32381900
60.09999661	0.00000000	5.53641700	-6.74212600
60.29999660	0.00000000	4.41067900	-3.67249000
60.49999658	0.00000000	3.58021600	2.12844500
60.69999657	0.00000000	3.20497000	9.47342500
60.89999656	0.00000000	3.20497000	16.76919000
61.09999655	0.00000000	3.62942900	22.15797000
61.29999654	0.00000000	4.74286400	24.02190000
61.49999653	0.00000000	5.85629900	21.73966000
61.69999651	0.00000000	6.23154500	15.56348000
61.89999650	0.00000000	5.85629900	7.51722400
62.09999649	0.00000000	4.69980300	-0.60285430
62.29999648	0.00000000	3.16190900	-6.74212600
62.49999647	0.00000000	1.62401600	-9.47957600
62.69999645	0.00000000	0.46751960	-8.31692900
62.89999644	0.00000000	0.09227362	-3.67249000
63.09999643	0.00000000	0.51058070	3.62327700
63.29999642	0.00000000	2.09153500	11.70029000
63.49999641	0.00000000	4.69980300	18.25787000
63.69999639	0.00000000	7.01894700	22.15797000
63.89999638	0.00000000	8.18774500	22.53322000
64.09999637	0.00000000	8.59990100	19.50664000
64.29999636	0.00000000	7.81250000	14.11786000
64.49999635	0.00000000	6.28075700	7.93553100
64.69999634	0.00000000	4.32455700	2.08538400
64.89999632	0.00000000	2.04847400	-2.55905500
65.09999631	0.00000000	0.51058070	-5.24729300
65.29999630	0.00000000	0.09227362	-5.24729300
65.49999629	0.00000000	0.51058070	-2.55905500
65.69999628	0.00000000	2.04847400	2.04232300
65.89999626	0.00000000	4.32455700	7.42495000
66.09999625	0.00000000	6.23154500	12.07554000
66.29999624	0.00000000	7.39419200	15.23130000
66.49999623	0.00000000	7.39419200	16.81225000
66.69999622	0.00000000	6.28075700	16.85531000
66.89999620	0.00000000	4.74286400	15.69882000
67.09999619	0.00000000	3.20497000	13.74262000
67.29999618	0.00000000	2.09153500	11.00517000
67.49999617	0.00000000	2.09153500	7.89247000
67.69999616	0.00000000	3.25418300	4.77977300
67.89999615	0.00000000	5.16117100	2.04232300
68.09999613	0.00000000	7.43725300	0.09227362
68.29999612	0.00000000	8.97514600	-1.06422200
68.49999611	0.00000000	9.35039300	-1.02116100
68.69999610	0.00000000	8.55684000	0.55364170
68.89999609	0.00000000	6.18848400	3.66633800
69.09999607	0.00000000	2.74360200	7.93553100
69.29999606	0.00000000	-1.07037400	12.53691000
69.49999605	0.00000000	-3.77091500	16.39395000
69.69999604	0.00000000	-4.51525500	18.35015000
69.89999603	0.00000000	-3.34645700	18.35015000
70.09999601	0.00000000	0.13533460	16.39395000
70.29999600	0.00000000	4.74286400	12.49385000
70.49999599	0.00000000	9.39345400	7.51722400
70.69999598	0.00000000	13.25664000	2.46063000
70.89999597	0.00000000	15.16363000	-1.35334600
71.09999596	0.00000000	14.74532000	-3.34030500
71.29999594	0.00000000	11.62648000	-2.93430100
71.49999593	0.00000000	6.28075700	-0.60285430
71.69999592	0.00000000	0.51058070	3.66633800
71.89999591	0.00000000	-4.18922200	8.96284400
72.09999590	0.00000000	-7.25885800	13.23819000
72.29999588	0.00000000	-8.00319800	15.60654000
72.49999587	0.00000000	-5.72711600	16.39395000
72.69999586	0.00000000	-1.48868100	15.23130000
72.89999585	0.00000000	3.58021600	12.58612000
73.09999584	0.00000000	8.97514600	9.51648500
73.29999582	0.00000000	13.20743000	6.77903500
73.49999581	0.00000000	15.16363000	4.87204700
73.69999580	0.00000000	14.78838000	4.08464600
73.89999579	0.00000000	12.09400000	4.82283400
74.09999578	0.00000000	7.86171200	6.26845500
74.29999577	0.00000000	3.20497000	7.42495000
74.49999575	0.00000000	-1.02731300	7.80019600
74.69999574	0.00000000	-3.72170300	7.42495000
74.89999573	0.00000000	-4.14616100	6.31151500
75.09999572	0.00000000	-2.65132900	5.15501900
75.29999571	0.00000000	0.04306102	4.40452700
75.49999569	0.00000000	3.11884800	4.08464600
75.69999568	0.00000000	5.85629900	5.29035400
75.89999567	0.00000000	7.76943800	7.93553100
76.09999566	0.00000000	8.59990100	11.00517000
76.29999565	0.00000000	8.23695900	13.69956000
76.49999563	0.00000000	7.48646600	15.23130000
76.69999562	0.00000000	6.32381900	15.18824000
76.89999561	0.00000000	5.21038300	13.18898000
77.09999560	0.00000000	4.78592500	8.96284400
77.29999559	0.00000000	4.74286400	3.66633800
77.49999558	0.00000000	4.74286400	-0.60285430
77.69999556	0.00000000	4.69980300	-2.97736200
77.89999555	0.00000000	4.32455700	-3.71555100
78.09999554	0.00000000	3.53715500	-2.09768700
78.29999553	0.00000000	2.78666300	2.12844500
78.49999552	0.00000000	1.99926200	7.89247000
78.69999550	0.00000000	1.67322800	13.65650000
78.89999549	0.00000000	2.04847400	17.93184000
79.09999548	0.00000000	3.20497000	19.88189000
79.29999547	0.00000000	4.78592500	19.46358000
79.49999546	0.00000000	6.69906400	16.39395000
79.69999544	0.00000000	8.59990100	11.38041000
79.89999543	0.00000000	9.35039300	5.98548200
80.09999542	0.00000000	8.97514600	0.92888770
80.29999541	0.00000000	7.43725300	-2.51599400
80.49999540	0.00000000	5.11811000	-3.71555100
80.69999539	0.00000000	2.78666300	-2.55905500
80.89999537	0.00000000	0.46751960	0.51058070
81.09999536	0.00000000	-1.02731300	4.73671200
81.29999535	0.00000000	-1.02731300	9.00590400
81.49999534	0.00000000	0.46751960	12.53691000
81.69999533	0.00000000	2.78666300	15.27436000
81.89999531	0.00000000	5.11811000	16.81225000
82.09999530	0.00000000	7.43725300	16.81225000
82.29999529	0.00000000	8.97514600	15.27436000
82.49999528	0.00000000	9.35039300	12.58612000
82.69999527	0.00000000	8.59990100	9.42421200
82.89999525	0.00000000	6.69906400	5.93626900
83.09999524	0.00000000	4.78592500	2.46063000
83.29999523	0.00000000	3.20497000	0.13533460
83.49999522	0.00000000	2.04847400	-1.06422200
83.69999521	0.00000000	1.62401600	-1.02116100
83.89999520	0.00000000	1.62401600	0.55364170
84.09999518	0.00000000	2.04847400	3.66633800
84.29999517	0.00000000	3.16190900	7.89247000
84.49999516	0.00000000	4.27534400	12.11860000
84.69999515	0.00000000	4.69980300	15.27436000
84.89999514	0.00000000	4.74286400	17.18750000
85.09999512	0.00000000	4.74286400	17.55044000
85.29999511	0.00000000	4.78592500	15.60654000
85.49999510	0.00000000	5.16117100	12.11860000
85.69999509	0.00000000	5.90551100	7.47416300
85.89999508	0.00000000	6.28075700	2.50369100
86.09999506	0.00000000	6.28075700	-0.97810030
86.29999505	0.00000000	5.85629900	-2.55905500
86.49999504	0.00000000	4.74286400	-2.14074800
86.69999503	0.00000000	3.58021600	0.55364170
86.89999502	0.00000000	2.74360200	4.82898600
87.09999501	0.00000000	1.62401600	9.79945900
87.29999499	0.00000000	0.88582670	14.43775000
87.49999498	0.00000000	1.29798200	17.09523000
87.69999497	0.00000000	2.41756900	17.55044000
87.89999496	0.00000000	4.36761800	15.60654000
88.09999495	0.00000000	6.23154500	12.11860000
88.29999493	0.00000000	7.43725300	7.47416300
88.49999492	0.00000000	7.86171200	2.50369100
88.69999491	0.00000000	7.81250000	-0.93503930
88.89999490	0.00000000	7.01894700	-2.09153500
89.09999489	0.00000000	5.11811000	-0.55979330
89.29999487	0.00000000	3.25418300	3.24803100
89.49999486	0.00000000	2.04847400	7.89247000
89.69999485	0.00000000	1.62401600	12.49385000
89.89999484	0.00000000	1.62401600	15.97564000
90.09999483	0.00000000	2.04847400	17.09523000
90.29999482	0.00000000	3.20497000	15.97564000
90.49999480	0.00000000	4.69980300	12.45079000
90.69999479	0.00000000	5.85629900	7.51722400
90.89999478	0.00000000	6.28075700	2.50369100
91.09999477	0.00000000	6.32381900	-0.89197830
91.29999476	0.00000000	6.28075700	-1.71628900
91.49999474	0.00000000	5.90551100	0.22760820
91.69999473	0.00000000	5.16117100	4.04158400
91.89999472	0.00000000	4.78592500	9.05511800
92.09999471	0.00000000	4.74286400	13.61343000
92.29999470	0.00000000	4.74286400	16.35089000
92.49999468	0.00000000	4.74286400	16.71998000
92.69999467	0.00000000	4.69980300	14.76993000
92.89999466	0.00000000	4.32455700	10.58686000
93.09999465	0.00000000	3.53715500	5.61638700
93.29999464	0.00000000	2.78666300	1.75935000
93.49999463	0.00000000	1.99926200	-0.60285430
93.69999461	0.00000000	1.67322800	-0.93503930
93.89999460	0.00000000	2.09153500	1.02116100
94.09999459	0.00000000	3.67249000	5.19808000
94.29999458	0.00000000	6.28075700	10.11934000
94.49999457	0.00000000	8.55684000	13.60728000
94.69999455	0.00000000	9.39345400	15.18824000
94.89999454	0.00000000	9.44266700	14.76993000
95.09999453	0.00000000	8.97514600	12.11860000
95.29999452	0.00000000	7.39419200	8.31077700
95.49999451	0.00000000	4.69980300	4.82283400
95.69999449	0.00000000	1.62401600	2.12844500
95.89999448	0.00000000	-1.07037400	1.01501000
96.09999447	0.00000000	-2.60826800	2.12844500
96.29999446	0.00000000	-2.60826800	4.77977300
96.49999445	0.00000000	-1.07037400	7.89247000
96.69999444	0.00000000	1.67322800	10.91289000
96.89999442	0.00000000	5.16117100	12.86294000
97.09999441	0.00000000	8.97514600	12.86909000
97.29999440	0.00000000	11.67569000	11.79257000
97.49999439	0.00000000	12.51230000	9.79945900
97.69999438	0.00000000	12.09400000	7.51722400
97.89999436	0.00000000	10.13779000	5.19808000
98.09999435	0.00000000	6.65600300	3.70939900
98.29999434	0.00000000	2.82972400	3.66633800
98.49999433	0.00000000	-0.69512790	4.77977300
98.69999432	0.00000000	-2.98351400	6.31151500
98.89999430	0.00000000	-3.77091500	7.84940900
99.09999429	0.00000000	-2.60826800	9.00590400
99.29999428	0.00000000	0.09227362	9.43036400
99.49999427	0.00000000	3.58021600	9.47342500
99.69999426	0.00000000	7.43725300	9.47342500
99.89999425	0.00000000	10.51304000	9.47342500
100.09999423	0.00000000	12.09400000	9.47342500
100.29999422	0.00000000	12.13706000	9.47342500
100.49999421	0.00000000	10.97441000	9.47342500
100.69999420	0.00000000	9.01820900	9.43036400
100.89999419	0.00000000	6.28075700	9.00590400
101.09999417	0.00000000	3.20497000	7.84940900
101.29999416	0.00000000	0.46751960	6.31151500
101.49999415	0.00000000	-1.44562000	4.77977300
101.69999414	0.00000000	-2.23302100	3.62327700
101.89999413	0.00000000	-1.44562000	3.24803100
102.09999411	0.00000000	0.46751960	3.66633800
102.29999410	0.00000000	3.16190900	5.24729300
102.49999409	0.00000000	5.85629900	7.89247000
102.69999408	0.00000000	7.81250000	10.58686000
102.89999407	0.00000000	9.01820900	12.53691000
103.09999406	0.00000000	9.39345400	13.69956000
103.29999404	0.00000000	8.97514600	13.65650000
103.49999403	0.00000000	7.43725300	12.07554000
103.69999402	0.00000000	5.16117100	9.05511800
103.89999401	0.00000000	3.20497000	5.61638700
104.09999400	0.00000000	1.62401600	3.29109200
104.29999398	0.00000000	0.51058070	2.08538400
104.49999397	0.00000000	0.51058070	2.12844500
104.69999396	0.00000000	1.62401600	3.61712600
104.89999395	0.00000000	3.16190900	5.98548200
105.09999394	0.00000000	4.69980300	8.64296200
105.29999392	0.00000000	5.90551100	11.32505000
105.49999391	0.00000000	6.65600300	12.45079000
105.69999390	0.00000000	7.06815900	12.16166000
105.89999389	0.00000000	6.65600300	10.96211000
106.09999388	0.00000000	5.90551100	9.05511800
106.29999387	0.00000000	4.74286400	6.72982200
106.49999385	0.00000000	3.62942900	4.82283400
106.69999384	0.00000000	3.20497000	3.66633800
106.89999383	0.00000000	3.20497000	3.70939900
107.09999382	0.00000000	3.62942900	5.19808000
107.29999381	0.00000000	4.74286400	7.47416300
107.49999379	0.00000000	5.85629900	9.38115100
107.69999378	0.00000000	6.28075700	10.53765000
107.89999377	0.00000000	6.28075700	10.53765000
108.09999376	0.00000000	5.85629900	9.42421200
108.29999375	0.00000000	4.69980300	7.89247000
108.49999374	0.00000000	3.20497000	6.31151500
108.69999372	0.00000000	2.09153500	4.82283400
108.89999371	0.00000000	2.04847400	4.04158400
109.09999370	0.00000000	2.78666300	4.45374000
109.29999369	0.00000000	3.53715500	5.57332700
109.49999368	0.00000000	4.36761800	7.51722400
109.69999366	0.00000000	5.16117100	9.38115100
109.89999365	0.00000000	6.28075700	10.58686000
110.09999364	0.00000000	7.01894700	11.00517000
110.29999363	0.00000000	6.60679100	11.00517000
110.49999362	0.00000000	5.57332700	10.58686000
110.69999360	0.00000000	4.37376900	9.38115100
110.89999359	0.00000000	3.99237200	7.51722400
111.09999358	0.00000000	3.49409400	5.61638700
111.29999357	0.00000000	2.82972400	4.82898600
111.49999356	0.00000000	2.46678100	4.77977300
111.69999355	0.00000000	3.20497000	5.19808000
111.89999353	0.00000000	4.27534400	6.31151500
112.09999352	0.00000000	4.74286400	7.47416300
112.29999351	0.00000000	5.16117100	8.26771600
112.49999350	0.00000000	5.90551100	9.05511800
112.69999349	0.00000000	6.23154500	9.43036400
112.89999347	0.00000000	5.90551100	9.47342500
113.09999346	0.00000000	5.16117100	9.43036400
113.29999345	0.00000000	4.78592500	9.00590400
113.49999344	0.00000000	4.74286400	7.93553100
113.69999343	0.00000000	4.74286400	7.14812900
113.89999341	0.00000000	4.74286400	7.14197800
114.09999340	0.00000000	4.74286400	7.06200700
114.29999339	0.00000000	4.74286400	7.09891700
114.49999338	0.00000000	4.74286400	6.68676100
114.69999337	0.00000000	4.74286400	6.35457700
114.89999336	0.00000000	4.74286400	6.31151500
115.09999334	0.00000000	4.74286400	6.31151500
115.29999333	0.00000000	4.74286400	6.31151500
115.49999332	0.00000000	4.74286400	6.35457700
115.69999331	0.00000000	4.74286400	6.72982200
115.89999330	0.00000000	4.74286400	7.51722400
116.09999328	0.00000000	4.69980300	8.26771600
116.29999327	0.00000000	4.36761800	9.09817800
116.49999326	0.00000000	3.95546200	9.79945900
116.69999325	0.00000000	3.99237200	10.21161000
116.89999324	0.00000000	3.95546200	9.79945900
117.09999322	0.00000000	4.36761800	9.05511800
117.29999321	0.00000000	4.74286400	7.89247000
117.49999320	0.00000000	5.16117100	6.77903500
117.69999319	0.00000000	5.90551100	6.31151500
117.89999318	0.00000000	6.28075700	5.93626900
118.09999317	0.00000000	6.32381900	5.57332700
118.29999315	0.00000000	6.28075700	5.93626900
118.49999314	0.00000000	5.85629900	6.31151500
118.69999313	0.00000000	4.69980300	6.77903500
118.89999312	0.00000000	3.20497000	7.89247000
119.09999311	0.00000000	2.04847400	9.00590400
119.29999309	0.00000000	1.62401600	9.43036400
119.49999308	0.00000000	1.62401600	9.47342500
119.69999307	0.00000000	2.04847400	9.47342500
119.89999306	0.00000000	3.20497000	9.43036400
120.09999305	0.00000000	4.74286400	9.05511800
120.29999303	0.00000000	6.28075700	8.31077700
120.49999302	0.00000000	7.43725300	7.89247000
120.69999301	0.00000000	7.86171200	7.47416300
120.89999300	0.00000000	7.86171200	6.72982200
121.09999299	0.00000000	7.43725300	6.35457700
121.29999298	0.00000000	6.28075700	6.31151500
121.49999296	0.00000000	4.78592500	6.35457700
121.69999295	0.00000000	3.58021600	6.72982200
121.89999294	0.00000000	2.78666300	7.47416300
122.09999293	0.00000000	1.99926200	7.84940900
122.29999292	0.00000000	1.67322800	7.93553100
122.49999290	0.00000000	2.04847400	8.31077700
122.69999289	0.00000000	3.20497000	9.05511800
122.89999288	0.00000000	4.69980300	9.43036400
123.09999287	0.00000000	5.85629900	9.47342500
123.29999286	0.00000000	6.28075700	9.43036400
123.49999284	0.00000000	6.32381900	9.05511800
123.69999283	0.00000000	6.32381900	8.26771600
123.89999282	0.00000000	6.28075700	7.51722400
124.09999281	0.00000000	5.90551100	6.72982200
124.29999280	0.00000000	5.16117100	6.35457700
124.49999279	0.00000000	4.74286400	6.31151500
124.69999277	0.00000000	4.32455700	6.35457700
124.89999276	0.00000000	3.58021600	6.72982200
125.09999275	0.00000000	3.20497000	7.47416300
125.29999274	0.00000000	3.16190900	7.89247000
125.49999273	0.00000000	3.20497000	8.31077700
125.69999271	0.00000000	3.62942900	9.05511800
125.89999270	0.00000000	4.74286400	9.43036400
126.09999269	0.00000000	5.85629900	9.43036400
126.29999268	0.00000000	6.28075700	9.05511800
126.49999267	0.00000000	6.36687900	8.31077700
126.69999265	0.00000000	6.69906400	7.93553100
126.89999264	0.00000000	7.01894700	7.84940900
127.09999263	0.00000000	6.23154500	7.47416300
127.29999262	0.00000000	4.78592500	6.72982200
127.49999261	0.00000000	3.58021600	6.35457700
127.69999260	0.00000000	2.78666300	6.35457700
127.89999258	0.00000000	2.04847400	6.72982200
128.09999257	0.00000000	2.04847400	7.47416300
128.29999256	0.00000000	2.78666300	7.84940900
128.49999255	0.00000000	3.58021600	7.93553100
128.69999254	0.00000000	4.74286400	8.26771600
128.89999252	0.00000000	5.90551100	8.63681000
129.09999251	0.00000000	6.65600300	8.26771600
129.29999250	0.00000000	7.01894700	7.93553100
129.49999249	0.00000000	6.23154500	7.84940900
129.69999248	0.00000000	4.78592500	7.47416300
129.89999246	0.00000000	3.62942900	6.77903500
130.09999245	0.00000000	3.16190900	6.77903500
130.29999244	0.00000000	2.78666300	7.47416300
130.49999243	0.00000000	2.46678100	7.84940900
130.69999242	0.00000000	3.20497000	7.89247000
130.89999241	0.00000000	4.32455700	7.93553100
131.09999239	0.00000000	5.11811000	8.26771600
131.29999238	0.00000000	5.90551100	8.63681000
131.49999237	0.00000000	6.28075700	8.26771600
131.69999236	0.00000000	6.28075700	7.89247000
131.89999235	0.00000000	5.90551100	7.47416300
132.09999233	0.00000000	5.16117100	6.72982200
132.29999232	0.00000000	4.74286400	6.35457700
132.49999231	0.00000000	4.32455700	6.31151500
132.69999230	0.00000000	3.58021600	6.35457700
132.89999229	0.00000000	3.25418300	6.72982200
133.09999227	0.00000000	3.58021600	7.51722400
133.29999226	0.00000000	4.32455700	8.26771600
133.49999225	0.00000000	4.69980300	9.05511800
133.69999224	0.00000000	4.74286400	9.43036400
133.89999223	0.00000000	4.74286400	9.43036400
134.09999222	0.00000000	4.74286400	9.05511800
134.29999220	0.00000000	4.74286400	8.26771600
134.49999219	0.00000000	4.74286400	7.51722400
134.69999218	0.00000000	4.74286400	6.68676100
134.89999217	0.00000000	4.74286400	5.93626900
135.09999216	0.00000000	4.78592500	5.19808000
135.29999214	0.00000000	5.16117100	5.24729300
135.49999213	0.00000000	5.85629900	6.31151500
135.69999212	0.00000000	5.85629900	7.42495000
135.89999211	0.00000000	5.16117100	7.89247000
136.09999210	0.00000000	4.74286400	8.31077700
136.29999208	0.00000000	4.32455700	9.05511800
136.49999207	0.00000000	3.58021600	9.43036400
136.69999206	0.00000000	3.20497000	9.43036400
136.89999205	0.00000000	3.20497000	9.05511800
137.09999204	0.00000000	3.58021600	8.26771600
137.29999203	0.00000000	4.36761800	7.51722400
137.49999201	0.00000000	5.11811000	6.72982200
137.69999200	0.00000000	5.90551100	6.35457700
137.89999199	0.00000000	6.28075700	6.31151500
138.09999198	0.00000000	6.28075700	6.31151500
138.29999197	0.00000000	5.90551100	6.31151500
138.49999195	0.00000000	5.16117100	6.35457700
138.69999194	0.00000000	4.74286400	6.72982200
138.89999193	0.00000000	4.32455700	7.51722400
139.09999192	0.00000000	3.58021600	8.26771600
139.29999191	0.00000000	3.25418300	9.05511800
139.49999189	0.00000000	3.58021600	9.43036400
139.69999188	0.00000000	4.32455700	9.47342500
139.89999187	0.00000000	4.74286400	9.43036400
140.09999186	0.00000000	5.16117100	9.05511800
140.29999185	0.00000000	5.90551100	8.26771600
140.49999184	0.00000000	6.23154500	7.51722400
140.69999182	0.00000000	5.90551100	6.72982200
140.89999181	0.00000000	5.16117100	6.35457700
141.09999180	0.00000000	4.74286400	6.31151500
141.29999179	0.00000000	4.36761800	6.35457700
141.49999178	0.00000000	3.99852300	6.72982200
141.69999176	0.00000000	4.36761800	7.51722400
141.89999175	0.00000000	4.69980300	8.26771600
142.09999174	0.00000000	4.74286400	9.05511800
142.29999173	0.00000000	4.78592500	9.43036400
142.49999172	0.00000000	5.16117100	9.47342500
142.69999170	0.00000000	5.90551100	9.47342500
142.89999169	0.00000000	6.23154500	9.38115100
143.09999168	0.00000000	5.90551100	8.63681000
143.29999167	0.00000000	5.16117100	7.14812900
143.49999166	0.00000000	4.78592500	6.40378900
143.69999165	0.00000000	4.74286400	6.31151500
143.89999163	0.00000000	4.74286400	6.31151500
144.09999162	0.00000000	4.74286400	6.35457700
144.29999161	0.00000000	4.78592500	6.77903500
144.49999160	0.00000000	5.16117100	7.89247000
144.69999159	0.00000000	5.90551100	9.00590400
144.89999157	0.00000000	6.28075700	9.43036400
145.09999156	0.00000000	6.28075700	9.47342500
145.29999155	0.00000000	5.90551100	9.43036400
145.49999154	0.00000000	5.16117100	9.05511800
145.69999153	0.00000000	4.78592500	8.26771600
145.89999151	0.00000000	4.69980300	7.51722400
146.09999150	0.00000000	4.36761800	6.72982200
146.29999149	0.00000000	3.99852300	6.35457700
146.49999148	0.00000000	4.36761800	6.31151500
146.69999147	0.00000000	4.74286400	6.35457700
146.89999146	0.00000000	5.16117100	6.72982200
147.09999144	0.00000000	5.90551100	7.47416300
147.29999143	0.00000000	6.23154500	7.84940900
147.49999142	0.00000000	5.90551100	7.93553100
147.69999141	0.00000000	5.16117100	8.31077700
147.89999140	0.00000000	4.78592500	9.00590400
148.09999138	0.00000000	4.74286400	9.00590400
148.29999137	0.00000000	4.74286400	8.31077700
148.49999136	0.00000000	4.74286400	7.93553100
148.69999135	0.00000000	4.74286400	7.89247000
148.89999134	0.00000000	4.74286400	7.84940900
149.09999132	0.00000000	4.74286400	7.47416300
149.29999131	0.00000000	4.74286400	6.77903500
149.49999130	0.00000000	4.78592500	6.77903500
149.69999129	0.00000000	5.16117100	7.47416300
149.89999128	0.00000000	5.90551100	7.84940900
150.09999127	0.00000000	6.23154500	7.89247000
150.29999125	0.00000000	5.90551100	7.89247000
150.49999124	0.00000000	5.16117100	7.89247000
150.69999123	0.00000000	4.78592500	7.89247000
150.89999122	0.00000000	4.74286400	7.89247000
151.09999121	0.00000000	4.74286400	7.89247000
151.29999119	0.00000000	4.74286400	7.89247000
151.49999118	0.00000000	4.74286400	7.89247000
151.69999117	0.00000000	4.74286400	7.89247000
151.89999116	0.00000000	4.74286400	7.89247000
152.09999115	0.00000000	4.74286400	7.89247000
152.29999113	0.00000000	4.78592500	7.89247000
152.49999112	0.00000000	5.16117100	7.89247000
152.69999111	0.00000000	5.90551100	7.89247000
152.89999110	0.00000000	6.28075700	7.89247000
153.09999109	0.00000000	6.28075700	7.89247000
153.29999108	0.00000000	5.90551100	7.89247000
153.49999106	0.00000000	5.16117100	7.89247000
153.69999105	0.00000000	4.78592500	7.89247000
153.89999104	0.00000000	4.74286400	7.89247000
154.09999103	0.00000000	4.69980300	7.89247000
154.29999102	0.00000000	4.36761800	7.89247000
154.49999100	0.00000000	3.99852300	7.89247000
154.69999099	0.00000000	4.36761800	7.89247000
154.89999098	0.00000000	4.69980300	7.89247000
155.09999097	0.00000000	4.78592500	7.89247000
155.29999096	0.00000000	5.16117100	7.89247000
155.49999094	0.00000000	5.90551100	7.89247000
155.69999093	0.00000000	6.28075700	7.89247000
155.89999092	0.00000000	6.28075700	7.89247000
156.09999091	0.00000000	5.90551100	7.89247000
156.29999090	0.00000000	5.16117100	7.89247000
156.49999089	0.00000000	4.78592500	7.89247000
156.69999087	0.00000000	4.69980300	7.89247000
156.89999086	0.00000000	4.36761800	7.93553100
157.09999085	0.00000000	3.99852300	8.26771600
157.29999084	0.00000000	4.36761800	8.63681000
157.49999083	0.00000000	4.69980300	8.26771600
157.69999081	0.00000000	4.74286400	7.93553100
157.89999080	0.00000000	4.74286400	7.84940900
158.09999079	0.00000000	4.78592500	7.51722400
158.29999078	0.00000000	5.16117100	7.10506800
158.49999077	0.00000000	5.90551100	7.09891700
158.69999075	0.00000000	6.28075700	6.72982200
158.89999074	0.00000000	6.32381900	6.77903500
159.09999073	0.00000000	6.28075700	7.47416300
159.29999072	0.00000000	5.90551100	7.84940900
159.49999071	0.00000000	5.16117100	7.93553100
159.69999070	0.00000000	4.78592500	8.31077700
159.89999068	0.00000000	4.74286400	9.00590400
160.09999067	0.00000000	4.74286400	9.00590400
160.29999066	0.00000000	4.74286400	8.31077700
160.49999065	0.00000000	4.74286400	7.93553100
160.69999064	0.00000000	4.74286400	7.89247000
160.89999062	0.00000000	4.74286400	7.84940900
161.09999061	0.00000000	4.74286400	7.47416300
161.29999060	0.00000000	4.74286400	6.77903500
161.49999059	0.00000000	4.74286400	6.77903500
161.69999058	0.00000000	4.78592500	7.47416300
161.89999056	0.00000000	5.16117100	7.84940900
162.09999055	0.00000000	5.85629900	7.89247000
162.29999054	0.00000000	5.90551100	7.93553100
162.49999053	0.00000000	5.57947800	8.31077700
162.69999052	0.00000000	5.90551100	9.00590400
162.89999051	0.00000000	5.85629900	9.05511800
163.09999049	0.00000000	5.16117100	8.68602300
163.29999048	0.00000000	4.78592500	8.67987200
163.49999047	0.00000000	4.74286400	8.26771600
163.69999046	0.00000000	4.74286400	7.93553100
163.89999045	0.00000000	4.74286400	7.84940900
164.09999043	0.00000000	4.74286400	7.51722400
164.29999042	0.00000000	4.74286400	7.10506800
164.49999041	0.00000000	4.74286400	7.14197800
164.69999040	0.00000000	4.78592500	7.10506800
164.89999039	0.00000000	5.16117100	7.51722400
165.09999037	0.00000000	5.90551100	7.84940900
165.29999036	0.00000000	6.23154500	7.89247000
165.49999035	0.00000000	5.90551100	7.89247000
165.69999034	0.00000000	5.16117100	7.89247000
165.89999033	0.00000000	4.78592500	7.89247000
166.09999032	0.00000000	4.74286400	7.89247000
166.29999030	0.00000000	4.69980300	7.89247000
166.49999029	0.00000000	4.36761800	7.89247000
166.69999028	0.00000000	3.99852300	7.89247000
166.89999027	0.00000000	4.36761800	7.89247000
167.09999026	0.00000000	4.69980300	7.89247000
167.29999024	0.00000000	4.74286400	7.89247000
167.49999023	0.00000000	4.74286400	7.89247000
167.69999022	0.00000000	4.78592500	7.89247000
167.89999021	0.00000000	5.16117100	7.89247000
168.09999020	0.00000000	5.85629900	7.89247000
168.29999018	0.00000000	5.85629900	7.89247000
168.49999017	0.00000000	5.16117100	7.89247000
168.69999016	0.00000000	4.78592500	7.89247000
168.89999015	0.00000000	4.74286400	7.89247000
169.09999014	0.00000000	4.74286400	7.89247000
169.29999013	0.00000000	4.74286400	7.89247000
169.49999011	0.00000000	4.74286400	7.89247000
169.69999010	0.00000000	4.74286400	7.89247000
169.89999009	0.00000000	4.74286400	7.89247000
170.09999008	0.00000000	4.74286400	7.89247000
170.29999007	0.00000000	4.74286400	7.89247000
170.49999005	0.00000000	4.74286400	7.89247000
170.69999004	0.00000000	4.74286400	7.89247000
170.89999003	0.00000000	4.74286400	7.89247000
171.09999002	0.00000000	4.78592500	7.89247000
171.29999001	0.00000000	5.11811000	7.89247000
171.49998999	0.00000000	5.48720400	7.89247000
171.69998998	0.00000000	5.11811000	7.89247000
171.89998997	0.00000000	4.78592500	7.89247000
172.09998996	0.00000000	4.74286400	7.89247000
172.29998995	0.00000000	4.74286400	7.89247000
172.49998994	0.00000000	4.74286400	7.89247000
172.69998992	0.00000000	4.78592500	7.89247000
172.89998991	0.00000000	5.11811000	7.89247000
173.09998990	0.00000000	5.48720400	7.89247000
173.29998989	0.00000000	5.11811000	7.89247000
173.49998988	0.00000000	4.78592500	7.89247000
173.69998986	0.00000000	4.74286400	7.89247000
173.89998985	0.00000000	4.74286400	7.89247000
174.09998984	0.00000000	4.74286400	7.89247000
174.29998983	0.00000000	4.74286400	7.89247000
174.49998982	0.00000000	4.74286400	7.89247000
174.69998980	0.00000000	4.74286400	7.89247000
174.89998979	0.00000000	4.74286400	7.89247000
175.09998978	0.00000000	4.74286400	7.89247000
175.29998977	0.00000000	4.74286400	7.89247000
175.49998976	0.00000000	4.74286400	7.89247000
175.69998975	0.00000000	4.74286400	7.89247000
175.89998973	0.00000000	4.74286400	7.89247000
176.09998972	0.00000000	4.74286400	7.89247000
176.29998971	0.00000000	4.74286400	7.89247000
176.49998970	0.00000000	4.74286400	7.89247000
176.69998969	0.00000000	4.74286400	7.89247000
176.89998967	0.00000000	4.74286400	7.89247000
177.09998966	0.00000000	4.74286400	7.89247000
177.29998965	0.00000000	4.74286400	7.89247000
177.49998964	0.00000000	4.74286400	7.89247000
177.69998963	0.00000000	4.74286400	7.89247000
177.89998961	0.00000000	4.74286400	7.89247000
178.09998960	0.00000000	4.74286400	7.89247000
178.29998959	0.00000000	4.74286400	7.89247000
178.49998958	0.00000000	4.74286400	7.89247000
178.69998957	0.00000000	4.78592500	7.89247000
178.89998956	0.00000000	5.11811000	7.89247000
179.09998954	0.00000000	5.48720400	7.89247000
179.29998953	0.00000000	5.11811000	7.89247000
179.49998952	0.00000000	4.78592500	7.89247000
179.69998951	0.00000000	4.74286400	7.89247000
179.89998950	0.00000000	4.74286400	7.89247000
180.09998948	0.00000000	4.74286400	7.89247000
180.29998947	0.00000000	4.74286400	7.89247000
180.49998946	0.00000000	4.74286400	7.89247000
180.69998945	0.00000000	4.74286400	7.89247000
180.89998944	0.00000000	4.74286400	7.89247000
181.09998942	0.00000000	4.74286400	7.89247000
181.29998941	0.00000000	4.74286400	7.89247000
181.49998940	0.00000000	4.74286400	7.89247000
181.69998939	0.00000000	4.74286400	7.89247000
181.89998938	0.00000000	4.74286400	7.89247000
182.09998937	0.00000000	4.74286400	7.89247000
182.29998935	0.00000000	4.78592500	7.89247000
182.49998934	0.00000000	5.11811000	7.89247000
182.69998933	0.00000000	5.48720400	7.89247000
182.89998932	0.00000000	5.11811000	7.89247000
183.09998931	0.00000000	4.78592500	7.89247000
183.29998929	0.00000000	4.74286400	7.89247000
183.49998928	0.00000000	4.74286400	7.89247000
183.69998927	0.00000000	4.74286400	7.89247000
183.89998926	0.00000000	4.74286400	7.89247000
184.09998925	0.00000000	4.74286400	7.89247000
184.29998923	0.00000000	4.74286400	7.89247000
184.49998922	0.00000000	4.74286400	7.89247000
184.69998921	0.00000000	4.74286400	7.93553100
184.89998920	0.00000000	4.74286400	8.26771600
185.09998919	0.00000000	4.74286400	8.63681000
185.29998918	0.00000000	4.78592500	8.26771600
185.49998916	0.00000000	5.11811000	7.93553100
185.69998915	0.00000000	5.48720400	7.89247000
185.89998914	0.00000000	5.11811000	7.84940900
186.09998913	0.00000000	4.78592500	7.47416300
186.29998912	0.00000000	4.74286400	6.77903500
186.49998910	0.00000000	4.74286400	6.72982200
186.69998909	0.00000000	4.74286400	7.09891700
186.89998908	0.00000000	4.74286400	7.10506800
187.09998907	0.00000000	4.74286400	7.51722400
187.29998906	0.00000000	4.74286400	7.89247000
187.49998904	0.00000000	4.74286400	8.31077700
187.69998903	0.00000000	4.74286400	9.05511800
187.89998902	0.00000000	4.74286400	9.38115100
188.09998901	0.00000000	4.74286400	9.05511800
188.29998900	0.00000000	4.74286400	8.31077700
188.49998899	0.00000000	4.78592500	7.93553100
188.69998897	0.00000000	5.16117100	7.84940900
188.89998896	0.00000000	5.85629900	7.47416300
189.09998895	0.00000000	5.85629900	6.72982200
189.29998894	0.00000000	5.16117100	6.40378900
189.49998893	0.00000000	4.78592500	6.72982200
189.69998891	0.00000000	4.74286400	7.47416300
189.89998890	0.00000000	4.74286400	7.84940900
190.09998889	0.00000000	4.74286400	7.89247000
190.29998888	0.00000000	4.74286400	7.89247000
190.49998887	0.00000000	4.74286400	7.89247000
190.69998885	0.00000000	4.74286400	7.89247000
190.89998884	0.00000000	4.74286400	7.93553100
191.09998883	0.00000000	4.74286400	8.26771600
191.29998882	0.00000000	4.78592500	8.63681000
191.49998881	0.00000000	5.16117100	8.26771600
191.69998880	0.00000000	5.85629900	7.93553100
191.89998878	0.00000000	5.85629900	7.89247000
192.09998877	0.00000000	5.16117100	7.89247000
192.29998876	0.00000000	4.83513700	7.89247000
192.49998875	0.00000000	5.11811000	7.89247000
192.69998874	0.00000000	5.48720400	7.89247000
192.89998872	0.00000000	5.11811000	7.89247000
193.09998871	0.00000000	4.78592500	7.89247000
193.29998870	0.00000000	4.74286400	7.89247000
193.49998869	0.00000000	4.74286400	7.89247000
193.69998868	0.00000000	4.74286400	7.89247000
193.89998866	0.00000000	4.74286400	7.89247000
194.09998865	0.00000000	4.74286400	7.89247000
194.29998864	0.00000000	4.78592500	7.89247000
194.49998863	0.00000000	5.16117100	7.89247000
194.69998862	0.00000000	5.85629900	7.89247000
194.89998861	0.00000000	5.90551100	7.89247000
195.09998859	0.00000000	5.53641700	7.89247000
195.29998858	0.00000000	5.53026500	7.89247000
195.49998857	0.00000000	5.11811000	7.89247000
195.69998856	0.00000000	4.78592500	7.89247000
195.89998855	0.00000000	4.74286400	7.89247000
196.09998853	0.00000000	4.74286400	7.89247000
