Time	Channel A	Channel B	Channel C
(us)	(V)	(mV)	(mV)

-4.49999956	0.00000000	-23.71432000	0.00000000
-4.29999957	0.00000000	-23.71432000	0.00000000
-4.09999958	0.00000000	-23.71432000	0.00000000
-3.89999959	0.00000000	-23.71432000	0.00000000
-3.69999960	0.00000000	-23.71432000	0.00000000
-3.49999962	0.00000000	-23.71432000	0.00000000
-3.29999963	0.00000000	-23.71432000	0.00000000
-3.09999964	0.00000000	-23.71432000	0.00000000
-2.89999965	0.00000000	-23.71432000	0.00000000
-2.69999966	0.00000000	-23.71432000	0.00000000
-2.49999968	0.00000000	-23.71432000	0.00000000
-2.29999969	0.00000000	-23.71432000	0.00000000
-2.09999970	0.00000000	-23.71432000	0.00000000
-1.89999971	0.00000000	-23.71432000	0.00000000
-1.69999972	0.00000000	-23.71432000	0.00000000
-1.49999973	0.00000000	-23.71432000	0.00000000
-1.29999975	0.00000000	-23.71432000	0.00000000
-1.09999976	0.00000000	-23.71432000	0.00000000
-0.89999977	0.00000000	-23.71432000	0.00000000
-0.69999978	0.00000000	-23.71432000	0.00000000
-0.49999979	0.00000000	-23.71432000	0.00000000
-0.29999981	0.31803640	-23.71432000	0.00000000
-0.09999982	0.63668800	-23.71432000	0.00000000
0.10000017	0.95533960	-23.71432000	0.00000000
0.30000016	0.95533960	-23.71432000	0.00000000
0.50000015	0.79601380	-23.71432000	-0.04306102
0.70000013	0.31803640	-23.71432000	-0.37524600
0.90000012	-0.63668800	-23.71432000	-0.73818890
1.10000011	-1.59264300	-23.71432000	-0.37524600
1.30000010	-2.38927200	-23.71432000	-0.04306102
1.50000009	-2.86724900	-23.71432000	0.00000000
1.70000008	-2.38927200	-23.71432000	0.00000000
1.90000006	-1.27399100	-23.71432000	0.00000000
2.10000005	0.63668800	-23.71432000	0.00000000
2.30000004	2.86724900	-23.71432000	0.00000000
2.50000003	4.61921700	-23.71432000	0.00000000
2.70000002	5.25652100	-23.71432000	-0.04306102
2.90000000	4.77854300	-23.71432000	-0.41830710
3.09999999	2.70792300	-23.71432000	-1.15649600
3.29999998	-0.31803640	-23.71432000	-1.48253000
3.49999997	-3.82258900	-23.71432000	-1.15649600
3.69999996	-6.53112700	-23.71432000	-0.41830710
3.89999994	-7.96444400	-23.71432000	-0.04306102
4.09999993	-7.32714100	-23.71432000	0.04306102
4.29999992	-4.77854300	-23.71432000	0.37524600
4.49999991	-0.79601380	-23.71432000	0.73818890
4.69999990	3.66326300	-23.71432000	0.37524600
4.89999989	7.32714100	-23.71432000	0.04306102
5.09999987	9.23905000	-23.71432000	-0.04306102
5.29999986	8.92039900	-23.71432000	-0.41830710
5.49999985	6.37180100	-23.71432000	-1.15649600
5.69999984	2.07062000	-23.75738000	-1.53174200
5.89999983	-2.70792300	-24.08957000	-1.53174200
6.09999981	-6.84916400	-24.45866000	-1.15649600
6.29999980	-9.23905000	-24.08957000	-0.41830710
6.49999979	-9.23905000	-23.75738000	-0.04306102
6.69999978	-7.00848900	-23.71432000	0.00000000
6.89999977	-3.02657500	-23.71432000	0.00000000
7.09999975	1.27399100	-23.71432000	0.00000000
7.29999974	5.09719500	-23.71432000	0.00000000
7.49999973	7.32714100	-23.71432000	0.00000000
7.69999972	7.64579200	-23.71432000	0.00000000
7.89999971	6.05315000	-23.71432000	0.00000000
8.09999970	3.18590100	-23.71432000	0.00000000
8.29999968	-0.15871060	-23.75738000	-0.04306102
8.49999967	-3.02657500	-24.08957000	-0.37524600
8.69999966	-4.77854300	-24.40945000	-0.73818890
8.89999965	-5.09719500	-23.71432000	-0.37524600
9.09999964	-4.30056600	-23.01919000	-0.04306102
9.29999962	-2.54859700	-23.33907000	0.00000000
9.49999961	-0.47736220	-23.67126000	0.00000000
9.69999960	1.11466500	-23.71432000	0.00000000
9.89999959	2.22994600	-23.71432000	-0.04306102
10.09999958	2.54859700	-23.71432000	-0.37524600
10.29999956	2.07062000	-23.71432000	-0.73818890
10.49999955	1.43331700	-23.71432000	-0.37524600
10.69999954	0.47736220	-23.71432000	-0.04306102
10.89999953	-0.31803640	-23.71432000	0.00000000
11.09999952	-0.79601380	-23.71432000	0.00000000
11.29999951	-0.95533960	-23.71432000	0.00000000
11.49999949	-0.95533960	-23.71432000	0.00000000
11.69999948	-0.63668800	-23.71432000	0.00000000
11.89999947	-0.31803640	-23.71432000	0.00000000
12.09999946	-0.15871060	-23.71432000	0.00000000
12.29999945	-0.15871060	-23.71432000	0.00000000
12.49999943	0.00000000	-23.71432000	0.00000000
12.69999942	0.00000000	-23.71432000	0.00000000
12.89999941	0.00000000	-23.71432000	0.00000000
13.09999940	0.15871060	-23.71432000	0.00000000
13.29999939	0.15871060	-23.71432000	0.00000000
13.49999937	0.00000000	-23.71432000	0.00000000
13.69999936	0.00000000	-23.71432000	0.00000000
13.89999935	0.00000000	-23.71432000	0.00000000
14.09999934	0.00000000	-23.71432000	0.00000000
14.29999933	-0.15871060	-23.71432000	0.00000000
14.49999932	0.00000000	-23.71432000	0.00000000
14.69999930	0.00000000	-23.71432000	0.00000000
14.89999929	0.00000000	-23.71432000	0.00000000
15.09999928	0.00000000	-23.71432000	0.00000000
15.29999927	0.00000000	-23.71432000	0.00000000
15.49999926	0.00000000	-23.71432000	0.00000000
15.69999924	0.00000000	-23.71432000	0.00000000
15.89999923	0.00000000	-23.71432000	0.00000000
16.09999922	0.00000000	-23.71432000	0.00000000
16.29999921	0.00000000	-23.71432000	0.00000000
16.49999920	0.00000000	-23.67126000	0.00000000
16.69999919	0.00000000	-23.29601000	0.00000000
16.89999917	0.00000000	-22.55167000	0.00000000
17.09999916	0.00000000	-22.17643000	-0.04306102
17.29999915	0.00000000	-22.13336000	-0.37524600
17.49999914	0.00000000	-22.13336000	-0.73818890
17.69999913	0.00000000	-22.17643000	-0.37524600
17.89999911	0.00000000	-22.60088000	-0.04306102
18.09999910	0.00000000	-23.71432000	0.00000000
18.29999909	0.00000000	-24.92003000	0.00000000
18.49999908	0.00000000	-26.08883000	0.00000000
18.69999907	0.00000000	-27.62057000	0.00000000
18.89999905	0.00000000	-28.36491000	0.00000000
19.09999904	0.00000000	-28.36491000	0.00000000
19.29999903	0.00000000	-27.48524000	0.00000000
19.49999902	0.00000000	-24.78469000	0.00000000
19.69999901	0.00000000	-20.92766000	0.00000000
19.89999900	0.00000000	-17.05832000	0.00000000
20.09999898	0.00000000	-13.57652000	0.00000000
20.29999897	0.00000000	-11.75566000	0.00000000
20.49999896	0.00000000	-12.54921000	0.00000000
20.69999895	0.00000000	-16.45546000	0.00000000
20.89999894	0.00000000	-22.64394000	0.00000000
21.09999892	0.00000000	-30.03814000	0.00000000
21.29999891	0.00000000	-37.34621000	0.00000000
21.49999890	0.00000000	-42.69808000	0.00000000
21.69999889	0.00000000	-44.14370000	-0.04306102
21.89999888	0.00000000	-40.64960000	-0.37524600
22.09999886	0.00000000	-32.42495000	-0.73818890
22.29999885	0.00000000	-20.82923000	-0.37524600
22.49999884	0.00000000	-7.72022600	-0.04306102
22.69999883	0.00000000	2.98966500	0.00000000
22.89999882	0.00000000	8.42765700	0.00000000
23.09999881	0.00000000	7.17888700	0.00000000
23.29999879	0.00000000	-1.05807100	0.04306102
23.49999878	0.00000000	-15.76033000	0.41830710
23.69999877	0.00000000	-33.85827000	1.15649600
23.89999876	0.00000000	-50.46752000	1.53174200
24.09999875	0.00000000	-62.05708000	1.53174200
24.29999873	0.00000000	-65.77879000	1.11343500
24.49999872	0.00000000	-59.49803000	-0.04306102
24.69999871	0.00000000	-43.67618000	-1.57480300
24.89999870	0.00000000	-22.09030000	-3.15575800
25.09999869	0.00000000	-0.03690945	-4.68750000
25.29999867	0.00000000	17.69193000	-5.80093500
25.49999866	0.00000000	26.85162000	-5.75787400
25.69999865	0.00000000	24.15723000	-4.22613100
25.89999864	0.00000000	10.29158000	-1.48868100
26.09999863	0.00000000	-10.96826000	1.99311000
26.29999862	0.00000000	-35.34695000	5.89320800
26.49999860	0.00000000	-57.35728000	9.33809000
26.69999859	0.00000000	-72.01648000	11.56496000
26.89999858	0.00000000	-75.87352000	11.14665000
27.09999857	0.00000000	-67.73499000	7.67101300
27.29999856	0.00000000	-49.63091000	2.18380900
27.49999854	0.00000000	-25.67052000	-5.20423200
27.69999853	0.00000000	-1.75319900	-13.19513000
27.89999852	0.00000000	16.84916000	-18.95300000
28.09999851	0.00000000	26.11343000	-20.85999000
28.29999850	0.00000000	24.24335000	-18.49163000
28.49999848	0.00000000	11.92175000	-11.47884000
28.69999847	0.00000000	-7.34498000	-1.07037400
28.89999846	0.00000000	-29.02313000	10.54380000
29.09999845	0.00000000	-48.37598000	20.95226000
29.29999844	0.00000000	-61.54650000	27.87278000
29.49999843	0.00000000	-65.87106000	29.31840000
29.69999841	0.00000000	-60.89443000	24.24951000
29.89999840	0.00000000	-48.55437000	13.01058000
30.09999839	0.00000000	-31.53297000	-1.99311000
30.29999838	0.00000000	-13.75492000	-17.46432000
30.49999837	0.00000000	0.99040350	-29.77977000
30.69999835	0.00000000	9.92249000	-36.37426000
30.89999834	0.00000000	11.50344000	-35.50074000
31.09999833	0.00000000	5.77632800	-26.99311000
31.29999832	0.00000000	-5.38877900	-11.94021000
31.49999831	0.00000000	-18.92839000	5.80708600
31.69999829	0.00000000	-32.13582000	22.44094000
31.89999828	0.00000000	-42.65502000	34.79330000
32.09999827	0.00000000	-48.84350000	39.81914000
32.29999826	0.00000000	-49.58169000	36.70644000
32.49999825	0.00000000	-44.23597000	25.87352000
32.69999824	0.00000000	-34.65182000	9.29502900
32.89999822	0.00000000	-23.76353000	-8.87672100
33.09999821	0.00000000	-13.29355000	-25.13533000
33.29999820	0.00000000	-5.19808000	-36.28199000
33.49999819	0.00000000	-1.71013800	-39.39468000
33.69999818	0.00000000	-3.19881900	-34.05511000
33.89999816	0.00000000	-8.96899500	-22.10876000
34.09999815	0.00000000	-17.43356000	-6.22539300
34.29999814	0.00000000	-26.32259000	10.40846000
34.49999813	0.00000000	-33.67372000	24.66781000
34.69999812	0.00000000	-37.91216000	33.16929000
34.89999810	0.00000000	-37.95522000	33.96284000
35.09999809	0.00000000	-34.14124000	27.45448000
35.29999808	0.00000000	-27.99582000	15.10212000
35.49999807	0.00000000	-21.06299000	0.09227362
35.69999806	0.00000000	-15.29281000	-14.21629000
35.89999805	0.00000000	-12.17397000	-24.62475000
36.09999803	0.00000000	-12.17397000	-28.90010000
36.29999802	0.00000000	-15.24975000	-26.24877000
36.49999801	0.00000000	-20.59547000	-17.79035000
36.69999800	0.00000000	-26.32259000	-5.85014700
36.89999799	0.00000000	-30.59793000	6.83439900
37.09999797	0.00000000	-32.55413000	16.81841000
37.29999796	0.00000000	-32.17888000	21.46899000
37.49999795	0.00000000	-29.48450000	19.98031000
37.69999794	0.00000000	-25.25221000	13.10285000
37.89999793	0.00000000	-20.59547000	3.15575800
38.09999791	0.00000000	-16.36319000	-6.82824800
38.29999790	0.00000000	-13.71186000	-14.12401000
38.49999789	0.00000000	-13.66880000	-16.81841000
38.69999788	0.00000000	-15.94488000	-14.12401000
38.89999787	0.00000000	-19.43897000	-6.87746000
39.09999786	0.00000000	-23.71432000	2.69439000
39.29999784	0.00000000	-27.94660000	11.42962000
39.49999783	0.00000000	-31.06545000	16.44316000
39.69999782	0.00000000	-32.60334000	16.08022000
39.89999781	0.00000000	-32.22810000	11.10359000
40.09999780	0.00000000	-29.90280000	2.60211600
40.29999778	0.00000000	-26.40871000	-7.29576700
40.49999777	0.00000000	-22.17643000	-15.32972000
40.69999776	0.00000000	-18.27633000	-18.81767000
40.89999775	0.00000000	-15.52657000	-17.28592000
41.09999774	0.00000000	-13.57652000	-11.10359000
41.29999772	0.00000000	-13.24434000	-1.53174200
41.49999771	0.00000000	-14.78223000	8.40920300
41.69999770	0.00000000	-17.85802000	15.74803000
41.89999769	0.00000000	-21.71506000	18.86688000
42.09999768	0.00000000	-25.25221000	17.32899000
42.29999767	0.00000000	-28.36491000	11.56496000
42.49999765	0.00000000	-30.64714000	3.11269700
42.69999764	0.00000000	-31.02239000	-5.71481200
42.89999763	0.00000000	-29.57062000	-12.68455000
43.09999762	0.00000000	-27.25147000	-16.12328000
43.29999761	0.00000000	-24.92003000	-15.42200000
43.49999759	0.00000000	-22.55167000	-10.82677000
43.69999758	0.00000000	-20.64468000	-4.36146600
43.89999757	0.00000000	-19.43897000	2.22687000
44.09999756	0.00000000	-19.01451000	7.24655500
44.29999755	0.00000000	-18.97145000	10.03322000
44.49999753	0.00000000	-19.01451000	10.40846000
44.69999752	0.00000000	-19.38976000	8.50147600
44.89999751	0.00000000	-20.13410000	4.69365100
45.09999750	0.00000000	-20.55241000	0.46751960
45.29999749	0.00000000	-21.01993000	-3.02042300
45.49999748	0.00000000	-22.22564000	-5.38262700
45.69999746	0.00000000	-24.18184000	-6.17618100
45.89999745	0.00000000	-26.91929000	-5.80093500
46.09999744	0.00000000	-29.94586000	-4.22613100
46.29999743	0.00000000	-32.22810000	-1.58095500
46.49999742	0.00000000	-32.60334000	1.11343500
46.69999740	0.00000000	-30.97318000	3.06348400
46.89999739	0.00000000	-27.06078000	4.22613100
47.09999738	0.00000000	-20.92766000	4.22613100
47.29999737	0.00000000	-14.78223000	3.11269700
47.49999736	0.00000000	-10.08243000	1.53174200
47.69999734	0.00000000	-7.43110200	-0.41830710
47.89999733	0.00000000	-7.89862200	-2.73745100
48.09999732	0.00000000	-12.13091000	-4.60137700
48.29999731	0.00000000	-19.10679000	-5.38262700
48.49999730	0.00000000	-27.20841000	-4.64443900
48.69999729	0.00000000	-34.92864000	-3.11269700
48.89999727	0.00000000	-39.91141000	-1.11343500
49.09999726	0.00000000	-41.11712000	1.58095500
49.29999725	0.00000000	-38.37352000	4.26919300
49.49999724	0.00000000	-32.09276000	6.17618100
49.69999723	0.00000000	-22.87770000	6.92052100
49.89999721	0.00000000	-12.92446000	5.75787400
50.09999720	0.00000000	-6.03469500	3.06348400
50.29999719	0.00000000	-3.61712600	-0.41830710
50.49999718	0.00000000	-5.94242000	-4.26919300
50.69999717	0.00000000	-12.13091000	-7.33882900
50.89999715	0.00000000	-20.97072000	-8.87672100
51.09999714	0.00000000	-30.17962000	-8.45226300
51.29999713	0.00000000	-36.74950000	-5.75787400
51.49999712	0.00000000	-39.49311000	-1.53174200
51.69999711	0.00000000	-37.95522000	3.06963600
51.89999710	0.00000000	-32.56028000	6.92052100
52.09999708	0.00000000	-24.87697000	8.87672100
52.29999707	0.00000000	-16.78149000	8.87672100
52.49999706	0.00000000	-10.68528000	6.92052100
52.69999705	0.00000000	-8.31692900	3.11269700
52.89999704	0.00000000	-10.21776000	-1.11343500
53.09999702	0.00000000	-15.20054000	-4.60137700
53.29999701	0.00000000	-22.13336000	-6.92052100
53.49999700	0.00000000	-29.02313000	-7.29576700
53.69999699	0.00000000	-33.63066000	-5.80093500
53.89999698	0.00000000	-34.83636000	-3.11269700
54.09999696	0.00000000	-32.56028000	-0.04306102
54.29999695	0.00000000	-27.94660000	2.64517700
54.49999694	0.00000000	-22.17643000	4.14000900
54.69999693	0.00000000	-16.78149000	3.80782500
54.89999692	0.00000000	-13.33661000	1.95004900
55.09999691	0.00000000	-12.59842000	0.04306102
55.29999689	0.00000000	-15.24975000	-1.48868100
55.49999688	0.00000000	-20.17716000	-2.22687000
55.69999687	0.00000000	-25.20300000	-1.48868100
55.89999686	0.00000000	-29.44143000	0.04306102
56.09999685	0.00000000	-31.71752000	1.95004900
56.29999683	0.00000000	-31.02239000	3.85088600
56.49999682	0.00000000	-28.36491000	4.55831700
56.69999681	0.00000000	-24.87697000	3.76476400
56.89999680	0.00000000	-20.97072000	1.07037400
57.09999679	0.00000000	-17.52584000	-2.73745100
57.29999677	0.00000000	-15.24975000	-6.17618100
57.49999676	0.00000000	-15.24975000	-8.50147600
57.69999675	0.00000000	-17.48277000	-8.82750900
57.89999674	0.00000000	-20.55241000	-6.87746000
58.09999673	0.00000000	-23.62205000	-2.60211600
58.29999672	0.00000000	-25.94734000	3.15575800
58.49999670	0.00000000	-26.78395000	8.87672100
58.69999669	0.00000000	-26.78395000	12.68455000
58.89999668	0.00000000	-25.99040000	13.05364000
59.09999667	0.00000000	-24.08957000	9.99015700
59.29999666	0.00000000	-22.17643000	4.22613100
59.49999664	0.00000000	-20.64468000	-2.73745100
59.69999663	0.00000000	-19.85728000	-9.24581600
59.89999662	0.00000000	-20.22022000	-13.84104000
60.09999661	0.00000000	-20.97072000	-14.63459000
60.29999660	0.00000000	-22.13336000	-11.94021000
60.49999658	0.00000000	-23.24680000	-6.50221400
60.69999657	0.00000000	-23.62205000	1.20570900
60.89999656	0.00000000	-23.24680000	8.87057000
61.09999655	0.00000000	-22.13336000	14.63459000
61.29999654	0.00000000	-21.01993000	16.91068000
61.49999653	0.00000000	-20.59547000	14.63459000
61.69999651	0.00000000	-20.59547000	8.87057000
61.89999650	0.00000000	-21.01993000	1.15649600
62.09999649	0.00000000	-22.17643000	-6.96358300
62.29999648	0.00000000	-23.71432000	-13.47810000
62.49999647	0.00000000	-25.25221000	-16.95374000
62.69999645	0.00000000	-26.36565000	-16.16634000
62.89999644	0.00000000	-26.36565000	-11.61417000
63.09999643	0.00000000	-25.25221000	-4.64443900
63.29999642	0.00000000	-23.67126000	3.06348400
63.49999641	0.00000000	-21.71506000	10.03322000
63.69999639	0.00000000	-19.43897000	14.63459000
63.89999638	0.00000000	-17.94414000	15.79109000
64.09999637	0.00000000	-17.90108000	13.10285000
64.29999636	0.00000000	-19.01451000	7.38188900
64.49999635	0.00000000	-20.59547000	0.46751960
64.69999634	0.00000000	-22.55167000	-5.75787400
64.89999632	0.00000000	-24.87697000	-10.45152000
65.09999631	0.00000000	-26.74089000	-13.14591000
65.29999630	0.00000000	-27.52830000	-13.14591000
65.49999629	0.00000000	-26.69783000	-10.45152000
65.69999628	0.00000000	-24.45866000	-5.85014700
65.89999626	0.00000000	-21.43824000	-0.46136810
66.09999625	0.00000000	-19.52510000	4.18307100
66.29999624	0.00000000	-19.06373000	7.33882900
66.49999623	0.00000000	-19.43897000	8.96284400
66.69999622	0.00000000	-20.64468000	9.33809000
66.89999620	0.00000000	-22.55167000	8.58759800
67.09999619	0.00000000	-24.82775000	6.64370100
67.29999618	0.00000000	-26.32259000	4.31840500
67.49999617	0.00000000	-26.32259000	1.48868100
67.69999616	0.00000000	-24.78469000	-1.95004900
67.89999615	0.00000000	-22.09030000	-5.43184000
68.09999613	0.00000000	-19.06373000	-7.75713500
68.29999612	0.00000000	-16.78149000	-8.96284400
68.49999611	0.00000000	-16.36319000	-8.91978400
68.69999610	0.00000000	-17.52584000	-7.33882900
68.89999609	0.00000000	-19.90034000	-4.22613100
69.09999607	0.00000000	-23.75738000	0.04306102
69.29999606	0.00000000	-27.94660000	4.64443900
69.49999605	0.00000000	-31.02239000	8.54453700
69.69999604	0.00000000	-32.17888000	10.82677000
69.89999603	0.00000000	-31.02239000	11.23893000
70.09999601	0.00000000	-27.86048000	9.24581600
70.29999600	0.00000000	-22.82849000	5.43184000
70.49999599	0.00000000	-16.73843000	0.37524600
70.69999598	0.00000000	-12.13091000	-4.60137700
70.89999597	0.00000000	-10.13164000	-8.50147600
71.09999596	0.00000000	-10.54995000	-10.45152000
71.29999594	0.00000000	-13.71186000	-10.45152000
71.49999593	0.00000000	-19.43897000	-8.45226300
71.69999592	0.00000000	-25.99040000	-4.27534400
71.89999591	0.00000000	-31.39763000	0.69512790
72.09999590	0.00000000	-34.92864000	4.60137700
72.29999588	0.00000000	-35.63607000	7.33882900
72.49999587	0.00000000	-33.34769000	8.45226300
72.69999586	0.00000000	-28.37106000	7.33882900
72.89999585	0.00000000	-22.50861000	4.68750000
73.09999584	0.00000000	-16.73228000	1.62401600
73.29999582	0.00000000	-11.71875000	-1.07037400
73.49999581	0.00000000	-9.84251900	-2.64517700
73.69999580	0.00000000	-10.88213000	-3.06348400
73.89999579	0.00000000	-14.40699000	-2.68823800
74.09999578	0.00000000	-19.34670000	-1.57480300
74.29999577	0.00000000	-24.40945000	-0.46136810
74.49999575	0.00000000	-28.27879000	-0.09227362
74.69999574	0.00000000	-30.64714000	-0.46136810
74.89999573	0.00000000	-31.02239000	-1.57480300
75.09999572	0.00000000	-29.52756000	-2.68823800
75.29999571	0.00000000	-26.83317000	-3.06348400
75.49999569	0.00000000	-23.71432000	-2.68823800
75.69999568	0.00000000	-20.64468000	-1.43946800
75.89999567	0.00000000	-18.31939000	0.88582670
76.09999566	0.00000000	-17.52584000	4.31840500
76.29999565	0.00000000	-17.85802000	7.29576700
76.49999563	0.00000000	-19.01451000	8.50147600
76.69999562	0.00000000	-20.50935000	7.71407400
76.89999561	0.00000000	-21.71506000	5.38262700
77.09999560	0.00000000	-22.46555000	1.43946800
77.29999559	0.00000000	-22.92076000	-3.53100400
77.49999558	0.00000000	-22.88386000	-8.50147600
77.69999556	0.00000000	-22.96383000	-11.52190000
77.89999555	0.00000000	-22.92692000	-11.56496000
78.09999554	0.00000000	-23.38214000	-8.87672100
78.29999553	0.00000000	-24.08957000	-4.22613100
78.49999552	0.00000000	-24.87697000	1.53174200
78.69999550	0.00000000	-25.20300000	6.92052100
78.89999549	0.00000000	-24.82775000	10.45152000
79.09999548	0.00000000	-23.62205000	12.03248000
79.29999547	0.00000000	-21.71506000	11.56496000
79.49999546	0.00000000	-19.38976000	8.45226300
79.69999544	0.00000000	-17.52584000	3.11269700
79.89999543	0.00000000	-16.73843000	-2.64517700
80.09999542	0.00000000	-17.52584000	-7.29576700
80.29999541	0.00000000	-19.38976000	-10.03322000
80.49999540	0.00000000	-21.75812000	-10.45152000
80.69999539	0.00000000	-24.08957000	-8.96284400
80.89999537	0.00000000	-26.40871000	-6.22539300
81.09999536	0.00000000	-27.90354000	-2.73745100
81.29999535	0.00000000	-27.90354000	1.15649600
81.49999534	0.00000000	-26.36565000	4.64443900
81.69999533	0.00000000	-23.71432000	7.38188900
81.89999531	0.00000000	-21.01993000	8.91978400
82.09999530	0.00000000	-19.06373000	8.91978400
82.29999529	0.00000000	-17.85802000	7.38188900
82.49999528	0.00000000	-17.52584000	4.68750000
82.69999527	0.00000000	-18.27633000	1.58095500
82.89999525	0.00000000	-20.17716000	-1.58095500
83.09999524	0.00000000	-22.09030000	-4.64443900
83.29999523	0.00000000	-23.67126000	-7.01279500
83.49999522	0.00000000	-24.78469000	-8.13238100
83.69999521	0.00000000	-24.82775000	-8.12622900
83.89999520	0.00000000	-24.08957000	-6.17618100
84.09999518	0.00000000	-23.33907000	-3.15575800
84.29999517	0.00000000	-22.55167000	0.04306102
84.49999516	0.00000000	-22.17643000	3.53100400
84.69999515	0.00000000	-22.13336000	7.01279500
84.89999514	0.00000000	-22.13336000	9.24581600
85.09999512	0.00000000	-22.13336000	9.65797200
85.29999511	0.00000000	-22.13336000	7.71407400
85.49999510	0.00000000	-22.09030000	4.26919300
85.69999509	0.00000000	-21.71506000	0.00000000
85.89999508	0.00000000	-20.92766000	-4.26919300
86.09999506	0.00000000	-20.22022000	-7.75713500
86.29999505	0.00000000	-19.85728000	-10.03322000
86.49999504	0.00000000	-20.64468000	-9.98400600
86.69999503	0.00000000	-22.13336000	-7.33882900
86.89999502	0.00000000	-23.67126000	-3.11269700
87.09999501	0.00000000	-24.82775000	1.53174200
87.29999499	0.00000000	-25.25221000	5.80093500
87.49999498	0.00000000	-25.25221000	8.82750900
87.69999497	0.00000000	-24.78469000	9.61491000
87.89999496	0.00000000	-23.24680000	7.67101300
88.09999495	0.00000000	-20.97072000	3.90009800
88.29999493	0.00000000	-19.10679000	-0.78124990
88.49999492	0.00000000	-18.27633000	-4.97662400
88.69999491	0.00000000	-18.63927000	-8.08316900
88.89999490	0.00000000	-19.38976000	-8.82750900
89.09999489	0.00000000	-20.59547000	-7.29576700
89.29999487	0.00000000	-22.13336000	-3.85703700
89.49999486	0.00000000	-23.67126000	0.78124990
89.69999485	0.00000000	-24.82775000	4.97662400
89.89999484	0.00000000	-25.20300000	8.08316900
90.09999483	0.00000000	-24.82775000	8.82750900
90.29999482	0.00000000	-23.71432000	7.29576700
90.49999480	0.00000000	-22.55167000	3.85703700
90.69999479	0.00000000	-21.75812000	-0.73818890
90.89999478	0.00000000	-20.97072000	-4.55831700
91.09999477	0.00000000	-20.59547000	-6.96358300
91.29999476	0.00000000	-20.59547000	-7.67101300
91.49999474	0.00000000	-20.92766000	-6.50221400
91.69999473	0.00000000	-21.29675000	-3.02042300
91.89999472	0.00000000	-20.97072000	1.53174200
92.09999471	0.00000000	-21.01993000	5.75787400
92.29999470	0.00000000	-21.71506000	8.40920300
92.49999468	0.00000000	-22.09030000	8.45226300
92.69999467	0.00000000	-22.17643000	6.13312000
92.89999466	0.00000000	-22.60088000	2.31914400
93.09999465	0.00000000	-23.71432000	-2.31914400
93.29999464	0.00000000	-24.82775000	-6.09005900
93.49999463	0.00000000	-25.20300000	-8.07701800
93.69999461	0.00000000	-24.82775000	-7.66486200
93.89999460	0.00000000	-23.67126000	-5.38262700
94.09999459	0.00000000	-22.13336000	-1.48868100
94.29999458	0.00000000	-20.55241000	3.06963600
94.49999457	0.00000000	-18.97145000	6.87746000
94.69999455	0.00000000	-17.48277000	8.40920300
94.89999454	0.00000000	-16.73843000	7.29576700
95.09999453	0.00000000	-17.52584000	4.26919300
95.29999452	0.00000000	-19.43897000	0.41830710
95.49999451	0.00000000	-22.17643000	-3.06348400
95.69999449	0.00000000	-25.20300000	-5.75787400
95.89999448	0.00000000	-27.57136000	-6.87130900
96.09999447	0.00000000	-28.74015000	-5.75787400
96.29999446	0.00000000	-29.10925000	-3.06348400
96.49999445	0.00000000	-27.90354000	0.37524600
96.69999444	0.00000000	-25.20300000	3.80782500
96.89999442	0.00000000	-21.71506000	5.71481200
97.09999441	0.00000000	-17.85802000	5.80093500
97.29999440	0.00000000	-14.78223000	4.64443900
97.49999439	0.00000000	-13.24434000	2.69439000
97.69999438	0.00000000	-13.61959000	0.04306102
97.89999436	0.00000000	-15.94488000	-2.22687000
98.09999435	0.00000000	-19.38976000	-3.06348400
98.29999434	0.00000000	-23.29601000	-3.11269700
98.49999433	0.00000000	-26.78395000	-2.68823800
98.69999432	0.00000000	-29.48450000	-1.53174200
98.89999430	0.00000000	-30.59793000	-0.04306102
99.09999429	0.00000000	-29.48450000	1.11343500
99.29999428	0.00000000	-26.83317000	1.53174200
99.49999427	0.00000000	-23.67126000	1.57480300
99.69999426	0.00000000	-20.17716000	1.57480300
99.89999425	0.00000000	-16.73843000	1.57480300
100.09999423	0.00000000	-14.78223000	1.61786400
100.29999422	0.00000000	-14.36393000	1.99311000
100.49999421	0.00000000	-15.15748000	2.73745100
100.69999420	0.00000000	-17.48277000	3.06348400
100.89999419	0.00000000	-20.55241000	2.68823800
101.09999417	0.00000000	-23.67126000	1.53174200
101.29999416	0.00000000	-26.36565000	0.00000000
101.49999415	0.00000000	-27.94660000	-1.57480300
101.69999414	0.00000000	-28.32185000	-3.11269700
101.89999413	0.00000000	-27.57136000	-4.22613100
102.09999411	0.00000000	-25.62746000	-4.18307100
102.29999410	0.00000000	-23.33907000	-2.64517700
102.49999409	0.00000000	-20.97072000	0.00000000
102.69999408	0.00000000	-19.01451000	2.73745100
102.89999407	0.00000000	-17.48277000	5.01968500
103.09999406	0.00000000	-16.73843000	6.54527500
103.29999404	0.00000000	-17.48277000	6.13312000
103.49999403	0.00000000	-18.97145000	4.26919300
103.69999402	0.00000000	-20.59547000	1.53174200
103.89999401	0.00000000	-22.50861000	-1.53174200
104.09999400	0.00000000	-24.45866000	-4.22613100
104.29999398	0.00000000	-25.57825000	-5.75787400
104.49999397	0.00000000	-26.03961000	-5.80093500
104.69999396	0.00000000	-25.53518000	-4.64443900
104.89999395	0.00000000	-24.08341000	-2.69439000
105.09999394	0.00000000	-21.76427000	0.04306102
105.29999392	0.00000000	-20.26944000	3.06348400
105.49999391	0.00000000	-19.38976000	5.33956700
105.69999390	0.00000000	-19.06373000	5.71481200
105.89999389	0.00000000	-19.43897000	4.26919300
106.09999388	0.00000000	-20.59547000	1.95004900
106.29999387	0.00000000	-22.09030000	-0.33218500
106.49999385	0.00000000	-23.24680000	-2.27608300
106.69999384	0.00000000	-23.62205000	-3.06348400
106.89999383	0.00000000	-23.29601000	-3.11269700
107.09999382	0.00000000	-22.50861000	-2.64517700
107.29999381	0.00000000	-21.75812000	-1.11343500
107.49999379	0.00000000	-20.97072000	1.11343500
107.69999378	0.00000000	-20.59547000	2.64517700
107.89999377	0.00000000	-20.59547000	3.06348400
108.09999376	0.00000000	-20.97072000	2.68823800
108.29999375	0.00000000	-21.75812000	1.53174200
108.49999374	0.00000000	-22.50861000	0.00000000
108.69999372	0.00000000	-23.29601000	-1.53174200
108.89999371	0.00000000	-23.67126000	-2.64517700
109.09999370	0.00000000	-23.62205000	-2.64517700
109.29999369	0.00000000	-22.87770000	-1.53174200
109.49999368	0.00000000	-21.34596000	0.00000000
109.69999366	0.00000000	-20.22022000	1.53174200
109.89999365	0.00000000	-19.38976000	2.73745100
110.09999364	0.00000000	-19.06373000	3.48794300
110.29999363	0.00000000	-19.38976000	3.85088600
110.49999362	0.00000000	-20.17716000	3.06348400
110.69999360	0.00000000	-20.97072000	1.57480300
110.89999359	0.00000000	-22.13336000	0.04306102
111.09999358	0.00000000	-23.24680000	-1.15649600
111.29999357	0.00000000	-23.67126000	-1.90698800
111.49999356	0.00000000	-23.67126000	-2.31914400
111.69999355	0.00000000	-23.29601000	-1.90698800
111.89999353	0.00000000	-22.50861000	-1.19955700
112.09999352	0.00000000	-21.75812000	-0.37524600
112.29999351	0.00000000	-20.97072000	0.37524600
112.49999350	0.00000000	-20.59547000	1.15649600
112.69999349	0.00000000	-20.55241000	1.48253000
112.89999347	0.00000000	-20.59547000	1.19955700
113.09999346	0.00000000	-20.97072000	0.79355310
113.29999345	0.00000000	-21.75812000	0.78124990
113.49999344	0.00000000	-22.50861000	0.37524600
113.69999343	0.00000000	-23.24680000	0.04306102
113.89999341	0.00000000	-23.24680000	0.00000000
114.09999340	0.00000000	-22.55167000	0.00000000
114.29999339	0.00000000	-22.17643000	0.00000000
114.49999338	0.00000000	-22.09030000	0.00000000
114.69999337	0.00000000	-21.71506000	-0.04306102
114.89999336	0.00000000	-20.97072000	-0.37524600
115.09999334	0.00000000	-20.59547000	-0.78124990
115.29999333	0.00000000	-20.55241000	-0.74434050
115.49999332	0.00000000	-20.59547000	-0.78124990
115.69999331	0.00000000	-20.97072000	-0.32603340
115.89999330	0.00000000	-21.71506000	0.37524600
116.09999328	0.00000000	-22.09030000	1.15649600
116.29999327	0.00000000	-22.17643000	1.57480300
116.49999326	0.00000000	-22.55167000	1.95004900
116.69999325	0.00000000	-23.24680000	2.31914400
116.89999324	0.00000000	-23.24680000	1.90698800
117.09999322	0.00000000	-22.50861000	1.19955700
117.29999321	0.00000000	-21.75812000	0.37524600
117.49999320	0.00000000	-20.92766000	-0.37524600
117.69999319	0.00000000	-20.17716000	-1.15649600
117.89999318	0.00000000	-19.43897000	-1.53174200
118.09999317	0.00000000	-19.43897000	-1.53174200
118.29999315	0.00000000	-20.17716000	-1.15649600
118.49999314	0.00000000	-20.92766000	-0.41830710
118.69999313	0.00000000	-21.75812000	0.00000000
118.89999312	0.00000000	-22.50861000	0.41830710
119.09999311	0.00000000	-23.33907000	1.19955700
119.29999309	0.00000000	-24.04650000	1.90698800
119.49999308	0.00000000	-24.40945000	2.31914400
119.69999307	0.00000000	-23.67126000	1.95004900
119.89999306	0.00000000	-22.55167000	1.57480300
120.09999305	0.00000000	-21.71506000	1.15649600
120.29999303	0.00000000	-20.55241000	0.41830710
120.49999302	0.00000000	-19.43897000	0.04306102
120.69999301	0.00000000	-19.06373000	-0.04306102
120.89999300	0.00000000	-19.38976000	-0.37524600
121.09999299	0.00000000	-20.17716000	-0.78124990
121.29999298	0.00000000	-20.92766000	-0.74434050
121.49999296	0.00000000	-21.75812000	-0.78124990
121.69999295	0.00000000	-22.50861000	-0.37524600
121.89999294	0.00000000	-23.29601000	-0.04306102
122.09999293	0.00000000	-23.67126000	0.04306102
122.29999292	0.00000000	-23.67126000	0.41830710
122.49999290	0.00000000	-23.29601000	1.15649600
122.69999289	0.00000000	-22.50861000	1.53174200
122.89999288	0.00000000	-21.71506000	1.57480300
123.09999287	0.00000000	-20.55241000	1.57480300
123.29999286	0.00000000	-19.43897000	1.53174200
123.49999284	0.00000000	-19.01451000	1.15649600
123.69999283	0.00000000	-19.01451000	0.41830710
123.89999282	0.00000000	-19.38976000	0.00000000
124.09999281	0.00000000	-20.17716000	-0.41830710
124.29999280	0.00000000	-20.92766000	-1.11343500
124.49999279	0.00000000	-21.75812000	-1.11343500
124.69999277	0.00000000	-22.50861000	-0.41830710
124.89999276	0.00000000	-23.29601000	0.00000000
125.09999275	0.00000000	-23.67126000	0.41830710
125.29999274	0.00000000	-23.67126000	1.15649600
125.49999273	0.00000000	-23.29601000	1.53174200
125.69999271	0.00000000	-22.50861000	1.57480300
125.89999270	0.00000000	-21.75812000	1.57480300
126.09999269	0.00000000	-20.92766000	1.57480300
126.29999268	0.00000000	-20.17716000	1.57480300
126.49999267	0.00000000	-19.38976000	1.53174200
126.69999265	0.00000000	-19.06373000	1.15649600
126.89999264	0.00000000	-19.38976000	0.41830710
127.09999263	0.00000000	-20.17716000	0.04306102
127.29999262	0.00000000	-20.97072000	0.00000000
127.49999261	0.00000000	-22.13336000	0.00000000
127.69999260	0.00000000	-23.24680000	0.00000000
127.89999258	0.00000000	-23.67126000	0.00000000
128.09999257	0.00000000	-23.67126000	0.00000000
128.29999256	0.00000000	-23.24680000	0.00000000
128.49999255	0.00000000	-22.13336000	0.00000000
128.69999254	0.00000000	-20.97072000	0.04306102
128.89999252	0.00000000	-20.17716000	0.37524600
129.09999251	0.00000000	-19.38976000	0.73818890
129.29999250	0.00000000	-19.06373000	0.37524600
129.49999249	0.00000000	-19.43897000	0.04306102
129.69999248	0.00000000	-20.55241000	0.00000000
129.89999246	0.00000000	-21.71506000	0.00000000
130.09999245	0.00000000	-22.50861000	0.00000000
130.29999244	0.00000000	-23.29601000	0.00000000
130.49999243	0.00000000	-23.62205000	0.04306102
130.69999242	0.00000000	-23.24680000	0.37524600
130.89999241	0.00000000	-22.13336000	0.78124990
131.09999239	0.00000000	-20.97072000	0.74434050
131.29999238	0.00000000	-20.17716000	0.78124990
131.49999237	0.00000000	-19.43897000	0.37524600
131.69999236	0.00000000	-19.43897000	0.04306102
131.89999235	0.00000000	-20.17716000	-0.04306102
132.09999233	0.00000000	-20.92766000	-0.37524600
132.29999232	0.00000000	-21.71506000	-0.73818890
132.49999231	0.00000000	-22.09030000	-0.37524600
132.69999230	0.00000000	-22.13336000	-0.04306102
132.89999229	0.00000000	-22.13336000	0.04306102
133.09999227	0.00000000	-22.09030000	0.41830710
133.29999226	0.00000000	-21.75812000	1.15649600
133.49999225	0.00000000	-21.34596000	1.53174200
133.69999224	0.00000000	-21.33981000	1.57480300
133.89999223	0.00000000	-20.92766000	1.57480300
134.09999222	0.00000000	-20.64468000	1.53174200
134.29999220	0.00000000	-20.97072000	1.11343500
134.49999219	0.00000000	-21.66585000	0.00000000
134.69999218	0.00000000	-21.66585000	-1.11343500
134.89999217	0.00000000	-20.97072000	-1.53174200
135.09999216	0.00000000	-20.59547000	-1.57480300
135.29999214	0.00000000	-20.55241000	-1.53174200
135.49999213	0.00000000	-20.55241000	-1.15649600
135.69999212	0.00000000	-20.55241000	-0.37524600
135.89999211	0.00000000	-20.59547000	0.37524600
136.09999210	0.00000000	-20.97072000	1.15649600
136.29999208	0.00000000	-21.71506000	1.53174200
136.49999207	0.00000000	-22.13336000	1.57480300
136.69999206	0.00000000	-22.55167000	1.53174200
136.89999205	0.00000000	-23.24680000	1.15649600
137.09999204	0.00000000	-23.20374000	0.41830710
137.29999203	0.00000000	-22.13336000	0.04306102
137.49999201	0.00000000	-21.01993000	-0.04306102
137.69999200	0.00000000	-20.55241000	-0.41830710
137.89999199	0.00000000	-20.17716000	-1.15649600
138.09999198	0.00000000	-19.80807000	-1.53174200
138.29999197	0.00000000	-20.22022000	-1.53174200
138.49999195	0.00000000	-20.92766000	-1.15649600
138.69999194	0.00000000	-21.71506000	-0.41830710
138.89999193	0.00000000	-22.13336000	0.00000000
139.09999192	0.00000000	-22.50861000	0.41830710
139.29999191	0.00000000	-22.87770000	1.15649600
139.49999189	0.00000000	-22.46555000	1.57480300
139.69999188	0.00000000	-21.75812000	1.95004900
139.89999187	0.00000000	-20.97072000	2.31914400
140.09999186	0.00000000	-20.59547000	1.90698800
140.29999185	0.00000000	-20.55241000	1.19955700
140.49999184	0.00000000	-20.55241000	0.37524600
140.69999182	0.00000000	-20.55241000	-0.37524600
140.89999181	0.00000000	-20.59547000	-1.15649600
141.09999180	0.00000000	-20.97072000	-1.53174200
141.29999179	0.00000000	-21.71506000	-1.53174200
141.49999178	0.00000000	-22.09030000	-1.11343500
141.69999176	0.00000000	-22.13336000	0.00000000
141.89999175	0.00000000	-22.09030000	1.11343500
142.09999174	0.00000000	-21.71506000	1.57480300
142.29999173	0.00000000	-20.97072000	1.95004900
142.49999172	0.00000000	-20.59547000	2.31914400
142.69999170	0.00000000	-20.55241000	1.90698800
142.89999169	0.00000000	-20.55241000	1.19955700
143.09999168	0.00000000	-20.55241000	0.37524600
143.29999167	0.00000000	-20.59547000	-0.37524600
143.49999166	0.00000000	-20.97072000	-1.15649600
143.69999165	0.00000000	-21.66585000	-1.53174200
143.89999163	0.00000000	-21.66585000	-1.53174200
144.09999162	0.00000000	-20.97072000	-1.15649600
144.29999161	0.00000000	-20.59547000	-0.37524600
144.49999160	0.00000000	-20.55241000	0.37524600
144.69999159	0.00000000	-20.55241000	1.15649600
144.89999157	0.00000000	-20.55241000	1.53174200
145.09999156	0.00000000	-20.55241000	1.57480300
145.29999155	0.00000000	-20.59547000	1.57480300
145.49999154	0.00000000	-20.97072000	1.53174200
145.69999153	0.00000000	-21.71506000	1.15649600
145.89999151	0.00000000	-22.09030000	0.41830710
146.09999150	0.00000000	-22.13336000	0.00000000
146.29999149	0.00000000	-22.13336000	-0.37524600
146.49999148	0.00000000	-22.09030000	-0.73818890
146.69999147	0.00000000	-21.71506000	-0.37524600
146.89999146	0.00000000	-20.97072000	-0.04306102
147.09999144	0.00000000	-20.59547000	0.04306102
147.29999143	0.00000000	-20.55241000	0.41830710
147.49999142	0.00000000	-20.55241000	1.15649600
147.69999141	0.00000000	-20.55241000	1.53174200
147.89999140	0.00000000	-20.59547000	1.57480300
148.09999138	0.00000000	-20.92766000	1.57480300
148.29999137	0.00000000	-21.33981000	1.53174200
148.49999136	0.00000000	-21.34596000	1.15649600
148.69999135	0.00000000	-21.71506000	0.41830710
148.89999134	0.00000000	-21.66585000	0.04306102
149.09999132	0.00000000	-20.97072000	0.00000000
149.29999131	0.00000000	-20.59547000	0.00000000
149.49999130	0.00000000	-20.55241000	0.00000000
149.69999129	0.00000000	-20.55241000	0.00000000
149.89999128	0.00000000	-20.55241000	0.00000000
150.09999127	0.00000000	-20.55241000	0.04306102
150.29999125	0.00000000	-20.55241000	0.41830710
150.49999124	0.00000000	-20.59547000	1.15649600
150.69999123	0.00000000	-20.92766000	1.53174200
150.89999122	0.00000000	-21.29675000	1.57480300
151.09999121	0.00000000	-20.97072000	1.53174200
151.29999119	0.00000000	-21.01993000	1.15649600
151.49999118	0.00000000	-21.66585000	0.41830710
151.69999117	0.00000000	-21.66585000	0.04306102
151.89999116	0.00000000	-20.97072000	0.00000000
152.09999115	0.00000000	-20.59547000	0.00000000
152.29999113	0.00000000	-20.55241000	0.00000000
152.49999112	0.00000000	-20.55241000	0.00000000
152.69999111	0.00000000	-20.55241000	0.00000000
152.89999110	0.00000000	-20.55241000	0.04306102
153.09999109	0.00000000	-20.55241000	0.37524600
153.29999108	0.00000000	-20.55241000	0.78124990
153.49999106	0.00000000	-20.59547000	0.79355310
153.69999105	0.00000000	-20.97072000	1.19955700
153.89999104	0.00000000	-21.71506000	1.53174200
154.09999103	0.00000000	-22.09030000	1.57480300
154.29999102	0.00000000	-22.13336000	1.57480300
154.49999100	0.00000000	-22.13336000	1.57480300
154.69999099	0.00000000	-22.09030000	1.53174200
154.89999098	0.00000000	-21.71506000	1.15649600
155.09999097	0.00000000	-20.97072000	0.41830710
155.29999096	0.00000000	-20.59547000	0.04306102
155.49999094	0.00000000	-20.55241000	0.00000000
155.69999093	0.00000000	-20.55241000	0.00000000
155.89999092	0.00000000	-20.55241000	0.00000000
156.09999091	0.00000000	-20.55241000	0.04306102
156.29999090	0.00000000	-20.55241000	0.41830710
156.49999089	0.00000000	-20.59547000	1.15649600
156.69999087	0.00000000	-20.92766000	1.53174200
156.89999086	0.00000000	-21.33981000	1.57480300
157.09999085	0.00000000	-21.34596000	1.57480300
157.29999084	0.00000000	-21.75812000	1.57480300
157.49999083	0.00000000	-22.09030000	1.57480300
157.69999081	0.00000000	-22.09030000	1.53174200
157.89999080	0.00000000	-21.71506000	1.15649600
158.09999079	0.00000000	-20.97072000	0.41830710
158.29999078	0.00000000	-20.59547000	0.04306102
158.49999077	0.00000000	-20.55241000	0.00000000
158.69999075	0.00000000	-20.55241000	0.00000000
158.89999074	0.00000000	-20.55241000	0.04306102
159.09999073	0.00000000	-20.55241000	0.41830710
159.29999072	0.00000000	-20.55241000	1.15649600
159.49999071	0.00000000	-20.55241000	1.53174200
159.69999070	0.00000000	-20.59547000	1.57480300
159.89999068	0.00000000	-20.92766000	1.57480300
160.09999067	0.00000000	-21.33981000	1.57480300
160.29999066	0.00000000	-21.34596000	1.57480300
160.49999065	0.00000000	-21.75812000	1.53174200
160.69999064	0.00000000	-22.09030000	1.15649600
160.89999062	0.00000000	-22.09030000	0.41830710
161.09999061	0.00000000	-21.71506000	0.04306102
161.29999060	0.00000000	-20.97072000	0.00000000
161.49999059	0.00000000	-20.59547000	0.00000000
161.69999058	0.00000000	-20.55241000	0.00000000
161.89999056	0.00000000	-20.55241000	0.00000000
162.09999055	0.00000000	-20.55241000	0.04306102
162.29999054	0.00000000	-20.55241000	0.41830710
162.49999053	0.00000000	-20.55241000	1.15649600
162.69999052	0.00000000	-20.55241000	1.53174200
162.89999051	0.00000000	-20.55241000	1.53174200
163.09999049	0.00000000	-20.59547000	1.19955700
163.29999048	0.00000000	-20.97072000	0.79355310
163.49999047	0.00000000	-21.71506000	0.78124990
163.69999046	0.00000000	-22.09030000	0.37524600
163.89999045	0.00000000	-22.13336000	0.04306102
164.09999043	0.00000000	-22.09030000	0.00000000
164.29999042	0.00000000	-21.71506000	0.00000000
164.49999041	0.00000000	-20.97072000	0.00000000
164.69999040	0.00000000	-20.59547000	0.00000000
164.89999039	0.00000000	-20.55241000	0.00000000
165.09999037	0.00000000	-20.55241000	0.00000000
165.29999036	0.00000000	-20.55241000	0.00000000
165.49999035	0.00000000	-20.55241000	0.00000000
165.69999034	0.00000000	-20.55241000	0.04306102
165.89999033	0.00000000	-20.59547000	0.37524600
166.09999032	0.00000000	-20.97072000	0.78124990
166.29999030	0.00000000	-21.66585000	0.79355310
166.49999029	0.00000000	-21.71506000	1.15649600
166.69999028	0.00000000	-21.38902000	1.11343500
166.89999027	0.00000000	-21.71506000	0.41830710
167.09999026	0.00000000	-21.66585000	0.04306102
167.29999024	0.00000000	-20.97072000	0.00000000
167.49999023	0.00000000	-20.59547000	0.00000000
167.69999022	0.00000000	-20.55241000	0.00000000
167.89999021	0.00000000	-20.55241000	0.00000000
168.09999020	0.00000000	-20.55241000	0.00000000
168.29999018	0.00000000	-20.55241000	0.00000000
168.49999017	0.00000000	-20.50935000	0.04306102
168.69999016	0.00000000	-20.17716000	0.37524600
168.89999015	0.00000000	-19.80807000	0.78124990
169.09999014	0.00000000	-20.17716000	0.79355310
169.29999013	0.00000000	-20.50935000	1.15649600
169.49999011	0.00000000	-20.59547000	1.11343500
169.69999010	0.00000000	-20.92766000	0.41830710
169.89999009	0.00000000	-21.29675000	0.04306102
170.09999008	0.00000000	-20.92766000	0.00000000
170.29999007	0.00000000	-20.59547000	0.04306102
170.49999005	0.00000000	-20.55241000	0.41830710
170.69999004	0.00000000	-20.55241000	1.11343500
170.89999003	0.00000000	-20.55241000	1.11343500
171.09999002	0.00000000	-20.55241000	0.41830710
171.29999001	0.00000000	-20.55241000	0.04306102
171.49998999	0.00000000	-20.55241000	0.00000000
171.69998998	0.00000000	-20.55241000	0.00000000
171.89998997	0.00000000	-20.55241000	0.00000000
172.09998996	0.00000000	-20.55241000	0.00000000
172.29998995	0.00000000	-20.55241000	0.00000000
172.49998994	0.00000000	-20.55241000	0.00000000
172.69998992	0.00000000	-20.55241000	0.04306102
172.89998991	0.00000000	-20.55241000	0.41830710
173.09998990	0.00000000	-20.55241000	1.15649600
173.29998989	0.00000000	-20.55241000	1.48253000
173.49998988	0.00000000	-20.55241000	1.15649600
173.69998986	0.00000000	-20.55241000	0.41830710
173.89998985	0.00000000	-20.55241000	0.04306102
174.09998984	0.00000000	-20.55241000	0.00000000
174.29998983	0.00000000	-20.55241000	0.00000000
174.49998982	0.00000000	-20.55241000	0.00000000
174.69998980	0.00000000	-20.55241000	0.00000000
174.89998979	0.00000000	-20.55241000	0.00000000
175.09998978	0.00000000	-20.55241000	0.00000000
175.29998977	0.00000000	-20.55241000	0.04306102
175.49998976	0.00000000	-20.55241000	0.37524600
175.69998975	0.00000000	-20.55241000	0.78124990
175.89998973	0.00000000	-20.55241000	0.79355310
176.09998972	0.00000000	-20.55241000	1.15649600
176.29998971	0.00000000	-20.55241000	1.11343500
176.49998970	0.00000000	-20.55241000	0.46136810
176.69998969	0.00000000	-20.55241000	0.41830710
176.89998967	0.00000000	-20.55241000	0.73818890
177.09998966	0.00000000	-20.55241000	0.37524600
177.29998965	0.00000000	-20.55241000	0.04306102
177.49998964	0.00000000	-20.59547000	0.00000000
177.69998963	0.00000000	-20.92766000	0.00000000
177.89998961	0.00000000	-21.29675000	0.00000000
178.09998960	0.00000000	-20.92766000	0.00000000
178.29998959	0.00000000	-20.59547000	0.00000000
178.49998958	0.00000000	-20.55241000	0.04306102
178.69998957	0.00000000	-20.55241000	0.41830710
178.89998956	0.00000000	-20.55241000	1.15649600
179.09998954	0.00000000	-20.55241000	1.53174200
179.29998953	0.00000000	-20.55241000	1.53174200
179.49998952	0.00000000	-20.55241000	1.15649600
179.69998951	0.00000000	-20.55241000	0.41830710
179.89998950	0.00000000	-20.55241000	0.04306102
180.09998948	0.00000000	-20.55241000	0.00000000
180.29998947	0.00000000	-20.55241000	0.00000000
180.49998946	0.00000000	-20.55241000	0.00000000
180.69998945	0.00000000	-20.55241000	0.00000000
180.89998944	0.00000000	-20.55241000	0.00000000
181.09998942	0.00000000	-20.55241000	0.04306102
181.29998941	0.00000000	-20.55241000	0.41830710
181.49998940	0.00000000	-20.55241000	1.15649600
181.69998939	0.00000000	-20.55241000	1.53174200
181.89998938	0.00000000	-20.55241000	1.57480300
182.09998937	0.00000000	-20.55241000	1.57480300
182.29998935	0.00000000	-20.55241000	1.53174200
182.49998934	0.00000000	-20.55241000	1.15649600
182.69998933	0.00000000	-20.50935000	0.41830710
182.89998932	0.00000000	-20.17716000	0.04306102
183.09998931	0.00000000	-19.80807000	0.00000000
183.29998929	0.00000000	-20.17716000	0.00000000
183.49998928	0.00000000	-20.50935000	0.00000000
183.69998927	0.00000000	-20.55241000	0.00000000
183.89998926	0.00000000	-20.55241000	0.00000000
184.09998925	0.00000000	-20.55241000	0.04306102
184.29998923	0.00000000	-20.55241000	0.41830710
184.49998922	0.00000000	-20.55241000	1.15649600
184.69998921	0.00000000	-20.55241000	1.53174200
184.89998920	0.00000000	-20.55241000	1.57480300
185.09998919	0.00000000	-20.55241000	1.57480300
185.29998918	0.00000000	-20.55241000	1.53174200
185.49998916	0.00000000	-20.55241000	1.15649600
185.69998915	0.00000000	-20.50935000	0.46136810
185.89998914	0.00000000	-20.17716000	0.41830710
186.09998913	0.00000000	-19.80807000	0.73818890
186.29998912	0.00000000	-20.17716000	0.37524600
186.49998910	0.00000000	-20.50935000	0.04306102
186.69998909	0.00000000	-20.55241000	0.00000000
186.89998908	0.00000000	-20.55241000	0.00000000
187.09998907	0.00000000	-20.55241000	0.04306102
187.29998906	0.00000000	-20.55241000	0.41830710
187.49998904	0.00000000	-20.55241000	1.15649600
187.69998903	0.00000000	-20.55241000	1.53174200
187.89998902	0.00000000	-20.55241000	1.57480300
188.09998901	0.00000000	-20.55241000	1.57480300
188.29998900	0.00000000	-20.55241000	1.53174200
188.49998899	0.00000000	-20.55241000	1.15649600
188.69998897	0.00000000	-20.50935000	0.41830710
188.89998896	0.00000000	-20.17716000	0.04306102
189.09998895	0.00000000	-19.80807000	0.00000000
189.29998894	0.00000000	-20.17716000	0.00000000
189.49998893	0.00000000	-20.50935000	0.00000000
189.69998891	0.00000000	-20.55241000	0.00000000
189.89998890	0.00000000	-20.55241000	0.00000000
190.09998889	0.00000000	-20.55241000	0.00000000
190.29998888	0.00000000	-20.55241000	0.04306102
190.49998887	0.00000000	-20.55241000	0.41830710
190.69998885	0.00000000	-20.55241000	1.15649600
190.89998884	0.00000000	-20.55241000	1.53174200
191.09998883	0.00000000	-20.55241000	1.57480300
191.29998882	0.00000000	-20.55241000	1.57480300
191.49998881	0.00000000	-20.50935000	1.57480300
191.69998880	0.00000000	-20.17716000	1.53174200
191.89998878	0.00000000	-19.80807000	1.15649600
192.09998877	0.00000000	-20.17716000	0.41830710
192.29998876	0.00000000	-20.50935000	0.04306102
192.49998875	0.00000000	-20.55241000	0.00000000
192.69998874	0.00000000	-20.55241000	0.00000000
192.89998872	0.00000000	-20.55241000	0.00000000
193.09998871	0.00000000	-20.55241000	0.00000000
193.29998870	0.00000000	-20.55241000	0.04306102
193.49998869	0.00000000	-20.55241000	0.41830710
193.69998868	0.00000000	-20.55241000	1.15649600
193.89998866	0.00000000	-20.55241000	1.53174200
194.09998865	0.00000000	-20.55241000	1.57480300
194.29998864	0.00000000	-20.50935000	1.57480300
194.49998863	0.00000000	-20.13410000	1.57480300
194.69998862	0.00000000	-19.43897000	1.57480300
194.89998861	0.00000000	-19.43897000	1.53174200
195.09998859	0.00000000	-20.13410000	1.19955700
195.29998858	0.00000000	-20.50935000	0.79355310
195.49998857	0.00000000	-20.55241000	0.78124990
195.69998856	0.00000000	-20.55241000	0.37524600
195.89998855	0.00000000	-20.55241000	0.04306102
196.09998853	0.00000000	-20.55241000	0.00000000
