Time	Channel A	Channel B	Channel C
(us)	(V)	(mV)	(mV)

-4.59999956	0.00000000	4.74286400	-1.57480300
-4.39999957	0.00000000	4.74286400	-1.57480300
-4.19999958	0.00000000	4.74286400	-1.57480300
-3.99999959	0.00000000	4.74286400	-1.57480300
-3.79999960	0.00000000	4.74286400	-1.57480300
-3.59999962	0.00000000	4.74286400	-1.57480300
-3.39999963	0.00000000	4.74286400	-1.57480300
-3.19999964	0.00000000	4.74286400	-1.57480300
-2.99999965	0.00000000	4.74286400	-1.57480300
-2.79999966	0.00000000	4.74286400	-1.57480300
-2.59999968	0.00000000	4.74286400	-1.57480300
-2.39999969	0.00000000	4.74286400	-1.57480300
-2.19999970	0.00000000	4.74286400	-1.57480300
-1.99999971	0.00000000	4.74286400	-1.57480300
-1.79999972	0.00000000	4.74286400	-1.57480300
-1.59999973	0.00000000	4.74286400	-1.57480300
-1.39999975	0.00000000	4.74286400	-1.57480300
-1.19999976	0.00000000	4.74286400	-1.57480300
-0.99999977	0.00000000	4.74286400	-1.57480300
-0.79999978	0.00000000	4.74286400	-1.57480300
-0.59999979	0.00000000	4.74286400	-1.57480300
-0.39999981	0.15871060	4.74286400	-1.57480300
-0.19999982	0.47736220	4.74286400	-1.57480300
0.00000017	0.79601380	4.74286400	-1.57480300
0.20000016	0.95533960	4.74286400	-1.57480300
0.40000015	0.95533960	4.74286400	-1.57480300
0.60000013	0.63668800	4.74286400	-1.57480300
0.80000012	0.00000000	4.74286400	-1.57480300
1.00000011	-0.95533960	4.74286400	-1.57480300
1.20000010	-1.91129400	4.74286400	-1.57480300
1.40000009	-2.70792300	4.74286400	-1.57480300
1.60000008	-2.70792300	4.74286400	-1.53174200
1.80000006	-1.91129400	4.74286400	-1.19955700
2.00000005	-0.47736220	4.74286400	-0.83661410
2.20000004	1.59264300	4.74286400	-1.19955700
2.40000003	3.66326300	4.74286400	-1.53174200
2.60000002	5.09719500	4.74286400	-1.57480300
2.80000000	5.25652100	4.74286400	-1.61786400
2.99999999	3.98191400	4.69980300	-1.95004900
3.19999998	1.43331700	4.36761800	-2.31914400
3.39999997	-1.91129400	3.99852300	-1.95004900
3.59999996	-5.09719500	4.36761800	-1.61786400
3.79999994	-7.48646600	4.69980300	-1.57480300
3.99999993	-7.96444400	4.74286400	-1.57480300
4.19999992	-6.37180100	4.74286400	-1.53174200
4.39999991	-3.02657500	4.74286400	-1.19955700
4.59999990	1.27399100	4.74286400	-0.83661410
4.79999989	5.41584600	4.74286400	-1.19955700
4.99999987	8.44242100	4.74286400	-1.53174200
5.19999986	9.55770200	4.74286400	-1.57480300
5.39999985	7.96444400	4.74286400	-1.61786400
5.59999984	4.45989200	4.74286400	-1.99311000
5.79999983	0.00000000	4.74286400	-2.68823800
5.99999981	-4.77854300	4.74286400	-2.68823800
6.19999980	-8.12377000	4.74286400	-1.99311000
6.39999979	-9.39837600	4.74286400	-1.61786400
6.59999978	-8.44242100	4.74286400	-1.53174200
6.79999977	-5.41584600	4.74286400	-1.19955700
6.99999975	-1.11466500	4.74286400	-0.83661410
7.19999974	3.18590100	4.74286400	-1.19955700
7.39999973	6.37180100	4.74286400	-1.53174200
7.59999972	7.80511800	4.74286400	-1.57480300
7.79999971	7.16781500	4.74286400	-1.57480300
7.99999970	4.93786900	4.74286400	-1.57480300
8.19999968	1.75196900	4.74286400	-1.57480300
8.39999967	-1.59264300	4.74286400	-1.57480300
8.59999966	-3.98191400	4.74286400	-1.57480300
8.79999965	-5.09719500	4.74286400	-1.57480300
8.99999964	-4.93786900	4.69980300	-1.57480300
9.19999962	-3.50393700	4.36761800	-1.57480300
9.39999961	-1.59264300	3.99852300	-1.57480300
9.59999960	0.31803640	4.36761800	-1.57480300
9.79999959	1.75196900	4.69980300	-1.57480300
9.99999958	2.54859700	4.74286400	-1.57480300
10.19999956	2.38927200	4.74286400	-1.57480300
10.39999955	1.91129400	4.74286400	-1.57480300
10.59999954	0.95533960	4.74286400	-1.57480300
10.79999953	0.15871060	4.74286400	-1.57480300
10.99999952	-0.47736220	4.74286400	-1.57480300
11.19999951	-0.95533960	4.74286400	-1.57480300
11.39999949	-0.95533960	4.74286400	-1.57480300
11.59999948	-0.79601380	4.74286400	-1.57480300
11.79999947	-0.63668800	4.74286400	-1.57480300
11.99999946	-0.31803640	4.74286400	-1.57480300
12.19999945	-0.15871060	4.74286400	-1.57480300
12.39999943	-0.15871060	4.74286400	-1.57480300
12.59999942	0.00000000	4.74286400	-1.57480300
12.79999941	0.00000000	4.74286400	-1.57480300
12.99999940	0.00000000	4.74286400	-1.57480300
13.19999939	0.15871060	4.78592500	-1.57480300
13.39999937	0.00000000	5.07504900	-1.57480300
13.59999936	0.00000000	5.11195900	-1.57480300
13.79999935	0.00000000	4.37376900	-1.57480300
13.99999934	0.00000000	4.41067900	-1.57480300
14.19999933	-0.15871060	4.69980300	-1.57480300
14.39999932	-0.15871060	4.74286400	-1.57480300
14.59999930	-0.15871060	4.74286400	-1.57480300
14.79999929	0.00000000	4.74286400	-1.57480300
14.99999928	0.00000000	4.74286400	-1.57480300
15.19999927	0.00000000	4.74286400	-1.57480300
15.39999926	0.00000000	4.74286400	-1.57480300
15.59999924	0.00000000	4.74286400	-1.57480300
15.79999923	0.00000000	4.74286400	-1.57480300
15.99999922	0.00000000	4.69980300	-1.57480300
16.19999921	0.00000000	4.36761800	-1.57480300
16.39999920	0.00000000	3.99852300	-1.57480300
16.59999919	-0.15871060	4.36761800	-1.57480300
16.79999917	-0.15871060	4.74286400	-1.57480300
16.99999916	-0.15871060	5.16117100	-1.57480300
17.19999915	0.00000000	5.90551100	-1.57480300
17.39999914	0.00000000	6.28075700	-1.57480300
17.59999913	0.00000000	6.28075700	-1.57480300
17.79999911	0.00000000	5.90551100	-1.57480300
17.99999910	0.00000000	5.11811000	-1.57480300
18.19999909	0.00000000	4.32455700	-1.57480300
18.39999908	0.00000000	3.11884800	-1.57480300
18.59999907	0.00000000	1.58095500	-1.57480300
18.79999905	0.00000000	0.04306102	-1.57480300
18.99999904	0.00000000	-1.02731300	-1.57480300
19.19999903	0.00000000	-0.60900590	-1.57480300
19.39999902	0.00000000	1.67322800	-1.57480300
19.59999901	0.00000000	4.78592500	-1.57480300
19.79999900	0.00000000	8.32308000	-1.57480300
19.99999898	0.00000000	12.18012000	-1.57480300
20.19999897	0.00000000	15.16363000	-1.57480300
20.39999896	0.00000000	15.90797000	-1.57480300
20.59999895	0.00000000	13.58268000	-1.57480300
20.79999894	0.00000000	8.93208600	-1.57480300
20.99999892	0.00000000	2.65132900	-1.57480300
21.19999891	0.00000000	-4.69980300	-1.57480300
21.39999890	0.00000000	-11.58341000	-1.57480300
21.59999889	0.00000000	-15.77264000	-1.57480300
21.79999888	0.00000000	-15.68036000	-1.57480300
21.99999886	0.00000000	-10.61147000	-1.57480300
22.19999885	0.00000000	-0.89197830	-1.57480300
22.39999884	0.00000000	11.44193000	-1.57480300
22.59999883	0.00000000	23.81275000	-1.57480300
22.79999882	0.00000000	32.98474000	-1.57480300
22.99999881	0.00000000	36.42962000	-1.53174200
23.19999879	0.00000000	32.48031000	-1.15649600
23.39999878	0.00000000	21.63509000	-0.41830710
23.59999877	0.00000000	5.72711600	-0.04306102
23.79999876	0.00000000	-12.05093000	0.00000000
23.99999875	0.00000000	-27.82357000	0.00000000
24.19999873	0.00000000	-37.36466000	-0.04306102
24.39999872	0.00000000	-37.31545000	-0.46136810
24.59999871	0.00000000	-27.26993000	-1.62401600
24.79999870	0.00000000	-9.44881800	-3.15575800
24.99999869	0.00000000	12.56151000	-4.73671200
25.19999867	0.00000000	33.77214000	-6.26845500
25.39999866	0.00000000	48.80659000	-7.38188900
25.59999865	0.00000000	54.20152000	-7.33882900
25.79999864	0.00000000	48.33907000	-5.75787400
25.99999863	0.00000000	32.10507000	-2.64517700
26.19999862	0.00000000	8.97514600	1.57480300
26.39999860	0.00000000	-15.44045000	5.75787400
26.59999859	0.00000000	-35.88213000	8.50147600
26.79999858	0.00000000	-48.15453000	9.24581600
26.99999857	0.00000000	-47.74237000	8.03395600
27.19999856	0.00000000	-35.13164000	4.09694900
27.39999854	0.00000000	-14.23474000	-2.08538400
27.59999853	0.00000000	10.46998000	-9.47342500
27.79999852	0.00000000	33.26156000	-16.72613000
27.99999851	0.00000000	48.75738000	-21.69045000
28.19999850	0.00000000	54.24458000	-22.44094000
28.39999848	0.00000000	48.84966000	-18.90994000
28.59999847	0.00000000	34.19045000	-11.10359000
28.79999846	0.00000000	13.67495000	0.09227362
28.99999845	0.00000000	-8.32923100	12.07554000
29.19999844	0.00000000	-26.89468000	22.44094000
29.39999843	0.00000000	-37.73991000	28.52485000
29.59999841	0.00000000	-38.98868000	27.69439000
29.79999840	0.00000000	-30.93627000	19.98031000
29.99999839	0.00000000	-16.28322000	6.82824800
30.19999838	0.00000000	1.53789400	-9.01205700
30.39999837	0.00000000	18.93455000	-24.06496000
30.59999835	0.00000000	32.14813000	-35.26082000
30.79999834	0.00000000	38.80413000	-39.81914000
30.99999833	0.00000000	38.42889000	-36.28199000
31.19999832	0.00000000	31.07160000	-24.71703000
31.39999831	0.00000000	18.37475000	-7.75713500
31.59999829	0.00000000	3.67249000	10.45152000
31.79999828	0.00000000	-9.91018600	26.66708000
31.99999827	0.00000000	-20.00492000	37.44463000
32.19999826	0.00000000	-24.65551000	39.72687000
32.39999825	0.00000000	-23.12377000	33.21850000
32.59999824	0.00000000	-15.81570000	19.28519000
32.79999822	0.00000000	-4.60752900	1.15649600
32.99999821	0.00000000	7.72637700	-17.42126000
33.19999820	0.00000000	18.55930000	-32.48031000
33.39999819	0.00000000	25.16609000	-40.97564000
33.59999818	0.00000000	26.74705000	-41.02485000
33.79999816	0.00000000	23.25910000	-32.94168000
33.99999815	0.00000000	15.21284000	-19.00221000
34.19999814	0.00000000	5.25344500	-1.58095500
34.39999813	0.00000000	-3.67864200	15.74803000
34.59999812	0.00000000	-9.86712600	28.85088000
34.79999810	0.00000000	-12.19242000	34.70718000
34.99999809	0.00000000	-9.91018600	32.43110000
35.19999808	0.00000000	-4.18922200	23.22835000
35.39999807	0.00000000	3.06963600	9.29502900
35.59999806	0.00000000	9.67027500	-6.13312000
35.79999805	0.00000000	13.91486000	-20.02337000
35.99999803	0.00000000	15.48966000	-28.90010000
36.19999802	0.00000000	13.53962000	-30.89321000
36.39999801	0.00000000	9.01820900	-26.29183000
36.59999800	0.00000000	3.58021600	-16.25861000
36.79999799	0.00000000	-1.40255900	-3.24803100
36.99999797	0.00000000	-4.88435000	9.06126900
37.19999796	0.00000000	-5.63484200	17.15059000
37.39999795	0.00000000	-3.77091500	19.51279000
37.59999794	0.00000000	0.13533460	15.70497000
37.79999793	0.00000000	5.11811000	7.29576700
37.99999791	0.00000000	10.13779000	-3.06963600
38.19999790	0.00000000	13.53962000	-12.64149000
38.39999789	0.00000000	14.37008000	-18.35630000
38.59999788	0.00000000	12.46924000	-18.39936000
38.79999787	0.00000000	9.01820900	-13.10285000
38.99999786	0.00000000	4.74286400	-4.64443900
39.19999784	0.00000000	0.51058070	4.55831700
39.39999783	0.00000000	-2.60826800	12.17397000
39.59999782	0.00000000	-4.18922200	15.19439000
39.79999781	0.00000000	-4.18922200	12.59227000
39.99999780	0.00000000	-2.65132900	5.67175200
40.19999778	0.00000000	0.04306102	-3.57406500
40.39999777	0.00000000	3.16190900	-13.14591000
40.59999776	0.00000000	6.28075700	-19.98031000
40.79999775	0.00000000	9.01820900	-21.55512000
40.99999774	0.00000000	10.97441000	-17.70423000
41.19999772	0.00000000	12.09400000	-9.61491000
41.39999771	0.00000000	11.67569000	1.11343500
41.59999770	0.00000000	9.39345400	11.06053000
41.79999769	0.00000000	6.36687900	17.28592000
41.99999768	0.00000000	3.58021600	18.81767000
42.19999767	0.00000000	1.20570900	15.32972000
42.39999765	0.00000000	-1.11343500	7.29576700
42.59999764	0.00000000	-2.60826800	-2.64517700
42.79999763	0.00000000	-2.65132900	-11.52190000
42.99999762	0.00000000	-1.48868100	-17.37205000
43.19999761	0.00000000	0.41830710	-19.32825000
43.39999759	0.00000000	2.74360200	-17.37205000
43.59999758	0.00000000	4.65059000	-11.65723000
43.79999757	0.00000000	5.85629900	-3.99237200
43.99999756	0.00000000	6.32381900	2.93430100
44.19999755	0.00000000	6.74212600	8.03395600
44.39999753	0.00000000	7.48646600	10.31619000
44.59999752	0.00000000	7.86171200	9.60875900
44.79999751	0.00000000	7.90477300	6.17618100
44.99999750	0.00000000	7.86171200	1.62401600
45.19999749	0.00000000	7.43725300	-2.69439000
45.39999748	0.00000000	6.23154500	-6.17618100
45.59999746	0.00000000	4.27534400	-8.54453700
45.79999745	0.00000000	1.53789400	-9.29502900
45.99999744	0.00000000	-1.58095500	-8.54453700
46.19999743	0.00000000	-4.60752900	-6.22539300
46.39999742	0.00000000	-6.50836600	-3.15575800
46.59999740	0.00000000	-6.05314900	-0.09227362
46.79999739	0.00000000	-3.34645700	2.27608300
46.99999738	0.00000000	1.71628900	3.43873000
47.19999737	0.00000000	7.86171200	3.80782500
47.39999736	0.00000000	13.67495000	2.64517700
47.59999734	0.00000000	17.95029000	0.37524600
47.79999733	0.00000000	19.82037000	-1.95004900
47.99999732	0.00000000	18.60236000	-4.31840500
48.19999731	0.00000000	13.53962000	-6.22539300
48.39999730	0.00000000	5.85629900	-7.38188900
48.59999729	0.00000000	-2.65132900	-7.33882900
48.79999727	0.00000000	-9.95939900	-5.80093500
48.99999726	0.00000000	-14.19168000	-3.11269700
49.19999725	0.00000000	-14.14862000	0.00000000
49.39999724	0.00000000	-9.53494100	3.06348400
49.59999723	0.00000000	-1.40255900	5.33956700
49.79999721	0.00000000	8.18774500	5.71481200
49.99999720	0.00000000	17.02141000	4.18307100
50.19999719	0.00000000	22.05339000	1.07037400
50.39999718	0.00000000	22.51476000	-3.15575800
50.59999717	0.00000000	19.02067000	-7.33882900
50.79999715	0.00000000	12.05093000	-10.03322000
50.99999714	0.00000000	3.20497000	-10.45152000
51.19999713	0.00000000	-5.25959600	-8.91978400
51.39999712	0.00000000	-11.02977000	-5.80093500
51.59999711	0.00000000	-12.56767000	-1.57480300
51.79999710	0.00000000	-9.53494100	2.64517700
51.99999708	0.00000000	-3.02657500	5.71481200
52.19999707	0.00000000	4.65059000	6.87130900
52.39999706	0.00000000	11.62648000	5.71481200
52.59999705	0.00000000	16.23400000	2.64517700
52.79999704	0.00000000	17.39665000	-1.53174200
52.99999702	0.00000000	14.70226000	-5.38262700
53.19999701	0.00000000	8.97514600	-7.71407400
53.39999700	0.00000000	2.09153500	-8.50147600
53.59999699	0.00000000	-3.67864200	-7.33882900
53.79999698	0.00000000	-6.79749000	-4.68750000
53.99999696	0.00000000	-6.79749000	-1.62401600
54.19999695	0.00000000	-3.72170300	1.07037400
54.39999694	0.00000000	1.62401600	2.55905500
54.59999693	0.00000000	7.39419200	2.22687000
54.79999692	0.00000000	12.00172000	0.33218500
54.99999691	0.00000000	14.27780000	-1.95004900
55.19999689	0.00000000	13.16437000	-4.26919300
55.39999688	0.00000000	9.35039300	-5.75787400
55.59999687	0.00000000	4.36761800	-5.71481200
55.79999686	0.00000000	-0.65206690	-3.80782500
55.99999685	0.00000000	-4.09694900	-0.41830710
56.19999683	0.00000000	-5.30265700	2.60211600
56.39999682	0.00000000	-4.14616100	4.18307100
56.59999681	0.00000000	-1.07037400	4.14000900
56.79999680	0.00000000	3.20497000	2.18380900
56.99999679	0.00000000	7.76943800	-1.66707700
57.19999677	0.00000000	11.20817000	-6.21924200
57.39999676	0.00000000	12.00172000	-10.07628000
57.59999675	0.00000000	10.55610000	-11.98327000
57.79999674	0.00000000	7.86171200	-11.56496000
57.99999673	0.00000000	4.74286400	-8.45226300
58.19999672	0.00000000	1.62401600	-3.06963600
58.39999670	0.00000000	-1.02731300	3.06963600
58.59999669	0.00000000	-2.14074800	8.45226300
58.79999668	0.00000000	-1.07037400	11.47884000
58.99999667	0.00000000	1.16264800	11.10359000
59.19999666	0.00000000	3.11884800	7.24655500
59.39999664	0.00000000	4.74286400	1.07037400
59.59999663	0.00000000	6.23154500	-6.26845500
59.79999662	0.00000000	6.97588500	-13.10285000
59.99999661	0.00000000	6.28075700	-16.95374000
60.19999660	0.00000000	5.16117100	-16.59080000
60.39999658	0.00000000	4.36761800	-12.77067000
60.59999657	0.00000000	3.58021600	-6.18233200
60.79999656	0.00000000	3.20497000	1.48868100
60.99999655	0.00000000	3.25418300	8.45226300
61.19999654	0.00000000	3.99852300	13.05364000
61.39999653	0.00000000	5.48720400	14.16708000
61.59999651	0.00000000	6.18848400	11.06053000
61.79999650	0.00000000	5.85629900	4.18307100
61.99999649	0.00000000	4.69980300	-4.26919300
62.19999648	0.00000000	3.16190900	-11.98942000
62.39999647	0.00000000	1.58095500	-17.37205000
62.59999645	0.00000000	0.04306102	-18.90994000
62.79999644	0.00000000	-1.07037400	-16.25861000
62.99999643	0.00000000	-1.02731300	-10.49459000
63.19999642	0.00000000	0.51058070	-3.15575800
63.39999641	0.00000000	3.16190900	4.18307100
63.59999639	0.00000000	5.85629900	9.94094400
63.79999638	0.00000000	7.81250000	12.68455000
63.99999637	0.00000000	8.97514600	11.94021000
64.19999636	0.00000000	8.97514600	8.50147600
64.39999635	0.00000000	7.81250000	3.06963600
64.59999634	0.00000000	5.85629900	-3.11269700
64.79999632	0.00000000	3.16190900	-8.87672100
64.99999631	0.00000000	0.51058070	-12.77067000
65.19999630	0.00000000	-1.02731300	-13.93947000
65.39999629	0.00000000	-1.07037400	-12.86294000
65.59999628	0.00000000	0.09227362	-9.75639700
65.79999626	0.00000000	1.99926200	-5.89320800
65.99999625	0.00000000	4.32455700	-1.57480300
66.19999624	0.00000000	6.23154500	2.64517700
66.39999623	0.00000000	7.39419200	5.75787400
66.59999622	0.00000000	7.35113100	7.33882900
66.79999620	0.00000000	5.85629900	7.38188900
66.99999619	0.00000000	3.58021600	6.22539300
67.19999618	0.00000000	1.62401600	4.26919300
67.39999617	0.00000000	0.13533460	1.53174200
67.59999616	0.00000000	-0.18454720	-1.58095500
67.79999615	0.00000000	1.71628900	-4.73671200
67.99999613	0.00000000	4.69980300	-7.84940900
68.19999612	0.00000000	7.43725300	-10.49459000
68.39999611	0.00000000	9.35039300	-11.65723000
68.59999610	0.00000000	10.04552000	-10.86983000
68.79999609	0.00000000	8.46456700	-8.54453700
68.99999607	0.00000000	4.69980300	-4.64443900
69.19999606	0.00000000	0.46751960	0.00000000
69.39999605	0.00000000	-3.06963600	4.64443900
69.59999604	0.00000000	-5.72711600	8.45226300
69.79999603	0.00000000	-6.42224400	9.99015700
69.99999601	0.00000000	-4.09694900	8.87057000
70.19999600	0.00000000	0.46751960	5.75787400
70.39999599	0.00000000	5.90551100	1.11343500
70.59999598	0.00000000	10.93135000	-4.27534400
70.79999597	0.00000000	14.78838000	-8.91978400
70.99999596	0.00000000	16.28322000	-12.03248000
71.19999594	0.00000000	14.74532000	-13.14591000
71.39999593	0.00000000	10.46998000	-11.61417000
71.59999592	0.00000000	4.32455700	-7.80019600
71.79999591	0.00000000	-2.23302100	-3.20497000
71.99999590	0.00000000	-7.25885800	1.07037400
72.19999588	0.00000000	-9.95939900	4.18307100
72.39999587	0.00000000	-9.58415200	5.71481200
72.59999586	0.00000000	-6.09621000	5.33956700
72.79999585	0.00000000	-0.74434050	3.06348400
72.99999584	0.00000000	5.53026500	0.04306102
73.19999582	0.00000000	11.26353000	-2.69439000
73.39999581	0.00000000	15.53273000	-4.60137700
73.59999580	0.00000000	16.65846000	-5.38262700
73.79999579	0.00000000	14.78838000	-4.64443900
73.99999578	0.00000000	10.55610000	-3.15575800
74.19999577	0.00000000	5.16117100	-1.62401600
74.39999575	0.00000000	0.13533460	-0.51058070
74.59999574	0.00000000	-3.77091500	-0.55364170
74.79999573	0.00000000	-5.67790300	-2.04232300
74.99999572	0.00000000	-5.35187000	-4.31840500
75.19999571	0.00000000	-3.02657500	-6.17618100
75.39999569	0.00000000	0.41830710	-6.96358300
75.59999568	0.00000000	4.32455700	-6.13312000
75.79999567	0.00000000	7.72637700	-3.80782500
75.99999566	0.00000000	9.71948700	0.04306102
76.19999565	0.00000000	9.72563900	4.18307100
76.39999563	0.00000000	8.64911400	6.92052100
76.59999562	0.00000000	6.69906400	7.67101300
76.79999561	0.00000000	4.83513700	6.50221400
76.99999560	0.00000000	3.62942900	2.97736200
77.19999559	0.00000000	3.20497000	-2.04232300
77.39999558	0.00000000	3.16190900	-7.80019600
77.59999556	0.00000000	3.16190900	-12.77067000
77.79999555	0.00000000	3.16190900	-15.05290000
77.99999554	0.00000000	3.11884800	-14.30241000
78.19999553	0.00000000	2.74360200	-10.45152000
78.39999552	0.00000000	1.99926200	-4.69365100
78.59999550	0.00000000	1.62401600	1.53174200
78.79999549	0.00000000	1.62401600	7.29576700
78.99999548	0.00000000	2.04847400	11.10359000
79.19999547	0.00000000	3.25418300	11.52190000
79.39999546	0.00000000	5.16117100	8.91978400
79.59999544	0.00000000	7.43725300	4.64443900
79.79999543	0.00000000	8.93208600	-0.41830710
79.99999542	0.00000000	8.97514600	-5.85014700
80.19999541	0.00000000	7.81250000	-10.45152000
80.39999540	0.00000000	5.85629900	-13.18898000
80.59999539	0.00000000	3.16190900	-13.56422000
80.79999537	0.00000000	0.46751960	-11.65723000
80.99999536	0.00000000	-1.48868100	-7.80019600
81.19999535	0.00000000	-2.60826800	-3.20497000
81.39999534	0.00000000	-2.18996000	1.07037400
81.59999533	0.00000000	0.09227362	4.22613100
81.79999531	0.00000000	3.16190900	6.17618100
81.99999530	0.00000000	6.23154500	6.96358300
82.19999529	0.00000000	8.55684000	6.17618100
82.39999528	0.00000000	9.35039300	4.26919300
82.59999527	0.00000000	8.97514600	1.53174200
82.79999525	0.00000000	7.43725300	-1.58095500
82.99999524	0.00000000	5.16117100	-4.73671200
83.19999523	0.00000000	3.20497000	-7.80019600
83.39999522	0.00000000	1.62401600	-10.11934000
83.59999521	0.00000000	0.51058070	-10.91289000
83.79999520	0.00000000	0.51058070	-10.49459000
83.99999518	0.00000000	1.62401600	-8.50147600
84.19999517	0.00000000	3.11884800	-4.64443900
84.39999516	0.00000000	4.27534400	-0.04306102
84.59999515	0.00000000	4.69980300	4.22613100
84.79999514	0.00000000	4.74286400	7.33882900
84.99999512	0.00000000	4.74286400	8.87672100
85.19999511	0.00000000	4.69980300	8.45226300
85.39999510	0.00000000	4.36761800	5.71481200
85.59999509	0.00000000	3.99852300	1.11343500
85.79999508	0.00000000	4.36761800	-4.27534400
85.99999506	0.00000000	4.69980300	-8.91978400
86.19999505	0.00000000	4.74286400	-12.03248000
86.39999504	0.00000000	4.69980300	-13.18898000
86.59999503	0.00000000	4.27534400	-11.98942000
86.79999502	0.00000000	3.16190900	-8.54453700
86.99999501	0.00000000	1.99926200	-3.53100400
87.19999499	0.00000000	1.20570900	1.43946800
87.39999498	0.00000000	0.46751960	5.33956700
87.59999497	0.00000000	0.51058070	7.24655500
87.79999496	0.00000000	1.62401600	6.92052100
87.99999495	0.00000000	3.16190900	4.55831700
88.19999493	0.00000000	4.69980300	0.69512790
88.39999492	0.00000000	5.90551100	-4.27534400
88.59999491	0.00000000	6.65600300	-8.45226300
88.79999490	0.00000000	7.01894700	-10.45152000
88.99999489	0.00000000	6.23154500	-10.45152000
89.19999487	0.00000000	4.74286400	-8.50147600
89.39999486	0.00000000	3.16190900	-4.64443900
89.59999485	0.00000000	1.62401600	-0.09227362
89.79999484	0.00000000	0.51058070	3.76476400
89.99999483	0.00000000	0.46751960	5.67175200
90.19999482	0.00000000	1.20570900	5.33956700
90.39999480	0.00000000	1.99926200	3.02042300
90.59999479	0.00000000	3.16190900	-0.41830710
90.79999478	0.00000000	4.27534400	-4.31840500
90.99999477	0.00000000	4.74286400	-7.71407400
91.19999476	0.00000000	5.11811000	-9.61491000
91.39999474	0.00000000	5.48720400	-8.87057000
91.59999473	0.00000000	5.11811000	-6.22539300
91.79999472	0.00000000	4.78592500	-2.73745100
91.99999471	0.00000000	4.69980300	1.11343500
92.19999470	0.00000000	4.32455700	4.18307100
92.39999468	0.00000000	3.58021600	5.67175200
92.59999467	0.00000000	3.20497000	4.92125900
92.79999466	0.00000000	3.11884800	1.86392700
92.99999465	0.00000000	2.74360200	-1.95004900
93.19999464	0.00000000	1.99926200	-5.85014700
93.39999463	0.00000000	1.62401600	-8.87057000
93.59999461	0.00000000	1.58095500	-9.99015700
93.79999460	0.00000000	1.62401600	-8.45226300
93.99999459	0.00000000	2.09153500	-4.69365100
94.19999458	0.00000000	3.58021600	-0.46751960
94.39999457	0.00000000	5.48720400	3.02042300
94.59999455	0.00000000	6.69906400	5.33956700
94.79999454	0.00000000	7.86171200	5.67175200
94.99999453	0.00000000	8.55684000	3.76476400
95.19999452	0.00000000	7.76943800	-0.04306102
95.39999451	0.00000000	5.85629900	-4.22613100
95.59999449	0.00000000	3.11884800	-7.33882900
95.79999448	0.00000000	0.04306102	-8.91978400
95.99999447	0.00000000	-2.65132900	-8.91978400
96.19999446	0.00000000	-4.14616100	-7.33882900
96.39999445	0.00000000	-3.77091500	-4.26919300
96.59999444	0.00000000	-1.44562000	-0.46751960
96.79999442	0.00000000	1.99926200	2.60211600
96.99999441	0.00000000	5.85629900	4.14000900
97.19999440	0.00000000	8.97514600	3.80782500
97.39999439	0.00000000	10.97441000	1.90698800
97.59999438	0.00000000	12.09400000	-0.41830710
97.79999436	0.00000000	11.62648000	-3.11269700
97.99999435	0.00000000	8.93208600	-5.38262700
98.19999434	0.00000000	4.74286400	-6.17618100
98.39999433	0.00000000	0.51058070	-5.85014700
98.59999432	0.00000000	-2.60826800	-4.68750000
98.79999430	0.00000000	-4.18922200	-3.15575800
98.99999429	0.00000000	-4.18922200	-1.62401600
99.19999428	0.00000000	-2.65132900	-0.46136810
99.39999427	0.00000000	0.04306102	-0.09227362
99.59999426	0.00000000	3.16190900	-0.41830710
99.79999425	0.00000000	6.28075700	-1.15649600
99.99999423	0.00000000	8.97514600	-1.48253000
100.19999422	0.00000000	10.51304000	-1.15649600
100.39999421	0.00000000	10.51304000	-0.41830710
100.59999420	0.00000000	8.97514600	-0.04306102
100.79999419	0.00000000	6.32381900	-0.04306102
100.99999417	0.00000000	3.58021600	-0.46136810
101.19999416	0.00000000	1.20570900	-1.62401600
101.39999415	0.00000000	-1.11343500	-3.15575800
101.59999414	0.00000000	-2.60826800	-4.68750000
101.79999413	0.00000000	-2.65132900	-5.85014700
101.99999411	0.00000000	-1.48868100	-6.21924200
102.19999410	0.00000000	0.41830710	-5.80093500
102.39999409	0.00000000	2.74360200	-4.22613100
102.59999408	0.00000000	4.69980300	-1.58095500
102.79999407	0.00000000	6.28075700	1.11343500
102.99999406	0.00000000	7.43725300	3.02042300
103.19999404	0.00000000	7.81250000	3.80782500
103.39999403	0.00000000	7.43725300	3.02042300
103.59999402	0.00000000	6.23154500	1.11343500
103.79999401	0.00000000	4.32455700	-1.62401600
103.99999400	0.00000000	2.04847400	-4.68750000
104.19999398	0.00000000	0.51058070	-7.33882900
104.39999397	0.00000000	0.04306102	-8.50147600
104.59999396	0.00000000	0.04306102	-7.75713500
104.79999395	0.00000000	0.46751960	-5.85014700
104.99999394	0.00000000	1.62401600	-3.15575800
105.19999392	0.00000000	3.16190900	-0.46751960
105.39999391	0.00000000	4.69980300	1.48868100
105.59999390	0.00000000	5.81323800	2.64517700
105.79999389	0.00000000	5.85629900	2.60211600
105.99999388	0.00000000	5.11811000	1.11343500
106.19999387	0.00000000	4.32455700	-1.15649600
106.39999385	0.00000000	3.16190900	-3.11269700
106.59999384	0.00000000	2.04847400	-4.64443900
106.79999383	0.00000000	1.67322800	-5.43184000
106.99999382	0.00000000	1.99926200	-5.06274600
107.19999381	0.00000000	2.78666300	-4.26919300
107.39999379	0.00000000	3.53715500	-2.73745100
107.59999378	0.00000000	4.32455700	-0.87967510
107.79999377	0.00000000	4.69980300	-0.09227362
107.99999376	0.00000000	4.69980300	-0.04306102
108.19999375	0.00000000	4.27534400	-0.46136810
108.39999374	0.00000000	3.16190900	-1.62401600
108.59999372	0.00000000	1.99926200	-3.11269700
108.79999371	0.00000000	1.24877000	-4.26919300
108.99999370	0.00000000	0.83661410	-4.64443900
109.19999369	0.00000000	1.24877000	-4.26919300
109.39999368	0.00000000	1.99926200	-3.11269700
109.59999366	0.00000000	3.20497000	-1.57480300
109.79999365	0.00000000	4.69980300	-0.04306102
109.99999364	0.00000000	5.85629900	1.06422200
110.19999363	0.00000000	6.23154500	1.11343500
110.39999362	0.00000000	5.90551100	0.37524600
110.59999360	0.00000000	5.11811000	-0.41830710
110.79999359	0.00000000	4.32455700	-1.62401600
110.99999358	0.00000000	3.11884800	-3.11269700
111.19999357	0.00000000	1.62401600	-4.26919300
111.39999356	0.00000000	0.51058070	-4.69365100
111.59999355	0.00000000	0.46751960	-4.69365100
111.79999353	0.00000000	1.24877000	-4.26919300
111.99999352	0.00000000	2.37450800	-3.15575800
112.19999351	0.00000000	3.90625000	-2.04232300
112.39999350	0.00000000	4.65059000	-1.57480300
112.59999349	0.00000000	4.74286400	-1.19955700
112.79999347	0.00000000	4.74286400	-0.83661410
112.99999346	0.00000000	4.69980300	-1.19955700
113.19999345	0.00000000	4.32455700	-1.53174200
113.39999344	0.00000000	3.53715500	-1.61786400
113.59999343	0.00000000	2.78666300	-1.99311000
113.79999341	0.00000000	1.99926200	-2.73745100
113.99999340	0.00000000	1.62401600	-3.11269700
114.19999339	0.00000000	1.62401600	-3.15575800
114.39999338	0.00000000	1.99926200	-3.15575800
114.59999337	0.00000000	2.78666300	-3.15575800
114.79999336	0.00000000	3.53715500	-3.15575800
114.99999334	0.00000000	4.32455700	-3.15575800
115.19999333	0.00000000	4.69980300	-3.15575800
115.39999332	0.00000000	4.74286400	-3.15575800
115.59999331	0.00000000	4.69980300	-3.11269700
115.79999330	0.00000000	4.32455700	-2.73745100
115.99999328	0.00000000	3.58021600	-1.95004900
116.19999327	0.00000000	3.16190900	-1.19955700
116.39999326	0.00000000	2.74360200	-0.41830710
116.59999325	0.00000000	1.99926200	-0.04306102
116.79999324	0.00000000	1.67322800	-0.04306102
116.99999322	0.00000000	1.99926200	-0.41830710
117.19999321	0.00000000	2.78666300	-1.19955700
117.39999320	0.00000000	3.53715500	-1.99311000
117.59999319	0.00000000	4.36761800	-3.15575800
117.79999318	0.00000000	5.11811000	-4.26919300
117.99999317	0.00000000	5.85629900	-4.69365100
118.19999315	0.00000000	5.85629900	-4.69365100
118.39999314	0.00000000	5.11811000	-4.26919300
118.59999313	0.00000000	4.32455700	-3.15575800
118.79999312	0.00000000	3.16190900	-2.04232300
118.99999311	0.00000000	1.99926200	-1.57480300
119.19999309	0.00000000	1.20570900	-1.19955700
119.39999308	0.00000000	0.46751960	-0.83661410
119.59999307	0.00000000	0.46751960	-1.19955700
119.79999306	0.00000000	1.20570900	-1.53174200
119.99999305	0.00000000	2.04847400	-1.57480300
120.19999303	0.00000000	3.58021600	-1.57480300
120.39999302	0.00000000	5.43799200	-1.57480300
120.59999301	0.00000000	6.23154500	-1.61786400
120.79999300	0.00000000	6.28075700	-1.99311000
120.99999299	0.00000000	5.90551100	-2.73745100
121.19999298	0.00000000	5.11811000	-3.11269700
121.39999296	0.00000000	4.32455700	-3.15575800
121.59999295	0.00000000	3.11884800	-3.15575800
121.79999294	0.00000000	1.62401600	-3.15575800
121.99999293	0.00000000	0.46751960	-3.11269700
122.19999292	0.00000000	0.09227362	-2.73745100
122.39999290	0.00000000	0.46751960	-1.95004900
122.59999289	0.00000000	1.58095500	-1.19955700
122.79999288	0.00000000	2.74360200	-0.41830710
122.99999287	0.00000000	3.53715500	-0.09227362
123.19999286	0.00000000	4.32455700	-0.41830710
123.39999284	0.00000000	4.74286400	-1.19955700
123.59999283	0.00000000	5.11811000	-1.95004900
123.79999282	0.00000000	5.48720400	-2.73745100
123.99999281	0.00000000	5.07504900	-3.15575800
124.19999280	0.00000000	4.36761800	-3.53100400
124.39999279	0.00000000	3.53715500	-3.90009800
124.59999277	0.00000000	2.78666300	-3.53100400
124.79999276	0.00000000	1.99926200	-3.15575800
124.99999275	0.00000000	1.62401600	-2.73745100
125.19999274	0.00000000	1.58095500	-1.99311000
125.39999273	0.00000000	1.58095500	-1.61786400
125.59999271	0.00000000	1.62401600	-1.57480300
125.79999270	0.00000000	1.99926200	-1.57480300
125.99999269	0.00000000	2.78666300	-1.57480300
126.19999268	0.00000000	3.53715500	-1.57480300
126.39999267	0.00000000	4.32455700	-1.57480300
126.59999265	0.00000000	4.69980300	-1.61786400
126.79999264	0.00000000	4.74286400	-1.99311000
126.99999263	0.00000000	4.69980300	-2.73745100
127.19999262	0.00000000	4.27534400	-3.11269700
127.39999261	0.00000000	3.16190900	-3.15575800
127.59999260	0.00000000	1.99926200	-3.15575800
127.79999258	0.00000000	1.20570900	-3.11269700
127.99999257	0.00000000	0.46751960	-2.73745100
128.19999256	0.00000000	0.51058070	-1.99311000
128.39999255	0.00000000	1.62401600	-1.61786400
128.59999254	0.00000000	3.11884800	-1.57480300
128.79999252	0.00000000	4.32455700	-1.57480300
128.99999251	0.00000000	5.07504900	-1.57480300
129.19999250	0.00000000	5.48720400	-1.57480300
129.39999249	0.00000000	5.07504900	-1.61786400
129.59999248	0.00000000	4.32455700	-1.99311000
129.79999246	0.00000000	3.16190900	-2.73745100
129.99999245	0.00000000	1.99926200	-3.11269700
130.19999244	0.00000000	1.24877000	-3.15575800
130.39999243	0.00000000	0.83661410	-3.11269700
130.59999242	0.00000000	1.24877000	-2.73745100
130.79999241	0.00000000	1.99926200	-1.99311000
130.99999239	0.00000000	3.16190900	-1.61786400
131.19999238	0.00000000	4.27534400	-1.61786400
131.39999237	0.00000000	4.69980300	-1.99311000
131.59999236	0.00000000	4.74286400	-2.73745100
131.79999235	0.00000000	4.69980300	-3.11269700
131.99999233	0.00000000	4.32455700	-3.19881900
132.19999232	0.00000000	3.53715500	-3.53100400
132.39999231	0.00000000	2.78666300	-3.90009800
132.59999230	0.00000000	1.99926200	-3.53100400
132.79999229	0.00000000	1.67322800	-3.15575800
132.99999227	0.00000000	1.99926200	-2.68823800
133.19999226	0.00000000	2.74360200	-1.57480300
133.39999225	0.00000000	3.16190900	-0.46136810
133.59999224	0.00000000	3.53715500	-0.04306102
133.79999223	0.00000000	3.90625000	-0.04306102
133.99999222	0.00000000	3.53715500	-0.41830710
134.19999220	0.00000000	3.20497000	-1.19955700
134.39999219	0.00000000	3.16190900	-1.99311000
134.59999218	0.00000000	3.16190900	-3.15575800
134.79999217	0.00000000	3.16190900	-4.26919300
134.99999216	0.00000000	3.16190900	-4.69365100
135.19999214	0.00000000	3.16190900	-4.69365100
135.39999213	0.00000000	3.16190900	-4.31840500
135.59999212	0.00000000	3.16190900	-3.53100400
135.79999211	0.00000000	3.16190900	-2.78051200
135.99999210	0.00000000	3.16190900	-1.95004900
136.19999208	0.00000000	3.11884800	-1.19955700
136.39999207	0.00000000	2.74360200	-0.41830710
136.59999206	0.00000000	1.99926200	-0.09227362
136.79999205	0.00000000	1.62401600	-0.41830710
136.99999204	0.00000000	1.62401600	-1.19955700
137.19999203	0.00000000	1.99926200	-1.95004900
137.39999201	0.00000000	2.78666300	-2.73745100
137.59999200	0.00000000	3.53715500	-3.11269700
137.79999199	0.00000000	4.32455700	-3.15575800
137.99999198	0.00000000	4.69980300	-3.15575800
138.19999197	0.00000000	4.74286400	-3.15575800
138.39999195	0.00000000	4.69980300	-3.15575800
138.59999194	0.00000000	4.27534400	-3.15575800
138.79999193	0.00000000	3.16190900	-3.11269700
138.99999192	0.00000000	2.04847400	-2.73745100
139.19999191	0.00000000	1.62401600	-1.99311000
139.39999189	0.00000000	1.62401600	-1.57480300
139.59999188	0.00000000	1.99926200	-1.19955700
139.79999187	0.00000000	2.78666300	-0.79355310
139.99999186	0.00000000	3.53715500	-0.83046260
140.19999185	0.00000000	4.32455700	-0.79355310
140.39999184	0.00000000	4.69980300	-1.24877000
140.59999182	0.00000000	4.69980300	-1.99311000
140.79999181	0.00000000	4.32455700	-3.15575800
140.99999180	0.00000000	3.58021600	-4.26919300
141.19999179	0.00000000	3.20497000	-4.64443900
141.39999178	0.00000000	3.11884800	-4.31840500
141.59999176	0.00000000	2.78666300	-3.53100400
141.79999175	0.00000000	2.41756900	-2.78051200
141.99999174	0.00000000	2.78666300	-1.95004900
142.19999173	0.00000000	3.16190900	-1.19955700
142.39999172	0.00000000	3.53715500	-0.41830710
142.59999170	0.00000000	3.90625000	-0.04306102
142.79999169	0.00000000	3.53715500	-0.04306102
142.99999168	0.00000000	3.20497000	-0.46136810
143.19999167	0.00000000	3.16190900	-1.57480300
143.39999166	0.00000000	3.11884800	-2.73745100
143.59999165	0.00000000	2.78666300	-3.53100400
143.79999163	0.00000000	2.41756900	-4.26919300
143.99999162	0.00000000	2.78666300	-4.26919300
144.19999161	0.00000000	3.11884800	-3.53100400
144.39999160	0.00000000	3.16190900	-2.78051200
144.59999159	0.00000000	3.16190900	-1.99311000
144.79999157	0.00000000	3.16190900	-1.61786400
144.99999156	0.00000000	3.16190900	-1.57480300
145.19999155	0.00000000	3.16190900	-1.57480300
145.39999154	0.00000000	3.16190900	-1.57480300
145.59999153	0.00000000	3.11884800	-1.61786400
145.79999151	0.00000000	2.74360200	-1.99311000
145.99999150	0.00000000	2.04847400	-2.73745100
146.19999149	0.00000000	2.04847400	-3.11269700
146.39999148	0.00000000	2.74360200	-3.15575800
146.59999147	0.00000000	3.11884800	-3.15575800
146.79999146	0.00000000	3.20497000	-3.15575800
146.99999144	0.00000000	3.53715500	-3.11269700
147.19999143	0.00000000	3.94931100	-2.73745100
147.39999142	0.00000000	3.91240100	-1.99311000
147.59999141	0.00000000	3.94931100	-1.61786400
147.79999140	0.00000000	3.53715500	-1.57480300
147.99999138	0.00000000	3.20497000	-1.57480300
148.19999137	0.00000000	3.11884800	-1.57480300
148.39999136	0.00000000	2.74360200	-1.57480300
148.59999135	0.00000000	2.04847400	-1.57480300
148.79999134	0.00000000	2.04847400	-1.57480300
148.99999132	0.00000000	2.74360200	-1.61786400
149.19999131	0.00000000	3.11884800	-1.99311000
149.39999130	0.00000000	3.20497000	-2.73745100
149.59999129	0.00000000	3.53715500	-3.11269700
149.79999128	0.00000000	3.94931100	-3.15575800
149.99999127	0.00000000	3.91240100	-3.11269700
150.19999125	0.00000000	3.94931100	-2.73745100
150.39999124	0.00000000	3.53715500	-1.99311000
150.59999123	0.00000000	3.20497000	-1.61786400
150.79999122	0.00000000	3.16190900	-1.57480300
150.99999121	0.00000000	3.11884800	-1.57480300
151.19999119	0.00000000	2.74360200	-1.57480300
151.39999118	0.00000000	2.04847400	-1.57480300
151.59999117	0.00000000	2.04847400	-1.61786400
151.79999116	0.00000000	2.74360200	-1.99311000
151.99999115	0.00000000	3.16190900	-2.73745100
152.19999113	0.00000000	3.53715500	-3.11269700
152.39999112	0.00000000	3.90625000	-3.15575800
152.59999111	0.00000000	3.53715500	-3.11269700
152.79999110	0.00000000	3.20497000	-2.73745100
152.99999109	0.00000000	3.16190900	-1.99311000
153.19999108	0.00000000	3.16190900	-1.61786400
153.39999106	0.00000000	3.16190900	-1.57480300
153.59999105	0.00000000	3.11884800	-1.57480300
153.79999104	0.00000000	2.74360200	-1.57480300
153.99999103	0.00000000	1.99926200	-1.57480300
154.19999102	0.00000000	1.62401600	-1.57480300
154.39999100	0.00000000	1.58095500	-1.61786400
154.59999099	0.00000000	1.62401600	-1.95004900
154.79999098	0.00000000	1.99926200	-2.31914400
154.99999097	0.00000000	2.74360200	-1.99311000
155.19999096	0.00000000	3.16190900	-2.04232300
155.39999094	0.00000000	3.53715500	-2.73745100
155.59999093	0.00000000	3.94931100	-3.11269700
155.79999092	0.00000000	3.91240100	-3.15575800
155.99999091	0.00000000	3.94931100	-3.15575800
156.19999090	0.00000000	3.53715500	-3.15575800
156.39999089	0.00000000	3.20497000	-3.11269700
156.59999087	0.00000000	3.11884800	-2.73745100
156.79999086	0.00000000	2.74360200	-1.99311000
156.99999085	0.00000000	1.99926200	-1.61786400
157.19999084	0.00000000	1.62401600	-1.57480300
157.39999083	0.00000000	1.58095500	-1.57480300
157.59999081	0.00000000	1.62401600	-1.57480300
157.79999080	0.00000000	1.99926200	-1.57480300
157.99999079	0.00000000	2.74360200	-1.61786400
158.19999078	0.00000000	3.11884800	-1.99311000
158.39999077	0.00000000	3.16190900	-2.73745100
158.59999075	0.00000000	3.16190900	-3.11269700
158.79999074	0.00000000	3.16190900	-3.15575800
158.99999073	0.00000000	3.16190900	-3.15575800
159.19999072	0.00000000	3.16190900	-3.11269700
159.39999071	0.00000000	3.16190900	-2.73745100
159.59999070	0.00000000	3.11884800	-1.99311000
159.79999068	0.00000000	2.74360200	-1.61786400
159.99999067	0.00000000	1.99926200	-1.57480300
160.19999066	0.00000000	1.62401600	-1.57480300
160.39999065	0.00000000	1.58095500	-1.57480300
160.59999064	0.00000000	1.58095500	-1.61786400
160.79999062	0.00000000	1.62401600	-1.99311000
160.99999061	0.00000000	1.99926200	-2.73745100
161.19999060	0.00000000	2.74360200	-3.11269700
161.39999059	0.00000000	3.11884800	-3.15575800
161.59999058	0.00000000	3.16190900	-3.15575800
161.79999056	0.00000000	3.16190900	-3.11269700
161.99999055	0.00000000	3.16190900	-2.73745100
162.19999054	0.00000000	3.16190900	-1.99311000
162.39999053	0.00000000	3.16190900	-1.61786400
162.59999052	0.00000000	3.16190900	-1.57480300
162.79999051	0.00000000	3.16190900	-1.57480300
162.99999049	0.00000000	3.11884800	-1.57480300
163.19999048	0.00000000	2.78666300	-1.57480300
163.39999047	0.00000000	2.37450800	-1.61786400
163.59999046	0.00000000	2.36835600	-1.99311000
163.79999045	0.00000000	1.99926200	-2.73745100
163.99999043	0.00000000	1.99926200	-3.11269700
164.19999042	0.00000000	2.36835600	-3.15575800
164.39999041	0.00000000	2.37450800	-3.15575800
164.59999040	0.00000000	2.78666300	-3.15575800
164.79999039	0.00000000	3.11884800	-3.15575800
164.99999037	0.00000000	3.16190900	-3.15575800
165.19999036	0.00000000	3.16190900	-3.15575800
165.39999035	0.00000000	3.16190900	-3.11269700
165.59999034	0.00000000	3.16190900	-2.73745100
165.79999033	0.00000000	3.16190900	-1.99311000
165.99999032	0.00000000	3.16190900	-1.66707700
166.19999030	0.00000000	3.11884800	-1.95004900
166.39999029	0.00000000	2.74360200	-2.31914400
166.59999028	0.00000000	1.99926200	-1.99311000
166.79999027	0.00000000	1.62401600	-2.04232300
166.99999026	0.00000000	1.62401600	-2.73745100
167.19999024	0.00000000	1.99926200	-3.11269700
167.39999023	0.00000000	2.74360200	-3.15575800
167.59999022	0.00000000	3.11884800	-3.15575800
167.79999021	0.00000000	3.16190900	-3.15575800
167.99999020	0.00000000	3.16190900	-3.15575800
168.19999018	0.00000000	3.16190900	-3.15575800
168.39999017	0.00000000	3.16190900	-3.15575800
168.59999016	0.00000000	3.16190900	-3.11269700
168.79999015	0.00000000	3.16190900	-2.78051200
168.99999014	0.00000000	3.16190900	-2.41141700
169.19999013	0.00000000	3.11884800	-2.78051200
169.39999011	0.00000000	2.74360200	-3.11269700
169.59999010	0.00000000	2.04847400	-3.15575800
169.79999009	0.00000000	1.99926200	-3.15575800
169.99999008	0.00000000	2.36835600	-3.11269700
170.19999007	0.00000000	2.37450800	-2.73745100
170.39999005	0.00000000	2.78666300	-1.99311000
170.59999004	0.00000000	3.11884800	-1.61786400
170.79999003	0.00000000	3.11884800	-1.61786400
170.99999002	0.00000000	2.78666300	-1.99311000
171.19999001	0.00000000	2.41756900	-2.73745100
171.39998999	0.00000000	2.78666300	-3.11269700
171.59998998	0.00000000	3.11884800	-3.15575800
171.79998997	0.00000000	3.16190900	-3.15575800
171.99998996	0.00000000	3.16190900	-3.15575800
172.19998995	0.00000000	3.11884800	-3.15575800
172.39998994	0.00000000	2.74360200	-3.15575800
172.59998992	0.00000000	1.99926200	-3.11269700
172.79998991	0.00000000	1.67322800	-2.73745100
172.99998990	0.00000000	1.99926200	-1.99311000
173.19998989	0.00000000	2.74360200	-1.61786400
173.39998988	0.00000000	3.11884800	-1.57480300
173.59998986	0.00000000	3.16190900	-1.61786400
173.79998985	0.00000000	3.16190900	-1.99311000
173.99998984	0.00000000	3.16190900	-2.68823800
174.19998983	0.00000000	3.16190900	-2.73745100
174.39998982	0.00000000	3.16190900	-2.41141700
174.59998980	0.00000000	3.16190900	-2.78051200
174.79998979	0.00000000	3.16190900	-3.11269700
174.99998978	0.00000000	3.16190900	-3.15575800
175.19998977	0.00000000	3.11884800	-3.15575800
175.39998976	0.00000000	2.74360200	-3.15575800
175.59998975	0.00000000	2.04847400	-3.11269700
175.79998973	0.00000000	2.04847400	-2.73745100
175.99998972	0.00000000	2.74360200	-1.99311000
176.19998971	0.00000000	3.11884800	-1.61786400
176.39998970	0.00000000	3.16190900	-1.57480300
176.59998969	0.00000000	3.11884800	-1.57480300
176.79998967	0.00000000	2.78666300	-1.61786400
176.99998966	0.00000000	2.41756900	-1.99311000
177.19998965	0.00000000	2.78666300	-2.73745100
177.39998964	0.00000000	3.06963600	-3.11269700
177.59998963	0.00000000	2.74360200	-3.15575800
177.79998961	0.00000000	1.99926200	-3.15575800
177.99998960	0.00000000	1.62401600	-3.15575800
178.19998959	0.00000000	1.58095500	-3.15575800
178.39998958	0.00000000	1.62401600	-3.11269700
178.59998957	0.00000000	1.99926200	-2.73745100
178.79998956	0.00000000	2.74360200	-1.99311000
178.99998954	0.00000000	3.11884800	-1.61786400
179.19998953	0.00000000	3.16190900	-1.57480300
179.39998952	0.00000000	3.16190900	-1.57480300
179.59998951	0.00000000	3.16190900	-1.61786400
179.79998950	0.00000000	3.11884800	-1.99311000
179.99998948	0.00000000	2.78666300	-2.73745100
180.19998947	0.00000000	2.41756900	-3.11269700
180.39998946	0.00000000	2.78666300	-3.15575800
180.59998945	0.00000000	3.11884800	-3.15575800
180.79998944	0.00000000	3.11884800	-3.15575800
180.99998942	0.00000000	2.74360200	-3.11269700
181.19998941	0.00000000	2.04847400	-2.73745100
181.39998940	0.00000000	2.04847400	-1.99311000
181.59998939	0.00000000	2.74360200	-1.61786400
181.79998938	0.00000000	3.11884800	-1.57480300
181.99998937	0.00000000	3.16190900	-1.57480300
182.19998935	0.00000000	3.16190900	-1.61786400
182.39998934	0.00000000	3.16190900	-1.99311000
182.59998933	0.00000000	3.11884800	-2.73745100
182.79998932	0.00000000	2.78666300	-3.11269700
182.99998931	0.00000000	2.41756900	-3.15575800
183.19998929	0.00000000	2.78666300	-3.15575800
183.39998928	0.00000000	3.11884800	-3.15575800
183.59998927	0.00000000	3.16190900	-3.15575800
183.79998926	0.00000000	3.16190900	-3.15575800
183.99998925	0.00000000	3.11884800	-3.15575800
184.19998923	0.00000000	2.78666300	-3.11269700
184.39998922	0.00000000	2.41756900	-2.73745100
184.59998921	0.00000000	2.74360200	-1.99311000
184.79998920	0.00000000	2.74360200	-1.61786400
184.99998919	0.00000000	2.41756900	-1.57480300
185.19998918	0.00000000	2.78666300	-1.57480300
185.39998916	0.00000000	3.11884800	-1.61786400
185.59998915	0.00000000	3.16190900	-1.99311000
185.79998914	0.00000000	3.16190900	-2.73745100
185.99998913	0.00000000	3.16190900	-3.11269700
186.19998912	0.00000000	3.16190900	-3.15575800
186.39998910	0.00000000	3.16190900	-3.15575800
186.59998909	0.00000000	3.11884800	-3.15575800
186.79998908	0.00000000	2.78666300	-3.15575800
186.99998907	0.00000000	2.37450800	-3.15575800
187.19998906	0.00000000	2.36835600	-3.11269700
187.39998904	0.00000000	1.95620100	-2.73745100
187.59998903	0.00000000	1.62401600	-1.99311000
187.79998902	0.00000000	1.58095500	-1.61786400
187.99998901	0.00000000	1.62401600	-1.57480300
188.19998900	0.00000000	1.99926200	-1.57480300
188.39998899	0.00000000	2.74360200	-1.61786400
188.59998897	0.00000000	3.11884800	-1.99311000
188.79998896	0.00000000	3.16190900	-2.73745100
188.99998895	0.00000000	3.16190900	-3.11269700
189.19998894	0.00000000	3.16190900	-3.15575800
189.39998893	0.00000000	3.16190900	-3.15575800
189.59998891	0.00000000	3.16190900	-3.15575800
189.79998890	0.00000000	3.16190900	-3.11269700
189.99998889	0.00000000	3.11884800	-2.78051200
190.19998888	0.00000000	2.74360200	-2.36835600
190.39998887	0.00000000	1.99926200	-2.36220500
190.59998885	0.00000000	1.62401600	-1.95004900
190.79998884	0.00000000	1.58095500	-1.61786400
190.99998883	0.00000000	1.58095500	-1.57480300
191.19998882	0.00000000	1.62401600	-1.57480300
191.39998881	0.00000000	1.99926200	-1.61786400
191.59998880	0.00000000	2.74360200	-1.95004900
191.79998878	0.00000000	3.11884800	-2.36220500
191.99998877	0.00000000	3.16190900	-2.36835600
192.19998876	0.00000000	3.16190900	-2.78051200
192.39998875	0.00000000	3.16190900	-3.11269700
192.59998874	0.00000000	3.11884800	-3.15575800
192.79998872	0.00000000	2.74360200	-3.15575800
192.99998871	0.00000000	1.99926200	-3.15575800
193.19998870	0.00000000	1.62401600	-3.15575800
193.39998869	0.00000000	1.62401600	-3.15575800
193.59998868	0.00000000	1.95620100	-3.11269700
193.79998866	0.00000000	2.32529500	-2.73745100
193.99998865	0.00000000	1.99926200	-1.99311000
194.19998864	0.00000000	2.04847400	-1.61786400
194.39998863	0.00000000	2.74360200	-1.57480300
194.59998862	0.00000000	3.11884800	-1.57480300
194.79998861	0.00000000	3.16190900	-1.61786400
194.99998859	0.00000000	3.16190900	-1.95004900
195.19998858	0.00000000	3.16190900	-2.36220500
195.39998857	0.00000000	3.16190900	-2.36835600
195.59998856	0.00000000	3.16190900	-2.78051200
195.79998855	0.00000000	3.11884800	-3.11269700
195.99998853	0.00000000	2.78666300	-3.15575800
