Time	Channel A	Channel B	Channel C
(us)	(V)	(mV)	(mV)

-4.59999956	0.00000000	35.99286000	12.58612000
-4.39999957	0.00000000	35.58071000	12.25394000
-4.19999958	0.00000000	35.61762000	11.88484000
-3.99999959	0.00000000	35.58071000	12.25394000
-3.79999960	0.00000000	35.94980000	12.53691000
-3.59999962	0.00000000	35.90059000	12.21087000
-3.39999963	0.00000000	35.20546000	11.51575000
-3.19999964	0.00000000	34.83022000	11.46653000
-2.99999965	0.00000000	34.78716000	11.79257000
-2.79999966	0.00000000	34.78716000	11.42347000
-2.59999968	0.00000000	34.78716000	11.09129000
-2.39999969	0.00000000	34.78716000	11.04823000
-2.19999970	0.00000000	34.78716000	11.04823000
-1.99999971	0.00000000	34.78716000	11.09129000
-1.79999972	0.00000000	34.78716000	11.42347000
-1.59999973	0.00000000	34.78716000	11.79257000
-1.39999975	0.00000000	34.78716000	11.42347000
-1.19999976	0.00000000	34.78716000	11.09129000
-0.99999977	0.00000000	34.78716000	11.04823000
-0.79999978	0.00000000	34.78716000	11.04823000
-0.59999979	0.00000000	34.78716000	11.04823000
-0.39999981	0.15871060	34.78716000	11.04823000
-0.19999982	0.47736220	34.78716000	11.04823000
0.00000017	0.79601380	34.83022000	11.04823000
0.20000016	0.95533960	35.16240000	11.04823000
0.40000015	0.95533960	35.53149000	11.04823000
0.60000013	0.47736220	35.16240000	11.04823000
0.80000012	-0.31803640	34.83022000	11.04823000
1.00000011	-1.27399100	34.78716000	11.04823000
1.20000010	-2.22994600	34.78716000	11.04823000
1.40000009	-2.70792300	34.78716000	11.09129000
1.60000008	-2.54859700	34.78716000	11.42347000
1.80000006	-1.75196900	34.78716000	11.83563000
2.00000005	0.00000000	34.78716000	11.79872000
2.20000004	2.07062000	34.78716000	11.83563000
2.40000003	3.98191400	34.78716000	11.42347000
2.60000002	5.25652100	34.78716000	11.09129000
2.80000000	5.09719500	34.78716000	11.04823000
2.99999999	3.50393700	34.78716000	11.04823000
3.19999998	0.63668800	34.78716000	11.04823000
3.39999997	-2.70792300	34.78716000	11.04823000
3.59999996	-5.73449800	34.78716000	11.09129000
3.79999994	-7.64579200	34.78716000	11.46653000
3.99999993	-7.80511800	34.83022000	12.21087000
4.19999992	-5.73449800	35.16240000	12.58612000
4.39999991	-2.22994600	35.57455000	12.62918000
4.59999990	2.22994600	35.53765000	12.62918000
4.79999989	6.21247500	35.57455000	12.62918000
4.99999987	8.92039900	35.16240000	12.58612000
5.19999986	9.39837600	34.83022000	12.21087000
5.39999985	7.48646600	34.78716000	11.46653000
5.59999984	3.66326300	34.78716000	11.09129000
5.79999983	-1.11466500	34.78716000	11.04823000
5.99999981	-5.57517200	34.78716000	11.04823000
6.19999980	-8.60174700	34.78716000	11.09129000
6.39999979	-9.55770200	34.78716000	11.46653000
6.59999978	-7.96444400	34.83022000	12.21087000
6.79999977	-4.61921700	35.16240000	12.58612000
6.99999975	-0.15871060	35.57455000	12.62918000
7.19999974	3.98191400	35.53765000	12.62918000
7.39999973	6.84916400	35.57455000	12.58612000
7.59999972	7.80511800	35.16240000	12.21087000
7.79999971	6.84916400	34.83022000	11.46653000
7.99999970	4.30056600	34.78716000	11.09129000
8.19999968	0.95533960	34.78716000	11.04823000
8.39999967	-2.07062000	34.78716000	11.09129000
8.59999966	-4.30056600	34.83022000	11.42347000
8.79999965	-5.25652100	35.16240000	11.83563000
8.99999964	-4.61921700	35.53149000	11.79872000
9.19999962	-3.18590100	35.16240000	11.87869000
9.39999961	-1.11466500	34.83022000	11.79872000
9.59999960	0.63668800	34.78716000	11.83563000
9.79999959	1.91129400	34.78716000	11.42347000
9.99999958	2.54859700	34.83022000	11.09129000
10.19999956	2.38927200	35.16240000	11.04823000
10.39999955	1.59264300	35.53149000	11.04823000
10.59999954	0.79601380	35.16240000	11.04823000
10.79999953	0.00000000	34.83022000	11.04823000
10.99999952	-0.63668800	34.83022000	11.04823000
11.19999951	-0.95533960	35.16240000	11.04823000
11.39999949	-0.95533960	35.53149000	11.04823000
11.59999948	-0.79601380	35.16240000	11.04823000
11.79999947	-0.47736220	34.83022000	11.04823000
11.99999946	-0.15871060	34.78716000	11.04823000
12.19999945	-0.15871060	34.78716000	11.04823000
12.39999943	-0.15871060	34.78716000	11.04823000
12.59999942	0.00000000	34.78716000	11.04823000
12.79999941	0.00000000	34.78716000	11.04823000
12.99999940	0.00000000	34.78716000	11.04823000
13.19999939	0.00000000	34.78716000	11.04823000
13.39999937	0.00000000	34.78716000	11.04823000
13.59999936	0.00000000	34.78716000	11.04823000
13.79999935	0.00000000	34.78716000	11.04823000
13.99999934	-0.15871060	34.78716000	11.04823000
14.19999933	-0.15871060	34.78716000	11.04823000
14.39999932	-0.15871060	34.78716000	11.04823000
14.59999930	-0.15871060	34.78716000	11.04823000
14.79999929	0.00000000	34.78716000	11.04823000
14.99999928	0.00000000	34.78716000	11.04823000
15.19999927	0.00000000	34.78716000	11.04823000
15.39999926	0.00000000	34.78716000	11.04823000
15.59999924	0.00000000	34.78716000	11.04823000
15.79999923	0.00000000	34.78716000	11.04823000
15.99999922	0.00000000	34.78716000	11.04823000
16.19999921	0.00000000	34.78716000	11.04823000
16.39999920	-0.15871060	34.78716000	11.04823000
16.59999919	-0.15871060	34.83022000	11.04823000
16.79999917	-0.15871060	35.20546000	11.04823000
16.99999916	0.00000000	35.99286000	11.09129000
17.19999915	0.00000000	36.74335000	11.42347000
17.39999914	0.00000000	37.48154000	11.79257000
17.59999913	0.00000000	37.48154000	11.42347000
17.79999911	0.00000000	36.74335000	11.14050000
17.99999910	0.00000000	35.94980000	11.42347000
18.19999909	0.00000000	34.69488000	11.83563000
18.39999908	0.00000000	32.82480000	11.79872000
18.59999907	0.00000000	30.87475000	11.83563000
18.79999905	0.00000000	29.75517000	11.42347000
18.99999904	0.00000000	29.38607000	11.09129000
19.19999903	0.00000000	30.54872000	11.04823000
19.39999902	0.00000000	32.91707000	11.04823000
19.59999901	0.00000000	36.04207000	11.09129000
19.79999900	0.00000000	40.27436000	11.42347000
19.99999898	0.00000000	43.71924000	11.79257000
20.19999897	0.00000000	45.67544000	11.42347000
20.39999896	0.00000000	45.95226000	11.09129000
20.59999895	0.00000000	43.16560000	11.04823000
20.79999894	0.00000000	37.39542000	11.04823000
20.99999892	0.00000000	30.03814000	11.04823000
21.19999891	0.00000000	22.68701000	11.04823000
21.39999890	0.00000000	16.91683000	11.04823000
21.59999889	0.00000000	14.26550000	11.04823000
21.79999888	0.00000000	15.93873000	11.04823000
21.99999886	0.00000000	22.54552000	11.04823000
22.19999885	0.00000000	33.42765000	11.04823000
22.39999884	0.00000000	46.13681000	11.04823000
22.59999883	0.00000000	58.08932000	11.04823000
22.79999882	0.00000000	65.68652000	11.04823000
22.99999881	0.00000000	66.46776000	11.09129000
23.19999879	0.00000000	59.82406000	11.46653000
23.39999878	0.00000000	47.02263000	12.21087000
23.59999877	0.00000000	29.95201000	12.58612000
23.79999876	0.00000000	12.26624000	12.62918000
23.99999875	0.00000000	-1.59325800	12.62918000
24.19999873	0.00000000	-7.69562000	12.58612000
24.39999872	0.00000000	-4.20152500	12.16166000
24.59999871	0.00000000	8.63065900	10.96211000
24.79999870	0.00000000	28.36491000	9.09817800
24.99999869	0.00000000	51.11343000	7.14812900
25.19999867	0.00000000	71.12450000	6.02854300
25.39999866	0.00000000	83.12623000	5.66560000
25.59999865	0.00000000	84.62106000	6.86515700
25.79999864	0.00000000	74.88927000	9.51648500
25.99999863	0.00000000	55.16732000	12.67224000
26.19999862	0.00000000	30.13041000	16.20325000
26.39999860	0.00000000	5.80093500	20.01722000
26.59999859	0.00000000	-11.97096000	22.66855000
26.79999858	0.00000000	-19.27903000	22.99459000
26.99999857	0.00000000	-14.25320000	20.62008000
27.19999856	0.00000000	2.30684000	15.18824000
27.39999854	0.00000000	25.80585000	7.84940900
27.59999853	0.00000000	50.60285000	0.13533460
27.79999852	0.00000000	71.49975000	-6.36687900
27.99999851	0.00000000	84.19660000	-9.38730200
28.19999850	0.00000000	85.40846000	-7.85556000
28.39999848	0.00000000	75.03690000	-2.00541300
28.59999847	0.00000000	56.50836000	7.33267600
28.79999846	0.00000000	33.71063000	18.94685000
28.99999845	0.00000000	12.12475000	30.46875000
29.19999844	0.00000000	-3.03887800	38.88410000
29.39999843	0.00000000	-9.31963500	41.57849000
29.59999841	0.00000000	-6.25000000	37.67839000
29.79999840	0.00000000	5.33341500	27.96506000
29.99999839	0.00000000	22.68701000	13.65650000
30.19999838	0.00000000	41.62770000	-2.14074800
30.39999837	0.00000000	57.91092000	-15.66191000
30.59999835	0.00000000	68.38091000	-24.11417000
30.79999834	0.00000000	71.16756000	-25.23376000
30.99999833	0.00000000	66.19094000	-18.26402000
31.19999832	0.00000000	55.39493000	-4.74286400
31.39999831	0.00000000	41.06176000	12.67840000
31.59999829	0.00000000	26.35950000	30.42569000
31.79999828	0.00000000	14.35777000	44.64198000
31.99999827	0.00000000	7.38188900	51.61171000
32.19999826	0.00000000	6.96358300	49.71087000
32.39999825	0.00000000	12.68455000	40.08366000
32.59999824	0.00000000	22.68701000	24.57554000
32.79999822	0.00000000	34.31963000	6.44685000
32.99999821	0.00000000	45.16486000	-10.59301000
33.19999820	0.00000000	53.25418000	-22.95768000
33.39999819	0.00000000	56.32997000	-28.34645000
33.59999818	0.00000000	53.76476000	-25.27682000
33.79999816	0.00000000	47.25640000	-14.49926000
33.99999815	0.00000000	39.11171000	0.92888770
34.19999814	0.00000000	30.59178000	17.97490000
34.39999813	0.00000000	23.66511000	33.03395000
34.59999812	0.00000000	20.21407000	43.06717000
34.79999810	0.00000000	20.92150000	45.76156000
34.99999809	0.00000000	25.47367000	40.45890000
35.19999808	0.00000000	31.61909000	29.31225000
35.39999807	0.00000000	37.81373000	15.36663000
35.59999806	0.00000000	42.83341000	1.06422200
35.79999805	0.00000000	45.12180000	-10.45768000
35.99999803	0.00000000	44.37131000	-16.26476000
36.19999802	0.00000000	40.55733000	-15.15133000
36.39999801	0.00000000	35.20546000	-7.90477300
36.59999800	0.00000000	30.17347000	3.29109200
36.79999799	0.00000000	26.31643000	15.60654000
36.99999797	0.00000000	24.82160000	26.34104000
37.19999796	0.00000000	26.31643000	32.10507000
37.39999795	0.00000000	30.13041000	31.40379000
37.59999794	0.00000000	34.73794000	25.31373000
37.79999793	0.00000000	39.01944000	15.74188000
37.99999791	0.00000000	42.13828000	5.80093500
38.19999790	0.00000000	43.67618000	-1.53789400
38.39999789	0.00000000	43.25172000	-4.60752900
38.59999788	0.00000000	40.55733000	-2.70054100
38.79999787	0.00000000	36.36811000	3.84473400
38.99999786	0.00000000	32.08661000	12.96137000
39.19999784	0.00000000	28.59252000	21.78272000
39.39999783	0.00000000	26.22416000	27.09153000
39.59999782	0.00000000	25.47367000	27.54675000
39.79999781	0.00000000	26.22416000	22.90231000
39.99999780	0.00000000	28.59252000	14.85605000
40.19999778	0.00000000	32.03740000	5.24729300
40.39999777	0.00000000	35.94980000	-3.16806100
40.59999776	0.00000000	39.39468000	-7.72022600
40.79999775	0.00000000	41.80610000	-6.96973400
40.99999774	0.00000000	42.93184000	-0.84276570
41.19999772	0.00000000	42.96875000	8.35998900
41.39999771	0.00000000	41.35088000	18.39321000
41.59999770	0.00000000	38.69341000	26.80241000
41.79999769	0.00000000	35.16240000	31.02854000
41.99999768	0.00000000	31.71137000	29.91511000
42.19999767	0.00000000	28.96776000	24.15723000
42.39999765	0.00000000	27.38681000	15.36663000
42.59999764	0.00000000	27.01156000	6.12696800
42.79999763	0.00000000	27.76206000	-0.84276570
42.99999762	0.00000000	29.70595000	-4.69365100
43.19999761	0.00000000	32.03740000	-4.32455700
43.39999759	0.00000000	34.73794000	0.17839570
43.59999758	0.00000000	37.06324000	6.31151500
43.79999757	0.00000000	38.23203000	12.58612000
43.99999756	0.00000000	38.69341000	18.35015000
44.19999755	0.00000000	38.32431000	22.15797000
44.39999753	0.00000000	37.99213000	22.61934000
44.59999752	0.00000000	37.94907000	20.39247000
44.79999751	0.00000000	37.90600000	16.90453000
44.99999750	0.00000000	37.48154000	12.62918000
45.19999749	0.00000000	36.32505000	8.40305000
45.39999748	0.00000000	34.73794000	5.33341500
45.59999746	0.00000000	32.73868000	4.12770700
45.79999745	0.00000000	30.03814000	4.87204700
45.99999744	0.00000000	27.34375000	6.77903500
46.19999743	0.00000000	25.43061000	9.51648500
46.39999742	0.00000000	24.68627000	12.53691000
46.59999740	0.00000000	25.94119000	14.90526000
46.79999739	0.00000000	29.43528000	16.06791000
46.99999738	0.00000000	34.87328000	16.48007000
47.19999737	0.00000000	41.06791000	15.64960000
47.39999736	0.00000000	46.83809000	13.79183000
47.59999734	0.00000000	50.64591000	11.42347000
47.79999733	0.00000000	50.97810000	9.09817800
47.99999732	0.00000000	47.48400000	6.77903500
48.19999731	0.00000000	40.50812000	5.29035400
48.39999730	-0.15871060	31.61909000	5.29035400
48.59999729	0.00000000	22.77928000	6.77903500
48.79999727	0.00000000	16.26476000	9.14124000
48.99999726	0.00000000	14.35777000	11.88484000
49.19999725	0.00000000	17.42741000	15.36663000
49.39999724	0.00000000	24.73548000	18.30093000
49.59999723	0.00000000	34.41191000	19.08834000
49.79999721	0.00000000	44.04527000	17.23056000
49.99999720	0.00000000	51.76550000	14.16092000
50.19999719	0.00000000	55.16732000	10.62992000
50.39999718	0.00000000	53.30339000	6.77903500
50.59999717	0.00000000	46.74582000	3.75246000
50.79999715	0.00000000	37.53075000	2.54675200
50.99999714	0.00000000	27.85433000	3.33415300
51.19999713	0.00000000	20.17101000	5.66560000
51.39999712	0.00000000	16.31397000	9.56569900
51.59999711	0.00000000	17.42741000	14.11786000
51.79999710	0.00000000	22.82234000	17.97490000
51.99999708	0.00000000	30.88090000	19.93110000
52.19999707	0.00000000	39.71457000	19.93110000
52.39999706	0.00000000	46.23523000	18.01796000
52.59999705	0.00000000	48.97884000	14.53617000
52.79999704	0.00000000	47.44094000	10.72219000
52.99999702	0.00000000	42.09522000	7.19734200
53.19999701	0.00000000	34.78716000	4.91510800
53.39999700	0.00000000	27.52214000	4.12770700
53.59999699	0.00000000	22.54552000	5.29035400
53.79999698	0.00000000	21.70891000	7.89247000
53.99999696	0.00000000	24.36024000	10.62992000
54.19999695	0.00000000	29.38607000	12.91215000
54.39999694	0.00000000	35.90059000	14.48696000
54.59999693	0.00000000	41.62770000	14.45005000
54.79999692	0.00000000	44.74655000	13.37352000
54.99999691	0.00000000	44.74655000	11.42347000
55.19999689	0.00000000	41.71998000	9.60875900
55.39999688	0.00000000	36.69414000	8.82135800
55.59999687	0.00000000	31.29306000	9.55954600
55.79999686	-0.15871060	26.31643000	11.09744000
55.99999685	0.00000000	23.66511000	13.00443000
56.19999683	0.00000000	24.40330000	14.90526000
56.39999682	0.00000000	27.80512000	15.64960000
56.59999681	0.00000000	32.82480000	15.23130000
56.79999680	0.00000000	37.81373000	13.28125000
56.99999679	0.00000000	41.71998000	9.84867000
57.19999677	0.00000000	43.62696000	6.40378900
57.39999676	0.00000000	43.25172000	3.75246000
57.59999675	0.00000000	40.55733000	3.05733300
57.79999674	0.00000000	36.36811000	5.33341500
57.99999673	0.00000000	32.12967000	9.56569900
58.19999672	0.00000000	29.01082000	14.58538000
58.39999670	0.00000000	27.47293000	19.55585000
58.59999669	0.00000000	27.84818000	22.61934000
58.79999668	0.00000000	30.13041000	22.99459000
58.99999667	0.00000000	33.20005000	20.66314000
59.19999666	0.00000000	36.27584000	15.60654000
59.39999664	0.00000000	38.60113000	9.09817800
59.59999663	0.00000000	39.35162000	2.55290300
59.79999662	0.00000000	38.64419000	-2.04847400
59.99999661	0.00000000	36.70029000	-3.58636800
60.19999660	0.00000000	34.45497000	-1.63016700
60.39999658	0.00000000	32.46186000	3.75246000
60.59999657	0.00000000	31.33612000	11.04823000
60.79999656	0.00000000	30.92396000	18.39321000
60.99999655	0.00000000	31.71137000	24.15723000
61.19999654	0.00000000	33.20005000	26.80241000
61.39999653	0.00000000	34.78716000	25.27067000
61.59999651	0.00000000	36.27584000	19.88189000
61.79999650	0.00000000	37.02018000	12.21087000
61.99999649	0.00000000	36.27584000	4.12770700
62.19999648	0.00000000	34.78716000	-2.04847400
62.39999647	0.00000000	33.20005000	-5.11195900
62.59999645	0.00000000	31.66215000	-4.36761800
62.79999644	0.00000000	30.54872000	0.22760820
62.99999643	0.00000000	30.54872000	6.77903500
63.19999642	0.00000000	31.66215000	14.11786000
63.39999641	0.00000000	33.24926000	20.66929000
63.59999639	0.00000000	35.20546000	24.57554000
63.79999638	0.00000000	37.48154000	25.78125000
63.99999637	0.00000000	38.97638000	24.15723000
64.19999636	0.00000000	38.97638000	19.55585000
64.39999635	0.00000000	37.48154000	13.00443000
64.59999634	0.00000000	35.20546000	6.48991100
64.79999632	0.00000000	33.24926000	1.48253000
64.99999631	0.00000000	31.71137000	-0.51673230
65.19999630	0.00000000	30.92396000	0.17839570
65.39999629	0.00000000	31.33612000	2.50369100
65.59999628	0.00000000	32.46186000	6.35457700
65.79999626	0.00000000	34.36884000	10.58686000
65.99999625	0.00000000	35.85752000	14.16092000
66.19999624	0.00000000	36.32505000	17.27977000
66.39999623	0.00000000	36.32505000	19.59892000
66.59999622	0.00000000	35.85752000	20.39247000
66.79999620	0.00000000	34.31963000	20.01722000
66.99999619	0.00000000	32.12967000	18.43627000
67.19999618	0.00000000	31.01009000	15.74188000
67.39999617	0.00000000	31.71137000	12.62918000
67.59999616	0.00000000	33.29232000	9.42421200
67.79999615	0.00000000	35.58071000	5.93626900
67.99999613	0.00000000	38.26894000	2.50369100
68.19999612	0.00000000	39.76993000	0.59670270
68.39999611	0.00000000	40.18209000	0.55364170
68.59999610	0.00000000	38.93332000	2.12844500
68.79999609	0.00000000	35.85752000	5.29035400
68.99999607	0.00000000	31.61909000	9.93479300
69.19999606	0.00000000	27.42987000	15.32357000
69.39999605	0.00000000	24.73548000	19.92495000
69.59999604	0.00000000	24.31102000	22.66855000
69.79999603	0.00000000	25.89198000	23.03765000
69.99999601	0.00000000	29.38607000	21.08760000
70.19999600	0.00000000	34.41191000	16.81225000
70.39999599	0.00000000	39.43774000	11.04823000
70.59999598	0.00000000	43.67618000	5.24729300
70.79999597	0.00000000	45.95226000	0.64591530
70.99999596	0.00000000	45.16486000	-1.67322800
71.19999594	0.00000000	41.71998000	-0.93503930
71.39999593	0.00000000	36.27584000	2.12844500
71.59999592	0.00000000	30.13041000	6.77903500
71.79999591	0.00000000	24.68627000	12.16166000
71.99999590	0.00000000	21.24139000	16.81225000
72.19999588	0.00000000	20.45399000	19.88189000
72.39999587	0.00000000	22.77928000	20.66929000
72.59999586	0.00000000	27.42987000	18.76845000
72.79999585	0.00000000	33.61835000	15.36663000
72.99999584	0.00000000	40.13287000	11.51575000
73.19999582	0.00000000	44.74655000	8.44611200
73.39999581	0.00000000	46.37057000	6.86515700
73.59999580	0.00000000	45.25713000	6.82209600
73.79999579	0.00000000	42.13828000	7.93553100
73.99999578	0.00000000	37.48154000	9.47342500
74.19999577	0.00000000	32.08661000	11.00517000
74.39999575	0.00000000	27.47293000	12.11860000
74.59999574	0.00000000	24.73548000	12.11860000
74.79999573	0.00000000	24.36024000	11.00517000
74.99999572	0.00000000	26.26722000	9.51648500
75.19999571	0.00000000	30.03814000	8.40305000
75.39999569	0.00000000	33.94439000	8.40305000
75.59999568	0.00000000	37.06939000	9.55954600
75.79999567	0.00000000	39.76377000	11.51575000
75.99999566	0.00000000	40.51427000	14.25320000
76.19999565	0.00000000	39.43774000	17.23056000
76.39999563	0.00000000	37.53075000	19.13140000
76.59999562	0.00000000	35.20546000	18.71924000
76.79999561	0.00000000	33.33538000	16.39395000
76.99999560	0.00000000	32.50492000	12.11860000
77.19999559	0.00000000	32.82480000	6.82209600
77.39999558	0.00000000	33.20005000	2.54675200
77.59999556	0.00000000	33.57529000	0.22145670
77.79999555	0.00000000	33.94439000	-0.14148620
77.99999554	0.00000000	33.57529000	2.22071800
78.19999553	0.00000000	33.20005000	6.77903500
78.39999552	0.00000000	32.78174000	12.25394000
78.59999550	0.00000000	32.03740000	17.64887000
78.79999549	0.00000000	31.75443000	22.20103000
78.99999548	0.00000000	32.50492000	23.68971000
79.19999547	0.00000000	34.41191000	21.50590000
79.39999546	0.00000000	36.32505000	17.32283000
79.59999544	0.00000000	37.90600000	12.62918000
79.79999543	0.00000000	39.01944000	7.93553100
79.99999542	0.00000000	38.97638000	3.70939900
80.19999541	0.00000000	37.43848000	1.06422200
80.39999540	0.00000000	34.73794000	0.97194880
80.59999539	0.00000000	31.66830000	2.87278500
80.79999537	0.00000000	28.96776000	5.57332700
80.99999536	0.00000000	27.47293000	9.09817800
81.19999535	0.00000000	27.80512000	12.53691000
81.39999534	0.00000000	29.70595000	15.27436000
81.59999533	0.00000000	32.03740000	16.85531000
81.79999531	0.00000000	34.78716000	17.32283000
81.99999530	0.00000000	37.43848000	17.32283000
82.19999529	0.00000000	38.97638000	16.85531000
82.39999528	0.00000000	39.01944000	15.27436000
82.59999527	0.00000000	37.85679000	12.58612000
82.79999525	0.00000000	35.94980000	9.51648500
82.99999524	0.00000000	33.61835000	6.77903500
83.19999523	0.00000000	31.71137000	4.82283400
83.39999522	0.00000000	30.50566000	3.62327700
83.59999521	0.00000000	30.13041000	3.29109200
83.79999520	0.00000000	30.54872000	4.12770700
83.99999518	0.00000000	32.03740000	6.82209600
84.19999517	0.00000000	33.90133000	10.62992000
84.39999516	0.00000000	34.69488000	14.11786000
84.59999515	0.00000000	34.78716000	16.90453000
84.79999514	0.00000000	34.78716000	18.81152000
84.99999512	0.00000000	34.78716000	19.55585000
85.19999511	0.00000000	34.78716000	18.35015000
85.39999510	0.00000000	34.78716000	15.27436000
85.59999509	0.00000000	34.78716000	11.04823000
85.79999508	0.00000000	34.78716000	6.77903500
85.99999506	0.00000000	34.78716000	3.29109200
86.19999505	0.00000000	34.74409000	1.01501000
86.39999504	0.00000000	34.31963000	1.06422200
86.59999503	0.00000000	33.20005000	3.70939900
86.79999502	0.00000000	32.03740000	7.93553100
86.99999501	0.00000000	31.24384000	12.58612000
87.19999499	0.00000000	30.50566000	16.81225000
87.39999498	0.00000000	30.54872000	19.50664000
87.59999497	0.00000000	31.66215000	19.88189000
87.79999496	0.00000000	33.20005000	17.97490000
87.99999495	0.00000000	34.78716000	14.11786000
88.19999493	0.00000000	36.27584000	9.51648500
88.39999492	0.00000000	37.06324000	5.29035400
88.59999491	0.00000000	36.70029000	2.59596400
88.79999490	0.00000000	35.94980000	2.22071800
88.99999489	0.00000000	34.73794000	4.12770700
89.19999487	0.00000000	33.24926000	7.98474400
89.39999486	0.00000000	32.08661000	12.58612000
89.59999485	0.00000000	31.66215000	16.81225000
89.79999484	0.00000000	31.66215000	19.46358000
89.99999483	0.00000000	32.03740000	19.46358000
90.19999482	0.00000000	32.82480000	16.81225000
90.39999480	0.00000000	33.57529000	12.62918000
90.59999479	0.00000000	34.36884000	8.35998900
90.79999478	0.00000000	34.74409000	4.87204700
90.99999477	0.00000000	34.78716000	2.59596400
91.19999476	0.00000000	34.78716000	2.63902500
91.39999474	0.00000000	34.74409000	5.29035400
91.59999473	0.00000000	34.41191000	9.51648500
91.79999472	0.00000000	34.04282000	14.11786000
91.99999471	0.00000000	34.41191000	17.97490000
92.19999470	0.00000000	34.74409000	19.88189000
92.39999468	0.00000000	34.74409000	19.46358000
92.59999467	0.00000000	34.31963000	16.39395000
92.79999466	0.00000000	33.20005000	11.42347000
92.99999465	0.00000000	32.03740000	6.44685000
93.19999464	0.00000000	31.24384000	2.63902500
93.39999463	0.00000000	30.50566000	1.48253000
93.59999461	0.00000000	30.54872000	3.33415300
93.79999460	0.00000000	31.66215000	6.77903500
93.99999459	0.00000000	33.20005000	11.04823000
94.19999458	0.00000000	34.83022000	15.27436000
94.39999457	0.00000000	36.74335000	18.30093000
94.59999455	0.00000000	38.64419000	19.08834000
94.79999454	0.00000000	39.39468000	17.18750000
94.99999453	0.00000000	39.01944000	13.79183000
95.19999452	0.00000000	37.43848000	9.89173200
95.39999451	0.00000000	34.73794000	6.40378900
95.59999449	0.00000000	31.61909000	3.75246000
95.79999448	0.00000000	28.54946000	3.01427100
95.99999447	0.00000000	26.26722000	4.87204700
96.19999446	0.00000000	25.89198000	7.89247000
96.39999445	0.00000000	27.42987000	11.04823000
96.59999444	0.00000000	30.50566000	14.11786000
96.79999442	0.00000000	34.41191000	16.39395000
96.99999441	0.00000000	38.23203000	16.76919000
97.19999440	0.00000000	41.34473000	15.27436000
97.39999439	0.00000000	42.46432000	12.62918000
97.59999438	0.00000000	41.76304000	9.98400600
97.79999436	0.00000000	39.39468000	8.35998900
97.99999435	0.00000000	35.90059000	7.56028500
98.19999434	0.00000000	31.66830000	7.19734200
98.39999433	0.00000000	27.80512000	7.98474400
98.59999432	0.00000000	25.47367000	9.42421200
98.79999430	0.00000000	24.68627000	10.62992000
98.99999429	0.00000000	25.84892000	11.42347000
99.19999428	0.00000000	28.54946000	12.16166000
99.39999427	0.00000000	32.03740000	12.21087000
99.59999426	0.00000000	35.90059000	11.88484000
99.79999425	0.00000000	39.01944000	12.25394000
99.99999423	0.00000000	40.97564000	12.58612000
100.19999422	0.00000000	41.71998000	12.62918000
100.39999421	0.00000000	40.55733000	12.62918000
100.59999420	0.00000000	37.90600000	12.58612000
100.79999419	0.00000000	34.78716000	12.16166000
100.99999417	0.00000000	31.71137000	11.00517000
101.19999416	0.00000000	29.34301000	9.47342500
101.39999415	0.00000000	28.17421000	7.93553100
101.59999414	0.00000000	27.76206000	6.77903500
101.79999413	0.00000000	28.54946000	6.40378900
101.99999411	0.00000000	30.08120000	6.82209600
102.19999410	0.00000000	32.03740000	8.40305000
102.39999409	0.00000000	34.36884000	11.09744000
102.59999408	0.00000000	36.32505000	14.11786000
102.79999407	0.00000000	37.85679000	16.43701000
102.99999406	0.00000000	38.60113000	17.18750000
103.19999404	0.00000000	37.85679000	16.43701000
103.39999403	0.00000000	36.32505000	14.11786000
103.59999402	0.00000000	34.36884000	11.04823000
103.79999401	0.00000000	32.08661000	7.93553100
103.99999400	0.00000000	30.50566000	5.29035400
104.19999398	0.00000000	29.70595000	4.12770700
104.39999397	0.00000000	29.34301000	4.87204700
104.59999396	0.00000000	30.13041000	6.77903500
104.79999395	0.00000000	31.61909000	9.51648500
104.99999394	0.00000000	33.20005000	12.58612000
105.19999392	0.00000000	34.73794000	15.23130000
105.39999391	0.00000000	35.90059000	16.39395000
105.59999390	0.00000000	36.27584000	15.69882000
105.79999389	0.00000000	35.94980000	14.16092000
105.99999388	0.00000000	35.16240000	12.21087000
106.19999387	0.00000000	34.36884000	9.89173200
106.39999385	0.00000000	33.20005000	7.98474400
106.59999384	0.00000000	32.08661000	6.82209600
106.79999383	0.00000000	31.71137000	6.86515700
106.99999382	0.00000000	32.03740000	8.35383800
107.19999381	0.00000000	32.82480000	10.58686000
107.39999379	0.00000000	33.57529000	12.11860000
107.59999378	0.00000000	34.36884000	12.62918000
107.79999377	0.00000000	34.69488000	12.96137000
107.99999376	0.00000000	34.36884000	12.90600000
108.19999375	0.00000000	33.57529000	11.42347000
108.39999374	0.00000000	32.78174000	9.93479300
108.59999372	0.00000000	31.66215000	9.09817800
108.79999371	0.00000000	30.92396000	8.31077700
108.99999370	0.00000000	31.28691000	8.02780400
109.19999369	0.00000000	32.03740000	8.77214500
109.39999368	0.00000000	33.20005000	10.67298000
109.59999366	0.00000000	34.31963000	12.53691000
109.79999365	0.00000000	34.78716000	13.74262000
109.99999364	0.00000000	35.16240000	14.16708000
110.19999363	0.00000000	35.48228000	14.11786000
110.39999362	0.00000000	34.73794000	13.32431000
110.59999360	0.00000000	33.61835000	11.46653000
110.79999359	0.00000000	32.82480000	9.93479300
110.99999358	0.00000000	32.03740000	9.09817800
111.19999357	0.00000000	31.66215000	8.31077700
111.39999356	0.00000000	31.66215000	7.98474400
111.59999355	0.00000000	32.03740000	8.35998900
111.79999353	0.00000000	32.82480000	9.47342500
111.99999352	0.00000000	33.57529000	10.62992000
112.19999351	0.00000000	34.36884000	11.42347000
112.39999350	0.00000000	34.74409000	12.21087000
112.59999349	0.00000000	34.78716000	12.58612000
112.79999347	0.00000000	34.78716000	12.62918000
112.99999346	0.00000000	34.74409000	12.58612000
113.19999345	0.00000000	34.36884000	12.21087000
113.39999344	0.00000000	33.61835000	11.46653000
113.59999343	0.00000000	33.24311000	11.09129000
113.79999341	0.00000000	33.20005000	11.00517000
113.99999340	0.00000000	33.20005000	10.62992000
114.19999339	0.00000000	33.20005000	9.89173200
114.39999338	0.00000000	33.20005000	9.51648500
114.59999337	0.00000000	33.20005000	9.47342500
114.79999336	0.00000000	33.24311000	9.47342500
114.99999334	0.00000000	33.57529000	9.47342500
115.19999333	0.00000000	33.94439000	9.47342500
115.39999332	0.00000000	33.57529000	9.51648500
115.59999331	0.00000000	33.24311000	9.89173200
115.79999330	0.00000000	33.20005000	10.67298000
115.99999328	0.00000000	33.15699000	11.42347000
116.19999327	0.00000000	32.78174000	12.21087000
116.39999326	0.00000000	32.08661000	12.58612000
116.59999325	0.00000000	32.03740000	12.58612000
116.79999324	0.00000000	32.40649000	12.21087000
116.99999322	0.00000000	32.41265000	11.42347000
117.19999321	0.00000000	32.86786000	10.62992000
117.39999320	0.00000000	33.57529000	9.47342500
117.59999319	0.00000000	34.36884000	8.35998900
117.79999318	0.00000000	34.74409000	7.98474400
117.99999317	0.00000000	34.78716000	8.31077700
118.19999315	0.00000000	34.74409000	9.09817800
118.39999314	0.00000000	34.31963000	9.84867000
118.59999313	0.00000000	33.20005000	10.67298000
118.79999312	0.00000000	32.03740000	11.42347000
118.99999311	0.00000000	31.24384000	12.21087000
119.19999309	0.00000000	30.45644000	12.58612000
119.39999308	0.00000000	30.13041000	12.58612000
119.59999307	0.00000000	30.50566000	12.21087000
119.79999306	0.00000000	31.66215000	11.46653000
119.99999305	0.00000000	33.15699000	11.04823000
120.19999303	0.00000000	34.36884000	10.62992000
120.39999302	0.00000000	35.16240000	9.89173200
120.59999301	0.00000000	35.94980000	9.51648500
120.79999300	0.00000000	36.27584000	9.47342500
120.99999299	0.00000000	35.90059000	9.47342500
121.19999298	0.00000000	34.73794000	9.47342500
121.39999296	0.00000000	33.24926000	9.51648500
121.59999295	0.00000000	32.03740000	9.89173200
121.79999294	0.00000000	31.24384000	10.62992000
121.99999293	0.00000000	30.50566000	11.00517000
122.19999292	0.00000000	30.50566000	11.04823000
122.39999290	0.00000000	31.24384000	11.04823000
122.59999289	0.00000000	32.03740000	11.09129000
122.79999288	0.00000000	33.20005000	11.46653000
122.99999287	0.00000000	34.31963000	12.21087000
123.19999286	0.00000000	34.74409000	12.53691000
123.39999284	0.00000000	34.78716000	12.21087000
123.59999283	0.00000000	34.78716000	11.42347000
123.79999282	0.00000000	34.78716000	10.67298000
123.99999281	0.00000000	34.74409000	9.89173200
124.19999280	0.00000000	34.31963000	9.51648500
124.39999279	0.00000000	33.20005000	9.47342500
124.59999277	0.00000000	32.08661000	9.51648500
124.79999276	0.00000000	31.61909000	9.89173200
124.99999275	0.00000000	31.24384000	10.62992000
125.19999274	0.00000000	30.87475000	11.00517000
125.39999273	0.00000000	31.28691000	11.09129000
125.59999271	0.00000000	31.99434000	11.46653000
125.79999270	0.00000000	32.82480000	12.16166000
125.99999269	0.00000000	33.57529000	12.16166000
126.19999268	0.00000000	34.41191000	11.46653000
126.39999267	0.00000000	35.11934000	11.09129000
126.59999265	0.00000000	35.53149000	11.04823000
126.79999264	0.00000000	35.11934000	11.00517000
126.99999263	0.00000000	34.36884000	10.62992000
127.19999262	0.00000000	33.15699000	9.89173200
127.39999261	0.00000000	31.66215000	9.51648500
127.59999260	0.00000000	30.50566000	9.47342500
127.79999258	0.00000000	30.13041000	9.47342500
127.99999257	0.00000000	30.50566000	9.51648500
128.19999256	0.00000000	31.61909000	9.89173200
128.39999255	0.00000000	32.78174000	10.62992000
128.59999254	0.00000000	33.57529000	11.00517000
128.79999252	0.00000000	34.36884000	11.04823000
128.99999251	0.00000000	34.74409000	11.04823000
129.19999250	0.00000000	34.74409000	11.04823000
129.39999249	0.00000000	34.36884000	11.00517000
129.59999248	0.00000000	33.57529000	10.62992000
129.79999246	0.00000000	32.78174000	9.89173200
129.99999245	0.00000000	31.61909000	9.56569900
130.19999244	0.00000000	30.54872000	9.89173200
130.39999243	0.00000000	30.50566000	10.62992000
130.59999242	0.00000000	31.24384000	11.00517000
130.79999241	0.00000000	32.03740000	11.04823000
130.99999239	0.00000000	33.20005000	11.04823000
131.19999238	0.00000000	34.31963000	11.04823000
131.39999237	0.00000000	34.74409000	11.00517000
131.59999236	0.00000000	34.74409000	10.62992000
131.79999235	0.00000000	34.36884000	9.89173200
131.99999233	0.00000000	33.61835000	9.51648500
132.19999232	0.00000000	33.20005000	9.47342500
132.39999231	0.00000000	32.78174000	9.47342500
132.59999230	0.00000000	32.03740000	9.51648500
132.79999229	0.00000000	31.71137000	9.89173200
132.99999227	0.00000000	31.99434000	10.62992000
133.19999226	0.00000000	32.40649000	11.04823000
133.39999225	0.00000000	32.41265000	11.46653000
133.59999224	0.00000000	32.82480000	12.16166000
133.79999223	0.00000000	33.15699000	12.16166000
133.99999222	0.00000000	33.20005000	11.42347000
134.19999220	0.00000000	33.20005000	10.67298000
134.39999219	0.00000000	33.20005000	9.89173200
134.59999218	0.00000000	33.20005000	9.51648500
134.79999217	0.00000000	33.20005000	9.47342500
134.99999216	0.00000000	33.20005000	9.47342500
135.19999214	0.00000000	33.20005000	9.51648500
135.39999213	0.00000000	33.20005000	9.89173200
135.59999212	0.00000000	33.20005000	10.62992000
135.79999211	0.00000000	33.15699000	11.04823000
135.99999210	0.00000000	32.78174000	11.46653000
136.19999208	0.00000000	32.03740000	12.16166000
136.39999207	0.00000000	31.66215000	12.21087000
136.59999206	0.00000000	31.61909000	11.84178000
136.79999205	0.00000000	31.66215000	11.83563000
136.99999204	0.00000000	32.03740000	11.38041000
137.19999203	0.00000000	32.82480000	10.72219000
137.39999201	0.00000000	33.57529000	10.26698000
137.59999200	0.00000000	34.36884000	10.25467000
137.79999199	0.00000000	34.74409000	9.84867000
137.99999198	0.00000000	34.74409000	9.51648500
138.19999197	0.00000000	34.31963000	9.47342500
138.39999195	0.00000000	33.20005000	9.51648500
138.59999194	0.00000000	32.08661000	9.89173200
138.79999193	0.00000000	31.66215000	10.62992000
138.99999192	0.00000000	31.61909000	11.04823000
139.19999191	0.00000000	31.66215000	11.46653000
139.39999189	0.00000000	32.03740000	12.21087000
139.59999188	0.00000000	32.78174000	12.53691000
139.79999187	0.00000000	33.20005000	12.21087000
139.99999186	0.00000000	33.61835000	11.46653000
140.19999185	0.00000000	34.31963000	11.04823000
140.39999184	0.00000000	34.31963000	10.62992000
140.59999182	0.00000000	33.61835000	9.84867000
140.79999181	0.00000000	33.20005000	9.14124000
140.99999180	0.00000000	32.78174000	8.72908400
141.19999179	0.00000000	32.03740000	9.09817800
141.39999178	0.00000000	31.66215000	9.47342500
141.59999176	0.00000000	31.66215000	9.89173200
141.79999175	0.00000000	32.03740000	10.67298000
141.99999174	0.00000000	32.78174000	11.42347000
142.19999173	0.00000000	33.15699000	12.21087000
142.39999172	0.00000000	33.20005000	12.53691000
142.59999170	0.00000000	33.20005000	12.21087000
142.79999169	0.00000000	33.20005000	11.42347000
142.99999168	0.00000000	33.15699000	10.67298000
143.19999167	0.00000000	32.78174000	9.89173200
143.39999166	0.00000000	32.08661000	9.51648500
143.59999165	0.00000000	32.08661000	9.47342500
143.79999163	0.00000000	32.78174000	9.47342500
143.99999162	0.00000000	33.15699000	9.51648500
144.19999161	0.00000000	33.20005000	9.89173200
144.39999160	0.00000000	33.20005000	10.62992000
144.59999159	0.00000000	33.20005000	11.04823000
144.79999157	0.00000000	33.20005000	11.42347000
144.99999156	0.00000000	33.20005000	11.79257000
145.19999155	0.00000000	33.20005000	11.42347000
145.39999154	0.00000000	33.15699000	11.04823000
145.59999153	0.00000000	32.78174000	10.62992000
145.79999151	0.00000000	32.03740000	9.89173200
145.99999150	0.00000000	31.66215000	9.51648500
146.19999149	0.00000000	31.66215000	9.47342500
146.39999148	0.00000000	32.03740000	9.47342500
146.59999147	0.00000000	32.78174000	9.47342500
146.79999146	0.00000000	33.15699000	9.51648500
146.99999144	0.00000000	33.20005000	9.89173200
147.19999143	0.00000000	33.20005000	10.62992000
147.39999142	0.00000000	33.20005000	11.00517000
147.59999141	0.00000000	33.20005000	11.04823000
147.79999140	0.00000000	33.15699000	11.04823000
147.99999138	0.00000000	32.78174000	11.00517000
148.19999137	0.00000000	32.08661000	10.67298000
148.39999136	0.00000000	32.03740000	10.26698000
148.59999135	0.00000000	32.40649000	10.25467000
148.79999134	0.00000000	32.41265000	9.84867000
148.99999132	0.00000000	32.82480000	9.51648500
149.19999131	0.00000000	33.15699000	9.47342500
149.39999130	0.00000000	33.20005000	9.47342500
149.59999129	0.00000000	33.20005000	9.51648500
149.79999128	0.00000000	33.20005000	9.89173200
149.99999127	0.00000000	33.20005000	10.62992000
150.19999125	0.00000000	33.15699000	11.00517000
150.39999124	0.00000000	32.78174000	11.00517000
150.59999123	0.00000000	32.03740000	10.67298000
150.79999122	0.00000000	31.66215000	10.31004000
150.99999121	0.00000000	31.61909000	10.67298000
151.19999119	0.00000000	31.66215000	11.00517000
151.39999118	0.00000000	31.99434000	11.00517000
151.59999117	0.00000000	32.36343000	10.62992000
151.79999116	0.00000000	32.03740000	9.89173200
151.99999115	0.00000000	32.08661000	9.51648500
152.19999113	0.00000000	32.78174000	9.47342500
152.39999112	0.00000000	33.15699000	9.51648500
152.59999111	0.00000000	33.20005000	9.89173200
152.79999110	0.00000000	33.20005000	10.62992000
152.99999109	0.00000000	33.20005000	11.00517000
153.19999108	0.00000000	33.15699000	11.04823000
153.39999106	0.00000000	32.78174000	11.04823000
153.59999105	0.00000000	32.03740000	11.04823000
153.79999104	0.00000000	31.66215000	11.04823000
153.99999103	0.00000000	31.61909000	11.04823000
154.19999102	0.00000000	31.61909000	11.04823000
154.39999100	0.00000000	31.61909000	11.04823000
154.59999099	0.00000000	31.66215000	11.00517000
154.79999098	0.00000000	32.03740000	10.67298000
154.99999097	0.00000000	32.78174000	10.26698000
155.19999096	0.00000000	33.15699000	10.25467000
155.39999094	0.00000000	33.20005000	9.84867000
155.59999093	0.00000000	33.20005000	9.56569900
155.79999092	0.00000000	33.20005000	9.89173200
155.99999091	0.00000000	33.20005000	10.62992000
156.19999090	0.00000000	33.20005000	11.00517000
156.39999089	0.00000000	33.15699000	11.04823000
156.59999087	0.00000000	32.78174000	11.04823000
156.79999086	0.00000000	32.03740000	11.04823000
156.99999085	0.00000000	31.66215000	11.04823000
157.19999084	0.00000000	31.61909000	11.04823000
157.39999083	0.00000000	31.61909000	11.04823000
157.59999081	0.00000000	31.66215000	11.00517000
157.79999080	0.00000000	32.03740000	10.62992000
157.99999079	0.00000000	32.78174000	9.89173200
158.19999078	0.00000000	33.15699000	9.51648500
158.39999077	0.00000000	33.20005000	9.47342500
158.59999075	0.00000000	33.20005000	9.47342500
158.79999074	0.00000000	33.20005000	9.51648500
158.99999073	0.00000000	33.20005000	9.89173200
159.19999072	0.00000000	33.15699000	10.62992000
159.39999071	0.00000000	32.78174000	11.00517000
159.59999070	0.00000000	32.03740000	11.04823000
159.79999068	0.00000000	31.66215000	11.04823000
159.99999067	0.00000000	31.61909000	11.04823000
160.19999066	0.00000000	31.61909000	11.04823000
160.39999065	0.00000000	31.61909000	11.00517000
160.59999064	0.00000000	31.61909000	10.62992000
160.79999062	0.00000000	31.66215000	9.89173200
160.99999061	0.00000000	32.03740000	9.51648500
161.19999060	0.00000000	32.78174000	9.47342500
161.39999059	0.00000000	33.15699000	9.47342500
161.59999058	0.00000000	33.20005000	9.47342500
161.79999056	0.00000000	33.20005000	9.47342500
161.99999055	0.00000000	33.20005000	9.51648500
162.19999054	0.00000000	33.20005000	9.89173200
162.39999053	0.00000000	33.20005000	10.62992000
162.59999052	0.00000000	33.20005000	11.00517000
162.79999051	0.00000000	33.15699000	11.04823000
162.99999049	0.00000000	32.78174000	11.04823000
163.19999048	0.00000000	32.03740000	11.04823000
163.39999047	0.00000000	31.66215000	11.00517000
163.59999046	0.00000000	31.61909000	10.67298000
163.79999045	0.00000000	31.61909000	10.26698000
163.99999043	0.00000000	31.66215000	10.25467000
164.19999042	0.00000000	32.03740000	9.84867000
164.39999041	0.00000000	32.78174000	9.51648500
164.59999040	0.00000000	33.15699000	9.47342500
164.79999039	0.00000000	33.20005000	9.47342500
164.99999037	0.00000000	33.20005000	9.47342500
165.19999036	0.00000000	33.20005000	9.51648500
165.39999035	0.00000000	33.15699000	9.89173200
165.59999034	0.00000000	32.78174000	10.62992000
165.79999033	0.00000000	32.03740000	11.00517000
165.99999032	0.00000000	31.66215000	11.04823000
166.19999030	0.00000000	31.61909000	11.04823000
166.39999029	0.00000000	31.61909000	11.00517000
166.59999028	0.00000000	31.61909000	10.62992000
166.79999027	0.00000000	31.66215000	9.98400600
166.99999026	0.00000000	32.03740000	10.26698000
167.19999024	-0.15871060	32.78174000	10.99901000
167.39999023	0.00000000	33.15699000	10.64222000
167.59999022	0.00000000	33.20005000	10.67298000
167.79999021	0.00000000	33.20005000	10.58686000
167.99999020	0.00000000	33.20005000	9.89173200
168.19999018	0.00000000	33.20005000	9.56569900
168.39999017	0.00000000	33.15699000	9.89173200
168.59999016	0.00000000	32.82480000	10.62992000
168.79999015	0.00000000	32.41265000	11.00517000
168.99999014	0.00000000	32.40649000	11.04823000
169.19999013	0.00000000	31.99434000	11.04823000
169.39999011	0.00000000	31.66215000	11.00517000
169.59999010	0.00000000	31.61909000	10.67298000
169.79999009	0.00000000	31.66215000	10.31004000
169.99999008	0.00000000	32.03740000	10.67298000
170.19999007	0.00000000	32.73252000	11.00517000
170.39999005	0.00000000	32.73252000	11.04823000
170.59999004	0.00000000	32.03740000	11.04823000
170.79999003	0.00000000	31.71137000	11.04823000
170.99999002	0.00000000	32.03740000	11.00517000
171.19999001	0.00000000	32.78174000	10.67298000
171.39998999	0.00000000	33.15699000	10.26698000
171.59998998	0.00000000	33.15699000	10.30389000
171.79998997	0.00000000	32.82480000	10.21776000
171.99998996	0.00000000	32.41265000	10.30389000
172.19998995	0.00000000	32.40649000	10.26698000
172.39998994	0.00000000	31.99434000	10.67298000
172.59998992	0.00000000	31.66215000	11.00517000
172.79998991	0.00000000	31.61909000	11.04823000
172.99998990	0.00000000	31.66215000	11.04823000
173.19998989	0.00000000	32.03740000	11.04823000
173.39998988	0.00000000	32.73252000	11.00517000
173.59998986	0.00000000	32.73252000	10.62992000
173.79998985	0.00000000	32.03740000	9.89173200
173.99998984	0.00000000	31.71137000	9.51648500
174.19998983	0.00000000	31.99434000	9.47342500
174.39998982	0.00000000	32.36343000	9.47342500
174.59998980	0.00000000	31.99434000	9.47342500
174.79998979	0.00000000	31.66215000	9.47342500
174.99998978	0.00000000	31.61909000	9.47342500
175.19998977	0.00000000	31.61909000	9.47342500
175.39998976	0.00000000	31.61909000	9.47342500
175.59998975	0.00000000	31.61909000	9.47342500
175.79998973	0.00000000	31.61909000	9.47342500
175.99998972	0.00000000	31.61909000	9.47342500
176.19998971	0.00000000	31.61909000	9.47342500
176.39998970	0.00000000	31.61909000	9.47342500
176.59998969	0.00000000	31.61909000	9.47342500
176.79998967	0.00000000	31.61909000	9.47342500
176.99998966	0.00000000	31.61909000	9.47342500
177.19998965	0.00000000	31.61909000	9.47342500
177.39998964	0.00000000	31.61909000	9.47342500
177.59998963	0.00000000	31.61909000	9.47342500
177.79998961	0.00000000	31.61909000	9.51648500
177.99998960	0.00000000	31.61909000	9.84867000
178.19998959	0.00000000	31.61909000	10.25467000
178.39998958	0.00000000	31.61909000	10.26698000
178.59998957	0.00000000	31.61909000	10.67298000
178.79998956	0.00000000	31.61909000	11.00517000
178.99998954	0.00000000	31.61909000	11.04823000
179.19998953	0.00000000	31.66215000	11.04823000
179.39998952	0.00000000	32.03740000	11.00517000
179.59998951	0.00000000	32.78174000	10.67298000
179.79998950	0.00000000	33.15699000	10.31004000
179.99998948	0.00000000	33.20005000	10.67298000
180.19998947	0.00000000	33.20005000	11.00517000
180.39998946	0.00000000	33.15699000	11.00517000
180.59998945	0.00000000	32.82480000	10.67298000
180.79998944	0.00000000	32.45571000	10.31004000
180.99998942	0.00000000	32.78174000	10.67298000
181.19998941	0.00000000	32.73252000	11.00517000
181.39998940	0.00000000	32.03740000	11.04823000
181.59998939	0.00000000	31.66215000	11.04823000
181.79998938	0.00000000	31.61909000	11.04823000
181.99998937	0.00000000	31.66215000	11.04823000
182.19998935	0.00000000	32.03740000	11.04823000
182.39998934	0.00000000	32.78174000	11.04823000
182.59998933	0.00000000	33.10777000	11.00517000
182.79998932	0.00000000	32.82480000	10.62992000
182.99998931	0.00000000	32.41265000	9.89173200
183.19998929	0.00000000	32.44956000	9.51648500
183.39998928	0.00000000	32.41265000	9.47342500
183.59998927	0.00000000	32.78174000	9.47342500
183.79998926	0.00000000	32.73252000	9.51648500
183.99998925	0.00000000	32.03740000	9.89173200
184.19998923	0.00000000	31.66215000	10.62992000
184.39998922	0.00000000	31.61909000	11.00517000
184.59998921	0.00000000	31.61909000	11.04823000
184.79998920	0.00000000	31.61909000	11.04823000
184.99998919	0.00000000	31.66215000	11.04823000
185.19998918	0.00000000	31.99434000	11.00517000
185.39998916	0.00000000	32.40649000	10.62992000
185.59998915	0.00000000	32.41265000	9.89173200
185.79998914	0.00000000	32.78174000	9.51648500
185.99998913	0.00000000	32.73252000	9.47342500
186.19998912	0.00000000	32.03740000	9.47342500
186.39998910	0.00000000	31.66215000	9.47342500
186.59998909	0.00000000	31.61909000	9.47342500
186.79998908	0.00000000	31.61909000	9.51648500
186.99998907	0.00000000	31.61909000	9.89173200
187.19998906	0.00000000	31.61909000	10.62992000
187.39998904	0.00000000	31.61909000	11.00517000
187.59998903	0.00000000	31.61909000	11.04823000
187.79998902	0.00000000	31.61909000	11.04823000
187.99998901	0.00000000	31.61909000	11.00517000
188.19998900	0.00000000	31.66215000	10.62992000
188.39998899	0.00000000	31.99434000	9.89173200
188.59998897	0.00000000	32.40649000	9.51648500
188.79998896	0.00000000	32.41265000	9.47342500
188.99998895	0.00000000	32.78174000	9.47342500
189.19998894	0.00000000	32.73252000	9.47342500
189.39998893	0.00000000	32.03740000	9.47342500
189.59998891	0.00000000	31.66215000	9.47342500
189.79998890	0.00000000	31.61909000	9.51648500
189.99998889	0.00000000	31.61909000	9.89173200
190.19998888	0.00000000	31.61909000	10.58686000
190.39998887	0.00000000	31.61909000	10.62992000
190.59998885	0.00000000	31.61909000	10.31004000
190.79998884	0.00000000	31.61909000	10.62992000
190.99998883	0.00000000	31.61909000	10.58686000
191.19998882	0.00000000	31.61909000	9.89173200
191.39998881	0.00000000	31.61909000	9.51648500
191.59998880	0.00000000	31.66215000	9.47342500
191.79998878	0.00000000	31.99434000	9.47342500
191.99998877	0.00000000	32.36343000	9.47342500
192.19998876	0.00000000	31.99434000	9.47342500
192.39998875	0.00000000	31.66215000	9.47342500
192.59998874	0.00000000	31.61909000	9.47342500
192.79998872	0.00000000	31.61909000	9.47342500
192.99998871	0.00000000	31.61909000	9.47342500
193.19998870	0.00000000	31.61909000	9.47342500
193.39998869	0.00000000	31.61909000	9.47342500
193.59998868	0.00000000	31.61909000	9.47342500
193.79998866	0.00000000	31.61909000	9.47342500
193.99998865	0.00000000	31.61909000	9.47342500
194.19998864	0.00000000	31.61909000	9.47342500
194.39998863	0.00000000	31.61909000	9.47342500
194.59998862	0.00000000	31.61909000	9.47342500
194.79998861	0.00000000	31.61909000	9.47342500
194.99998859	0.00000000	31.61909000	9.47342500
195.19998858	0.00000000	31.61909000	9.47342500
195.39998857	0.00000000	31.61909000	9.47342500
195.59998856	0.00000000	31.61909000	9.47342500
195.79998855	0.00000000	31.61909000	9.51648500
195.99998853	0.00000000	31.61909000	9.84867000
