Time	Channel A	Channel B	Channel C
(us)	(V)	(mV)	(mV)

-4.59999956	0.00000000	93.66387000	37.85064000
-4.39999957	0.00000000	93.38090000	37.47539000
-4.19999958	0.00000000	93.66387000	36.73105000
-3.99999959	0.00000000	94.07603000	36.40502000
-3.79999960	0.00000000	94.03912000	36.73105000
-3.59999962	0.00000000	94.07603000	37.42618000
-3.39999963	0.00000000	93.66387000	37.42618000
-3.19999964	0.00000000	93.33169000	36.73105000
-2.99999965	0.00000000	93.28863000	36.35580000
-2.79999966	0.00000000	93.28863000	36.31274000
-2.59999968	0.00000000	93.28863000	36.31274000
-2.39999969	0.00000000	93.28863000	36.31274000
-2.19999970	0.00000000	93.28863000	36.31274000
-1.99999971	0.00000000	93.28863000	36.31274000
-1.79999972	0.00000000	93.28863000	36.31274000
-1.59999973	0.00000000	93.28863000	36.31274000
-1.39999975	0.00000000	93.28863000	36.31274000
-1.19999976	0.00000000	93.28863000	36.31274000
-0.99999977	0.00000000	93.28863000	36.31274000
-0.79999978	0.00000000	93.28863000	36.31274000
-0.59999979	0.00000000	93.28863000	36.31274000
-0.39999981	0.15871060	93.28863000	36.31274000
-0.19999982	0.63668800	93.28863000	36.31274000
0.00000017	0.79601380	93.28863000	36.31274000
0.20000016	1.11466500	93.28863000	36.31274000
0.40000015	0.95533960	93.28863000	36.31274000
0.60000013	0.47736220	93.28863000	36.31274000
0.80000012	-0.15871060	93.28863000	36.31274000
1.00000011	-1.11466500	93.28863000	36.31274000
1.20000010	-2.22994600	93.28863000	36.31274000
1.40000009	-2.70792300	93.28863000	36.31274000
1.60000008	-2.54859700	93.28863000	36.31274000
1.80000006	-1.75196900	93.28863000	36.35580000
2.00000005	0.00000000	93.33169000	36.68799000
2.20000004	2.07062000	93.66387000	37.05708000
2.40000003	3.98191400	94.03297000	36.68799000
2.60000002	5.25652100	93.66387000	36.35580000
2.80000000	5.09719500	93.33169000	36.31274000
2.99999999	3.66326300	93.28863000	36.31274000
3.19999998	0.79601380	93.28863000	36.31274000
3.39999997	-2.54859700	93.28863000	36.31274000
3.59999996	-5.73449800	93.28863000	36.31274000
3.79999994	-7.64579200	93.33169000	36.35580000
3.99999993	-7.80511800	93.66387000	36.73105000
4.19999992	-5.89382400	94.07603000	37.47539000
4.39999991	-2.22994600	94.08218000	37.85064000
4.59999990	2.22994600	94.49434000	37.85064000
4.79999989	6.21247500	94.82652000	37.47539000
4.99999987	8.92039900	94.82652000	36.73105000
5.19999986	9.39837600	94.49434000	36.35580000
5.39999985	7.48646600	94.08218000	36.31274000
5.59999984	3.66326300	94.11909000	36.31274000
5.79999983	-0.95533960	94.03912000	36.31274000
5.99999981	-5.57517200	94.11909000	36.35580000
6.19999980	-8.60174700	94.03912000	36.73105000
6.39999979	-9.39837600	94.11909000	37.47539000
6.59999978	-7.96444400	94.08218000	37.85064000
6.79999977	-4.61921700	94.49434000	37.89370000
6.99999975	-0.31803640	94.82652000	37.89370000
7.19999974	3.82258900	94.86958000	37.89370000
7.39999973	6.84916400	94.82652000	37.85064000
7.59999972	7.80511800	94.45127000	37.47539000
7.79999971	6.84916400	93.75615000	36.73105000
7.99999970	4.30056600	93.70693000	36.40502000
8.19999968	1.11466500	94.03297000	36.68799000
8.39999967	-2.07062000	93.70693000	37.10014000
8.59999966	-4.30056600	93.75615000	37.10630000
8.79999965	-5.25652100	94.45127000	37.51845000
8.99999964	-4.77854300	94.82652000	37.85064000
9.19999962	-3.18590100	94.82652000	37.89370000
9.39999961	-1.11466500	94.49434000	37.89370000
9.59999960	0.63668800	94.12524000	37.89370000
9.79999959	2.07062000	94.49434000	37.89370000
9.99999958	2.54859700	94.82652000	37.85064000
10.19999956	2.38927200	94.86958000	37.47539000
10.39999955	1.75196900	94.86958000	36.73105000
10.59999954	0.79601380	94.82652000	36.40502000
10.79999953	0.00000000	94.49434000	36.73105000
10.99999952	-0.63668800	94.12524000	37.47539000
11.19999951	-0.95533960	94.49434000	37.85064000
11.39999949	-0.95533960	94.82652000	37.85064000
11.59999948	-0.79601380	94.86958000	37.51845000
11.79999947	-0.47736220	94.86958000	37.14936000
11.99999946	-0.15871060	94.86958000	37.51845000
12.19999945	-0.15871060	94.86958000	37.85064000
12.39999943	0.00000000	94.86958000	37.89370000
12.59999942	0.00000000	94.86958000	37.89370000
12.79999941	0.00000000	94.86958000	37.89370000
12.99999940	0.15871060	94.86958000	37.89370000
13.19999939	0.00000000	94.86958000	37.85064000
13.39999937	0.00000000	94.86958000	37.51845000
13.59999936	0.00000000	94.86958000	37.10630000
13.79999935	0.00000000	94.86958000	37.14321000
13.99999934	-0.15871060	94.86958000	37.06324000
14.19999933	-0.15871060	94.86958000	37.10014000
14.39999932	-0.15871060	94.86958000	36.68799000
14.59999930	0.00000000	94.86958000	36.35580000
14.79999929	0.00000000	94.86958000	36.31274000
14.99999928	0.00000000	94.86958000	36.31274000
15.19999927	0.00000000	94.86958000	36.31274000
15.39999926	0.15871060	94.82652000	36.31274000
15.59999924	0.00000000	94.45127000	36.31274000
15.79999923	0.00000000	93.70693000	36.31274000
15.99999922	0.00000000	93.33169000	36.31274000
16.19999921	0.00000000	93.33169000	36.31274000
16.39999920	0.00000000	93.66387000	36.31274000
16.59999919	0.00000000	94.07603000	36.31274000
16.79999917	0.00000000	94.12524000	36.31274000
16.99999916	0.00000000	94.91264000	36.31274000
17.19999915	0.00000000	95.98302000	36.31274000
17.39999914	0.00000000	96.40748000	36.31274000
17.59999913	0.00000000	96.40748000	36.31274000
17.79999911	0.00000000	95.98302000	36.31274000
17.99999910	0.00000000	94.82652000	36.31274000
18.19999909	0.00000000	93.28863000	36.31274000
18.39999908	0.00000000	91.70767000	36.31274000
18.59999907	0.00000000	90.16978000	36.31274000
18.79999905	0.00000000	89.01328000	36.31274000
18.99999904	0.00000000	88.72416000	36.35580000
19.19999903	0.00000000	89.84990000	36.73105000
19.39999902	0.00000000	92.58119000	37.42618000
19.59999901	0.00000000	95.70620000	37.42618000
19.79999900	0.00000000	99.66166000	36.73105000
19.99999898	0.00000000	103.80780000	36.35580000
20.19999897	0.00000000	106.45920000	36.31274000
20.39999896	0.00000000	106.41610000	36.31274000
20.59999895	0.00000000	103.29720000	36.31274000
20.79999894	0.00000000	97.43479000	36.31274000
20.99999892	0.00000000	89.70841000	36.31274000
21.19999891	0.00000000	81.61294000	36.31274000
21.39999890	0.00000000	75.47367000	36.31274000
21.59999889	0.00000000	72.81618000	36.35580000
21.79999888	0.00000000	74.86466000	36.68799000
21.99999886	0.00000000	82.25885000	37.05708000
22.19999885	0.00000000	93.79920000	36.68799000
22.39999884	0.00000000	106.59450000	36.40502000
22.59999883	0.00000000	117.80880000	36.68799000
22.79999882	0.00000000	125.43680000	37.10014000
22.99999881	0.00000000	126.50710000	37.10630000
23.19999879	0.00000000	119.86340000	37.51845000
23.39999878	0.00000000	106.68680000	37.89370000
23.59999877	0.00000000	88.92101000	38.31200000
23.79999876	0.00000000	71.23524000	39.05635000
23.99999875	0.00000000	58.07086000	39.38238000
24.19999873	0.00000000	52.34375000	39.00713000
24.39999872	0.00000000	55.92396000	37.85064000
24.59999871	0.00000000	69.13755000	36.36196000
24.79999870	0.00000000	89.56693000	35.15625000
24.99999869	0.00000000	112.31540000	34.31963000
25.19999867	0.00000000	131.63140000	33.20005000
25.39999866	0.00000000	143.21480000	32.50492000
25.59999865	0.00000000	144.33440000	33.33538000
25.79999864	0.00000000	134.23970000	35.61762000
25.99999863	0.00000000	114.88070000	39.14247000
26.19999862	0.00000000	90.16978000	43.00566000
26.39999860	0.00000000	65.92642000	46.85654000
26.59999859	0.00000000	48.57283000	49.46481000
26.79999858	0.00000000	42.29823000	49.42175000
26.99999857	0.00000000	47.69316000	46.35211000
27.19999856	0.00000000	63.18897000	40.87721000
27.39999854	0.00000000	85.98056000	33.90133000
27.59999853	0.00000000	110.64840000	26.19340000
27.79999852	0.00000000	131.16390000	20.05413000
27.99999851	0.00000000	143.17180000	16.98450000
28.19999850	0.00000000	144.33440000	17.86417000
28.39999848	0.00000000	134.32580000	23.67741000
28.59999847	0.00000000	115.85260000	33.33538000
28.79999846	0.00000000	93.84227000	44.58661000
28.99999845	0.00000000	73.32677000	55.78247000
29.19999844	0.00000000	58.58144000	64.19168000
29.39999843	0.00000000	52.34375000	67.21825000
29.59999841	0.00000000	55.37032000	63.68724000
29.79999840	0.00000000	66.53543000	53.64788000
29.99999839	0.00000000	82.77559000	39.38238000
30.19999838	0.00000000	100.55360000	24.28026000
30.39999837	0.00000000	116.04330000	11.13435000
30.59999835	0.00000000	125.76890000	2.72514700
30.79999834	0.00000000	128.59870000	1.56250000
30.99999833	0.00000000	124.69860000	8.15698700
31.19999832	0.00000000	115.05910000	20.93996000
31.39999831	0.00000000	101.57480000	37.94291000
31.59999829	0.00000000	88.02903000	55.27190000
31.79999828	0.00000000	77.09768000	68.79305000
31.99999827	0.00000000	70.12180000	75.76279000
32.19999826	0.00000000	68.58390000	74.60014000
32.39999825	0.00000000	72.77312000	65.72342000
32.59999824	0.00000000	81.23769000	50.99655000
32.79999822	0.00000000	91.70767000	33.24926000
32.99999821	0.00000000	102.17770000	16.24631000
33.19999820	0.00000000	110.64840000	3.88164400
33.39999819	0.00000000	114.92370000	-1.59325800
33.59999818	0.00000000	114.18550000	0.77509840
33.79999816	0.00000000	109.24580000	10.39616000
33.99999815	0.00000000	101.52560000	25.48597000
34.19999814	0.00000000	93.42396000	42.45201000
34.39999813	0.00000000	86.40501000	57.92323000
34.59999812	0.00000000	81.79749000	68.33170000
34.79999810	0.00000000	80.63483000	71.48744000
34.99999809	0.00000000	83.32922000	67.26131000
35.19999808	0.00000000	89.05634000	56.84670000
35.39999807	0.00000000	95.93995000	42.58735000
35.59999806	0.00000000	101.71630000	27.90354000
35.79999805	0.00000000	104.87820000	15.95718000
35.99999803	0.00000000	105.29650000	9.41190900
36.19999802	0.00000000	103.34030000	10.10704000
36.39999801	0.00000000	99.10187000	17.02756000
36.59999800	0.00000000	93.75615000	28.18651000
36.79999799	0.00000000	89.14246000	41.24015000
36.99999797	0.00000000	86.40501000	51.98080000
37.19999796	0.00000000	86.02977000	57.83095000
37.39999795	0.00000000	87.98597000	57.87401000
37.59999794	0.00000000	92.17519000	52.48523000
37.79999793	0.00000000	97.15182000	43.28247000
37.99999791	0.00000000	101.06420000	32.59719000
38.19999790	0.00000000	103.76480000	24.18184000
38.39999789	0.00000000	104.50290000	20.65084000
38.59999788	0.00000000	102.60210000	22.18873000
38.79999787	0.00000000	99.19414000	28.32185000
38.99999786	0.00000000	95.24483000	37.51845000
39.19999784	0.00000000	91.37549000	46.67815000
39.39999783	0.00000000	87.89370000	53.18652000
39.59999782	0.00000000	85.98056000	54.71825000
39.79999781	0.00000000	85.93749000	50.91043000
39.99999780	0.00000000	87.51845000	43.23941000
40.19999778	0.00000000	90.63730000	33.62450000
40.39999777	0.00000000	94.86958000	24.83391000
40.59999776	0.00000000	99.15108000	19.49434000
40.79999775	0.00000000	102.64520000	19.49434000
40.99999774	0.00000000	104.97050000	24.79084000
41.19999772	0.00000000	105.34570000	33.29232000
41.39999771	0.00000000	103.80780000	42.91338000
41.59999770	0.00000000	100.73200000	51.74089000
41.79999769	0.00000000	96.82578000	56.71751000
41.99999768	0.00000000	92.95644000	56.76057000
42.19999767	0.00000000	89.47465000	52.15920000
42.39999765	0.00000000	87.56152000	44.11909000
42.59999764	0.00000000	87.51845000	35.29158000
42.79999763	0.00000000	89.01328000	27.94660000
42.99999762	0.00000000	91.33242000	23.67741000
43.19999761	0.00000000	93.70693000	23.25910000
43.39999759	0.00000000	96.40748000	26.27953000
43.59999758	0.00000000	98.72662000	31.66830000
43.79999757	0.00000000	99.90157000	37.80142000
43.99999756	0.00000000	100.35680000	43.23941000
44.19999755	0.00000000	99.94463000	46.72736000
44.39999753	0.00000000	99.23720000	47.92691000
44.59999752	0.00000000	98.44980000	46.77042000
44.79999751	0.00000000	98.07455000	43.70079000
44.99999750	0.00000000	97.98843000	39.47465000
45.19999749	0.00000000	97.56396000	35.29158000
45.39999748	0.00000000	96.35826000	32.54798000
45.59999746	0.00000000	94.40206000	31.71137000
45.79999745	0.00000000	91.70767000	32.04355000
45.99999744	0.00000000	89.01328000	33.24926000
46.19999743	0.00000000	87.10014000	35.19931000
46.39999742	0.00000000	86.31274000	37.85064000
46.59999740	0.00000000	87.19242000	40.12672000
46.79999739	0.00000000	89.94217000	40.96333000
46.99999738	0.00000000	95.00492000	41.01255000
47.19999737	0.00000000	101.15030000	40.54502000
47.39999736	0.00000000	106.92670000	39.00713000
47.59999734	0.00000000	110.73450000	36.73105000
47.79999733	0.00000000	111.10970000	34.78100000
47.99999732	0.00000000	107.99700000	33.20005000
48.19999731	0.00000000	101.75930000	32.08661000
48.39999730	0.00000000	93.28863000	32.08661000
48.59999729	0.00000000	84.82406000	33.29232000
48.79999727	0.00000000	78.67863000	35.57455000
48.99999726	0.00000000	76.35335000	38.68110000
49.19999725	0.00000000	78.72169000	41.33858000
49.39999724	0.00000000	85.24236000	43.33169000
49.59999723	0.00000000	94.49434000	44.03297000
49.79999721	0.00000000	103.75860000	43.23941000
49.99999720	0.00000000	111.10970000	40.54502000
50.19999719	0.00000000	114.92370000	36.73105000
50.39999718	0.00000000	113.76720000	33.24926000
50.59999717	0.00000000	107.99090000	30.51181000
50.79999715	0.00000000	99.15108000	29.01698000
50.99999714	0.00000000	89.51771000	29.39222000
51.19999713	0.00000000	81.88361000	31.71137000
51.39999712	0.00000000	78.35876000	35.15625000
51.59999711	0.00000000	79.84128000	39.05635000
51.79999710	0.00000000	84.82406000	42.54429000
51.99999708	0.00000000	92.21825000	45.18947000
52.19999707	0.00000000	100.64590000	45.97687000
52.39999706	0.00000000	107.52950000	44.45127000
52.59999705	0.00000000	110.60530000	41.75073000
52.79999704	0.00000000	109.11050000	37.89370000
52.99999702	0.00000000	103.75860000	34.08588000
53.19999701	0.00000000	96.49975000	31.75443000
53.39999700	0.00000000	89.56693000	30.93012000
53.59999699	0.00000000	84.91018000	31.75443000
53.79999698	0.00000000	83.37843000	34.04282000
53.99999696	0.00000000	85.28543000	37.47539000
54.19999695	0.00000000	90.26205000	40.50196000
54.39999694	0.00000000	96.40748000	42.11983000
54.59999693	0.00000000	102.17770000	42.49508000
54.79999692	0.00000000	105.99160000	41.75073000
54.99999691	0.00000000	106.45920000	39.84990000
55.19999689	0.00000000	104.18310000	37.93676000
55.39999688	0.00000000	100.27070000	36.40502000
55.59999687	0.00000000	94.86958000	35.70989000
55.79999686	0.00000000	89.56693000	36.82332000
55.99999685	0.00000000	86.49113000	39.05635000
56.19999683	0.00000000	86.44807000	40.92027000
56.39999682	0.00000000	89.09940000	41.70152000
56.59999681	0.00000000	93.33169000	40.96333000
56.79999680	0.00000000	97.94537000	39.38238000
56.99999679	0.00000000	101.85160000	37.05708000
57.19999677	0.00000000	104.13390000	33.99360000
57.39999676	0.00000000	104.54600000	31.75443000
57.59999675	0.00000000	102.64520000	30.97318000
57.79999674	0.00000000	99.56938000	32.17888000
57.99999673	0.00000000	96.07529000	35.24852000
58.19999672	0.00000000	92.63656000	39.51771000
58.39999670	0.00000000	90.68036000	44.11909000
58.59999669	0.00000000	90.26205000	47.93307000
58.79999668	0.00000000	91.05560000	49.42175000
58.99999667	0.00000000	93.33169000	47.84079000
59.19999666	0.00000000	95.98302000	43.23941000
59.39999664	0.00000000	97.93922000	36.73105000
59.59999663	0.00000000	99.10187000	30.55487000
59.79999662	0.00000000	99.14492000	25.90428000
59.99999661	0.00000000	98.36368000	23.62820000
60.19999660	0.00000000	97.23794000	24.83391000
60.39999658	0.00000000	95.70620000	29.43528000
60.59999657	0.00000000	94.96185000	36.36196000
60.79999656	0.00000000	94.91264000	43.65773000
60.99999655	0.00000000	95.28789000	49.42175000
61.19999654	0.00000000	96.07529000	52.10999000
61.39999653	0.00000000	96.78272000	50.99655000
61.59999651	0.00000000	97.19488000	46.72736000
61.79999650	0.00000000	96.82578000	40.12672000
61.99999649	0.00000000	96.45053000	32.08661000
62.19999648	0.00000000	95.98302000	25.20915000
62.39999647	0.00000000	94.86958000	21.67815000
62.59999645	0.00000000	93.75615000	21.63509000
62.79999644	0.00000000	93.38090000	24.79084000
62.99999643	0.00000000	93.75615000	30.97318000
63.19999642	0.00000000	94.91264000	39.00713000
63.39999641	0.00000000	96.45053000	46.30290000
63.59999639	0.00000000	97.98843000	50.99655000
63.79999638	0.00000000	99.14492000	52.52829000
63.99999637	0.00000000	99.52017000	50.62130000
64.19999636	0.00000000	99.10187000	45.65698000
64.39999635	0.00000000	97.61318000	39.47465000
64.59999634	0.00000000	95.70620000	33.24926000
64.79999632	0.00000000	94.53739000	27.86048000
64.99999631	0.00000000	93.70693000	24.79084000
65.19999630	0.00000000	93.38090000	24.74778000
65.39999629	0.00000000	93.75615000	27.39296000
65.59999628	0.00000000	94.91264000	31.61909000
65.79999626	0.00000000	96.40748000	36.26968000
65.99999625	0.00000000	97.56396000	40.54502000
66.19999624	0.00000000	97.93922000	43.70079000
66.39999623	0.00000000	97.61318000	45.70005000
66.59999622	0.00000000	96.78272000	46.81348000
66.79999620	0.00000000	95.65698000	46.39517000
66.99999619	0.00000000	94.12524000	44.11909000
67.19999618	0.00000000	93.42396000	41.05561000
67.39999617	0.00000000	93.75615000	37.89370000
67.59999616	0.00000000	94.96185000	34.78100000
67.79999615	0.00000000	96.86884000	32.04355000
67.99999613	0.00000000	99.19414000	30.08735000
68.19999612	0.00000000	101.06420000	28.93085000
68.39999611	0.00000000	101.80860000	28.97392000
68.59999610	0.00000000	100.64590000	30.55487000
68.79999609	0.00000000	97.98843000	33.62450000
68.99999607	0.00000000	94.86958000	37.51845000
69.19999606	0.00000000	91.75073000	41.43085000
69.39999605	0.00000000	89.05634000	45.32480000
69.59999604	0.00000000	87.61073000	48.35138000
69.79999603	0.00000000	88.40427000	49.46481000
69.99999601	0.00000000	91.88607000	47.93307000
70.19999600	0.00000000	96.82578000	44.11909000
70.39999599	0.00000000	101.89470000	39.47465000
70.59999598	0.00000000	105.76400000	34.78100000
70.79999597	0.00000000	108.08320000	30.55487000
70.99999596	0.00000000	107.99700000	27.86048000
71.19999594	0.00000000	104.92120000	27.48524000
71.39999593	0.00000000	99.56938000	29.39222000
71.59999592	0.00000000	93.75615000	33.24926000
71.79999591	0.00000000	88.72416000	37.85064000
71.99999590	0.00000000	85.24236000	42.11983000
72.19999588	0.00000000	84.49187000	45.18947000
72.39999587	0.00000000	86.35580000	46.39517000
72.59999586	0.00000000	90.26205000	45.65698000
72.79999585	0.00000000	95.28789000	43.70079000
72.99999584	0.00000000	100.73200000	40.63730000
73.19999582	0.00000000	105.34570000	37.19857000
73.39999581	0.00000000	108.04010000	34.91634000
73.59999580	0.00000000	108.04010000	34.08588000
73.79999579	0.00000000	105.38880000	34.78100000
73.99999578	0.00000000	101.15030000	35.89444000
74.19999577	0.00000000	96.49975000	36.73105000
74.39999575	0.00000000	92.21825000	37.85064000
74.59999574	0.00000000	89.14246000	38.54576000
74.79999573	0.00000000	87.98597000	37.80142000
74.99999572	0.00000000	89.09940000	36.36196000
75.19999571	0.00000000	91.75073000	35.19931000
75.39999569	0.00000000	94.86958000	34.87328000
75.59999568	0.00000000	97.94537000	35.66683000
75.79999567	0.00000000	100.27070000	37.98597000
75.99999566	0.00000000	101.06420000	41.00639000
76.19999565	0.00000000	100.73200000	43.70079000
76.39999563	0.00000000	99.56938000	45.23868000
76.59999562	0.00000000	98.07455000	45.19562000
76.79999561	0.00000000	96.91805000	43.23941000
76.99999560	0.00000000	96.49360000	39.38238000
77.19999559	0.00000000	96.45053000	34.78100000
77.39999558	0.00000000	96.45053000	30.51181000
77.59999556	0.00000000	96.45053000	27.44217000
77.79999555	0.00000000	96.40748000	26.32259000
77.99999554	0.00000000	96.03223000	27.86048000
78.19999553	0.00000000	95.24483000	31.71137000
78.39999552	0.00000000	94.49434000	36.73105000
78.59999550	0.00000000	93.75615000	42.16289000
78.79999549	0.00000000	93.79920000	46.72736000
78.99999548	0.00000000	94.91264000	49.08956000
79.19999547	0.00000000	96.49360000	48.67741000
79.39999546	0.00000000	98.44980000	46.01993000
79.59999544	0.00000000	100.73200000	41.33858000
79.79999543	0.00000000	102.22690000	35.98671000
79.99999542	0.00000000	102.22690000	30.97318000
80.19999541	0.00000000	100.68900000	27.86048000
80.39999540	0.00000000	97.98843000	27.01772000
80.59999539	0.00000000	94.91264000	27.81127000
80.79999537	0.00000000	92.21825000	30.51181000
80.99999536	0.00000000	90.68036000	34.36269000
81.19999535	0.00000000	90.68036000	38.22588000
81.39999534	0.00000000	92.21825000	41.75073000
81.59999533	0.00000000	94.91264000	44.07603000
81.79999531	0.00000000	97.98843000	45.28174000
81.99999530	0.00000000	100.68900000	45.28174000
82.19999529	0.00000000	102.22690000	44.11909000
82.39999528	0.00000000	102.26990000	42.16904000
82.59999527	0.00000000	101.10730000	39.42544000
82.79999525	0.00000000	99.19414000	36.31274000
82.99999524	0.00000000	96.86884000	33.24926000
83.19999523	0.00000000	95.00492000	30.93012000
83.39999522	0.00000000	94.12524000	30.13656000
83.59999521	0.00000000	94.11909000	30.46260000
83.79999520	0.00000000	94.12524000	31.71137000
83.99999518	0.00000000	94.91264000	34.04282000
84.19999517	0.00000000	96.03223000	37.51845000
84.39999516	0.00000000	96.82578000	41.00639000
84.59999515	0.00000000	97.61318000	44.16830000
84.79999514	0.00000000	97.98843000	46.81348000
84.99999512	0.00000000	98.03149000	47.88385000
85.19999511	0.00000000	98.03149000	46.39517000
85.39999510	0.00000000	98.03149000	42.91338000
85.59999509	0.00000000	98.07455000	38.68110000
85.79999508	0.00000000	98.40673000	33.99360000
85.99999506	0.00000000	98.77583000	30.17962000
86.19999505	0.00000000	98.36368000	27.86048000
86.39999504	0.00000000	97.61318000	27.90354000
86.59999503	0.00000000	96.45053000	30.55487000
86.79999502	0.00000000	95.28789000	34.83022000
86.99999501	0.00000000	94.49434000	39.84990000
87.19999499	0.00000000	93.75615000	44.82037000
87.39999498	0.00000000	93.79920000	47.88385000
87.59999497	0.00000000	94.91264000	48.30216000
87.79999496	0.00000000	96.45053000	46.39517000
87.99999495	0.00000000	98.03149000	42.53814000
88.19999493	0.00000000	99.56938000	37.89370000
88.39999492	0.00000000	100.68900000	33.24926000
88.59999491	0.00000000	100.68900000	29.43528000
88.79999490	0.00000000	99.56938000	27.94660000
88.99999489	0.00000000	98.03149000	29.43528000
89.19999487	0.00000000	96.49360000	33.29232000
89.39999486	0.00000000	95.28789000	38.26894000
89.59999485	0.00000000	94.53739000	43.28247000
89.79999484	0.00000000	94.17445000	46.77042000
89.99999483	0.00000000	94.96185000	48.30216000
90.19999482	0.00000000	96.40748000	47.46555000
90.39999480	0.00000000	97.56396000	43.65773000
90.59999479	0.00000000	98.03149000	38.31200000
90.79999478	0.00000000	98.40673000	33.29232000
90.99999477	0.00000000	98.77583000	29.43528000
91.19999476	0.00000000	98.40673000	27.94660000
91.39999474	0.00000000	98.07455000	29.43528000
91.59999473	0.00000000	98.03149000	33.29232000
91.79999472	0.00000000	98.03149000	38.26894000
91.99999471	0.00000000	97.98843000	43.23941000
92.19999470	0.00000000	97.65624000	46.30290000
92.39999468	0.00000000	97.28715000	46.77042000
92.59999467	0.00000000	97.61318000	45.18947000
92.79999466	0.00000000	97.52091000	41.70152000
92.99999465	0.00000000	96.45053000	36.73105000
93.19999464	0.00000000	95.33710000	32.17273000
93.39999463	0.00000000	94.91264000	29.43528000
93.59999461	0.00000000	94.91264000	29.06619000
93.79999460	0.00000000	95.33710000	30.97318000
93.99999459	0.00000000	96.49360000	34.78100000
94.19999458	0.00000000	98.03149000	39.00713000
94.39999457	0.00000000	99.61245000	42.49508000
94.59999455	0.00000000	101.19960000	44.77116000
94.79999454	0.00000000	102.64520000	44.77116000
94.99999453	0.00000000	102.96500000	42.49508000
95.19999452	0.00000000	101.06420000	39.05635000
95.39999451	0.00000000	98.03149000	35.19931000
95.59999449	0.00000000	94.91264000	32.12967000
95.79999448	0.00000000	92.17519000	30.59793000
95.99999447	0.00000000	90.26205000	30.97318000
96.19999446	0.00000000	89.51771000	33.24926000
96.39999445	0.00000000	90.68036000	36.31274000
96.59999444	0.00000000	93.38090000	39.42544000
96.79999442	0.00000000	96.86884000	42.07677000
96.99999441	0.00000000	100.73200000	43.23941000
97.19999440	0.00000000	103.80780000	42.49508000
97.39999439	0.00000000	105.38880000	40.63730000
97.59999438	0.00000000	105.38880000	38.31200000
97.79999436	0.00000000	103.80780000	36.40502000
97.99999435	0.00000000	100.73200000	35.19931000
98.19999434	0.00000000	96.86884000	34.83022000
98.39999433	0.00000000	93.38090000	35.19931000
98.59999432	0.00000000	90.63730000	36.31274000
98.79999430	0.00000000	89.14246000	37.47539000
98.99999429	0.00000000	89.51771000	38.26894000
99.19999428	0.00000000	91.84300000	39.05635000
99.39999427	0.00000000	95.28789000	39.43159000
99.59999426	0.00000000	99.19414000	39.47465000
99.79999425	0.00000000	102.64520000	39.51771000
99.99999423	0.00000000	105.01350000	39.89296000
100.19999422	0.00000000	105.76400000	40.63730000
100.39999421	0.00000000	105.01350000	41.01255000
100.59999420	0.00000000	102.68820000	41.01255000
100.79999419	0.00000000	99.61245000	40.58809000
100.99999417	0.00000000	96.49360000	39.43159000
101.19999416	0.00000000	93.75615000	37.89370000
101.39999415	0.00000000	91.84300000	36.31274000
101.59999414	0.00000000	91.05560000	34.82406000
101.79999413	0.00000000	91.84300000	34.08588000
101.99999411	0.00000000	93.70693000	34.82406000
102.19999410	0.00000000	96.07529000	36.36196000
102.39999409	0.00000000	98.40673000	38.36122000
102.59999408	0.00000000	100.73200000	41.05561000
102.79999407	0.00000000	102.26990000	43.70079000
102.99999406	0.00000000	102.68820000	45.19562000
103.19999404	0.00000000	102.31300000	44.82037000
103.39999403	0.00000000	101.10730000	42.54429000
103.59999402	0.00000000	99.19414000	39.51771000
103.79999401	0.00000000	96.86884000	36.73105000
103.99999400	0.00000000	94.96185000	34.40575000
104.19999398	0.00000000	93.79920000	32.50492000
104.39999397	0.00000000	93.75615000	32.17273000
104.59999396	0.00000000	94.53739000	33.66756000
104.79999395	0.00000000	95.70620000	36.36196000
104.99999394	0.00000000	97.61318000	39.38238000
105.19999392	0.00000000	99.14492000	41.75073000
105.39999391	0.00000000	99.94463000	42.91338000
105.59999390	0.00000000	100.35680000	43.28247000
105.79999389	0.00000000	99.94463000	42.07677000
105.99999388	0.00000000	99.19414000	39.47465000
106.19999387	0.00000000	97.98843000	36.73105000
106.39999385	0.00000000	96.54281000	34.49803000
106.59999384	0.00000000	95.70620000	33.29847000
106.79999383	0.00000000	95.70004000	34.03051000
106.99999382	0.00000000	95.70620000	35.15625000
107.19999381	0.00000000	96.54281000	36.78026000
107.39999379	0.00000000	97.98843000	39.00713000
107.59999378	0.00000000	99.14492000	40.54502000
107.79999377	0.00000000	99.52017000	40.96333000
107.99999376	0.00000000	99.19414000	40.58809000
108.19999375	0.00000000	98.40673000	39.38238000
108.39999374	0.00000000	97.61318000	37.51845000
108.59999372	0.00000000	96.45053000	35.61762000
108.79999371	0.00000000	95.33710000	34.83022000
108.99999370	0.00000000	94.96185000	34.78100000
109.19999369	0.00000000	95.33710000	35.19931000
109.39999368	0.00000000	96.49360000	36.36196000
109.59999366	0.00000000	98.03149000	37.89370000
109.79999365	0.00000000	99.52632000	39.43159000
109.99999364	0.00000000	100.31370000	40.58809000
110.19999363	0.00000000	99.94463000	40.96333000
110.39999362	0.00000000	99.23720000	40.58809000
110.59999360	0.00000000	98.40673000	39.43159000
110.79999359	0.00000000	97.65624000	37.93676000
110.99999358	0.00000000	96.86884000	36.73105000
111.19999357	0.00000000	96.49360000	35.93750000
111.39999356	0.00000000	96.45053000	35.19931000
111.59999355	0.00000000	96.49360000	35.24852000
111.79999353	0.00000000	96.86884000	36.31274000
111.99999352	0.00000000	97.61318000	37.47539000
112.19999351	0.00000000	98.03149000	38.26894000
112.39999350	0.00000000	98.40673000	39.05635000
112.59999349	0.00000000	98.77583000	39.43159000
112.79999347	0.00000000	98.40673000	39.47465000
112.99999346	0.00000000	98.07455000	39.47465000
113.19999345	0.00000000	98.03149000	39.43159000
113.39999344	0.00000000	98.03149000	39.05635000
113.59999343	0.00000000	98.03149000	38.31200000
113.79999341	0.00000000	98.03149000	37.93676000
113.99999340	0.00000000	98.03149000	37.89370000
114.19999339	0.00000000	98.03149000	37.85064000
114.39999338	0.00000000	98.03149000	37.47539000
114.59999337	0.00000000	98.03149000	36.73105000
114.79999336	0.00000000	98.03149000	36.35580000
114.99999334	0.00000000	98.03149000	36.31274000
115.19999333	0.00000000	98.03149000	36.31274000
115.39999332	0.00000000	98.03149000	36.35580000
115.59999331	0.00000000	98.03149000	36.78026000
115.79999330	0.00000000	98.03149000	37.89370000
115.99999328	0.00000000	98.03149000	39.05635000
116.19999327	0.00000000	98.03149000	39.84990000
116.39999326	0.00000000	98.03149000	40.58809000
116.59999325	0.00000000	98.03149000	40.58809000
116.79999324	0.00000000	98.03149000	39.89296000
116.99999322	0.00000000	98.03149000	39.47465000
117.19999321	0.00000000	98.03149000	39.00713000
117.39999320	0.00000000	98.07455000	37.89370000
117.59999319	0.00000000	98.49901000	36.78026000
117.79999318	0.00000000	99.56938000	36.35580000
117.99999317	0.00000000	100.31370000	36.35580000
118.19999315	0.00000000	99.98769000	36.73105000
118.39999314	0.00000000	99.61245000	37.51845000
118.59999313	0.00000000	99.14492000	38.26894000
118.79999312	0.00000000	98.03149000	39.09941000
118.99999311	0.00000000	96.86884000	39.84990000
119.19999309	0.00000000	96.07529000	40.63730000
119.39999308	0.00000000	95.33710000	40.96333000
119.59999307	0.00000000	95.38016000	40.63730000
119.79999306	0.00000000	96.49360000	39.89296000
119.99999305	0.00000000	98.03149000	39.47465000
120.19999303	0.00000000	99.56938000	39.05635000
120.39999302	0.00000000	100.73200000	38.31200000
120.59999301	0.00000000	101.15650000	37.93676000
120.79999300	0.00000000	101.15650000	37.85064000
120.99999299	0.00000000	100.73200000	37.47539000
121.19999298	0.00000000	99.61245000	36.73105000
121.39999296	0.00000000	98.44980000	36.40502000
121.59999295	0.00000000	97.61318000	36.73105000
121.79999294	0.00000000	96.45053000	37.47539000
121.99999293	0.00000000	95.38016000	37.89370000
122.19999292	0.00000000	95.33710000	38.31200000
122.39999290	0.00000000	96.07529000	39.05635000
122.59999289	0.00000000	96.82578000	39.43159000
122.79999288	0.00000000	97.65624000	39.47465000
122.99999287	0.00000000	98.44980000	39.47465000
123.19999286	0.00000000	99.61245000	39.43159000
123.39999284	0.00000000	100.73200000	39.05635000
123.59999283	0.00000000	101.10730000	38.26894000
123.79999282	0.00000000	100.78120000	37.51845000
123.99999281	0.00000000	99.98769000	36.73105000
124.19999280	0.00000000	99.19414000	36.35580000
124.39999279	0.00000000	98.03149000	36.35580000
124.59999277	0.00000000	96.91805000	36.73105000
124.79999276	0.00000000	96.49360000	37.47539000
124.99999275	0.00000000	96.45053000	37.85064000
125.19999274	0.00000000	96.45053000	37.93676000
125.39999273	0.00000000	96.49360000	38.31200000
125.59999271	0.00000000	96.86884000	39.05635000
125.79999270	0.00000000	97.65624000	39.43159000
125.99999269	0.00000000	98.44980000	39.47465000
126.19999268	0.00000000	99.61245000	39.43159000
126.39999267	0.00000000	100.73200000	39.05635000
126.59999265	0.00000000	101.10730000	38.31200000
126.79999264	0.00000000	100.73200000	37.89370000
126.99999263	0.00000000	99.56938000	37.47539000
127.19999262	0.00000000	98.07455000	36.73105000
127.39999261	0.00000000	96.86884000	36.35580000
127.59999260	0.00000000	96.11835000	36.35580000
127.79999258	0.00000000	95.70620000	36.73105000
127.99999257	0.00000000	96.11835000	37.47539000
128.19999256	0.00000000	96.82578000	37.89370000
128.39999255	0.00000000	97.65624000	38.31200000
128.59999254	0.00000000	98.40673000	39.05635000
128.79999252	0.00000000	99.23720000	39.43159000
128.99999251	0.00000000	99.98769000	39.43159000
129.19999250	0.00000000	100.73200000	39.05635000
129.39999249	0.00000000	100.68900000	38.31200000
129.59999248	0.00000000	99.61245000	37.93676000
129.79999246	0.00000000	98.44980000	37.89370000
129.99999245	0.00000000	97.65624000	37.89370000
130.19999244	0.00000000	96.86884000	37.89370000
130.39999243	0.00000000	96.54281000	37.93676000
130.59999242	0.00000000	96.86884000	38.31200000
130.79999241	0.00000000	97.65624000	39.05635000
130.99999239	0.00000000	98.40673000	39.43159000
131.19999238	0.00000000	99.19414000	39.47465000
131.39999237	0.00000000	99.56938000	39.43159000
131.59999236	0.00000000	99.61245000	39.05635000
131.79999235	0.00000000	99.61245000	38.31200000
131.99999233	0.00000000	99.56938000	37.89370000
132.19999232	0.00000000	99.19414000	37.51845000
132.39999231	0.00000000	98.44980000	37.14936000
132.59999230	0.00000000	98.07455000	37.51845000
132.79999229	0.00000000	98.03149000	37.89370000
132.99999227	0.00000000	98.03149000	38.36122000
133.19999226	0.00000000	98.07455000	39.47465000
133.39999225	0.00000000	98.40673000	40.58809000
133.59999224	0.00000000	98.77583000	41.01255000
133.79999223	0.00000000	98.40673000	41.01255000
133.99999222	0.00000000	98.07455000	40.63730000
134.19999220	0.00000000	98.03149000	39.84990000
134.39999219	0.00000000	98.07455000	39.05635000
134.59999218	0.00000000	98.44980000	37.89370000
134.79999217	0.00000000	99.19414000	36.78026000
134.99999216	0.00000000	99.56938000	36.35580000
135.19999214	0.00000000	99.61245000	36.35580000
135.39999213	0.00000000	99.61245000	36.73105000
135.59999212	0.00000000	99.61245000	37.51845000
135.79999211	0.00000000	99.56938000	38.26894000
135.99999210	0.00000000	99.19414000	39.09941000
136.19999208	0.00000000	98.44980000	39.80684000
136.39999207	0.00000000	98.07455000	40.21899000
136.59999206	0.00000000	97.98843000	39.84990000
136.79999205	0.00000000	97.65624000	39.47465000
136.99999204	0.00000000	97.33636000	39.05635000
137.19999203	0.00000000	98.07455000	38.26894000
137.39999201	0.00000000	99.14492000	37.51845000
137.59999200	0.00000000	99.56938000	36.73105000
137.79999199	0.00000000	99.61245000	36.35580000
137.99999198	0.00000000	99.61245000	36.31274000
138.19999197	0.00000000	99.56938000	36.31274000
138.39999195	0.00000000	99.19414000	36.35580000
138.59999194	0.00000000	98.40673000	36.73105000
138.79999193	0.00000000	97.65624000	37.51845000
138.99999192	0.00000000	96.86884000	38.22588000
139.19999191	0.00000000	96.54281000	38.68110000
139.39999189	0.00000000	96.86884000	38.68725000
139.59999188	0.00000000	97.65624000	39.05635000
139.79999187	0.00000000	98.40673000	39.00713000
139.99999186	0.00000000	99.19414000	38.31200000
140.19999185	0.00000000	99.56938000	37.93676000
140.39999184	0.00000000	99.61245000	37.85064000
140.59999182	0.00000000	99.56938000	37.47539000
140.79999181	0.00000000	99.19414000	36.73105000
140.99999180	0.00000000	98.44980000	36.35580000
141.19999179	0.00000000	98.07455000	36.35580000
141.39999178	0.00000000	98.03149000	36.73105000
141.59999176	0.00000000	98.03149000	37.51845000
141.79999175	0.00000000	98.07455000	38.26894000
141.99999174	0.00000000	98.44980000	39.05635000
142.19999173	0.00000000	99.19414000	39.43159000
142.39999172	0.00000000	99.56938000	39.47465000
142.59999170	0.00000000	99.61245000	39.47465000
142.79999169	0.00000000	99.61245000	39.43159000
142.99999168	0.00000000	99.56938000	39.00713000
143.19999167	0.00000000	99.19414000	37.89370000
143.39999166	0.00000000	98.44980000	36.78026000
143.59999165	0.00000000	98.07455000	36.35580000
143.79999163	0.00000000	98.03149000	36.35580000
143.99999162	0.00000000	98.07455000	36.73105000
144.19999161	0.00000000	98.44980000	37.51845000
144.39999160	0.00000000	99.19414000	38.26894000
144.59999159	0.00000000	99.56938000	39.05635000
144.79999157	0.00000000	99.61245000	39.43159000
144.99999156	0.00000000	99.61245000	39.47465000
145.19999155	0.00000000	99.56938000	39.47465000
145.39999154	0.00000000	99.19414000	39.47465000
145.59999153	0.00000000	98.49901000	39.43159000
145.79999151	0.00000000	98.44980000	39.05635000
145.99999150	0.00000000	98.77583000	38.31200000
146.19999149	0.00000000	98.44980000	37.93676000
146.39999148	0.00000000	98.49901000	37.89370000
146.59999147	0.00000000	99.19414000	37.89370000
146.79999146	0.00000000	99.56938000	37.93676000
146.99999144	0.00000000	99.61245000	38.31200000
147.19999143	0.00000000	99.56938000	39.05635000
147.39999142	0.00000000	99.23720000	39.43159000
147.59999141	0.00000000	98.86810000	39.47465000
147.79999140	0.00000000	99.19414000	39.47465000
147.99999138	0.00000000	99.19414000	39.47465000
148.19999137	0.00000000	98.82504000	39.47465000
148.39999136	0.00000000	98.81889000	39.43159000
148.59999135	0.00000000	98.40673000	39.05635000
148.79999134	0.00000000	98.12376000	38.31200000
148.99999132	0.00000000	98.44980000	37.93676000
149.19999131	0.00000000	99.19414000	37.89370000
149.39999130	0.00000000	99.56938000	37.89370000
149.59999129	0.00000000	99.61245000	37.93676000
149.79999128	0.00000000	99.61245000	38.31200000
149.99999127	0.00000000	99.61245000	39.05635000
150.19999125	0.00000000	99.61245000	39.43159000
150.39999124	0.00000000	99.61245000	39.47465000
150.59999123	0.00000000	99.56938000	39.47465000
150.79999122	0.00000000	99.23720000	39.47465000
150.99999121	0.00000000	98.82504000	39.43159000
151.19999119	0.00000000	98.86195000	39.09941000
151.39999118	0.00000000	98.78198000	38.73031000
151.59999117	0.00000000	98.86195000	39.09941000
151.79999116	0.00000000	98.82504000	39.38238000
151.99999115	0.00000000	99.23720000	39.05635000
152.19999113	0.00000000	99.56938000	38.36122000
152.39999112	0.00000000	99.65550000	38.36122000
152.59999111	0.00000000	100.03080000	39.00713000
152.79999110	0.00000000	100.73200000	39.00713000
152.99999109	0.00000000	100.73200000	38.31200000
153.19999108	0.00000000	100.03080000	37.93676000
153.39999106	0.00000000	99.61245000	37.89370000
153.59999105	0.00000000	99.19414000	37.89370000
153.79999104	0.00000000	98.44980000	37.89370000
153.99999103	0.00000000	98.07455000	37.89370000
154.19999102	0.00000000	98.03149000	37.89370000
154.39999100	0.00000000	98.03149000	37.89370000
154.59999099	0.00000000	98.03149000	37.89370000
154.79999098	0.00000000	98.07455000	37.89370000
154.99999097	0.00000000	98.44980000	37.89370000
155.19999096	0.00000000	99.19414000	37.89370000
155.39999094	0.00000000	99.56938000	37.85064000
155.59999093	0.00000000	99.61245000	37.51845000
155.79999092	0.00000000	99.61245000	37.14936000
155.99999091	0.00000000	99.61245000	37.51845000
156.19999090	0.00000000	99.61245000	37.89370000
156.39999089	0.00000000	99.56938000	38.31200000
156.59999087	0.00000000	99.19414000	39.05635000
156.79999086	0.00000000	98.40673000	39.43159000
156.99999085	0.00000000	97.69931000	39.47465000
157.19999084	0.00000000	97.28715000	39.47465000
157.39999083	0.00000000	97.65624000	39.43159000
157.59999081	0.00000000	98.03149000	39.05635000
157.79999080	0.00000000	98.44980000	38.31200000
157.99999079	0.00000000	99.23720000	37.93676000
158.19999078	0.00000000	99.94463000	37.89370000
158.39999077	0.00000000	100.39980000	37.89370000
158.59999075	0.00000000	100.36290000	37.89370000
158.79999074	0.00000000	100.39980000	37.93676000
158.99999073	0.00000000	99.98769000	38.31200000
159.19999072	0.00000000	99.65550000	39.05635000
159.39999071	0.00000000	99.61245000	39.43159000
159.59999070	0.00000000	99.61245000	39.51771000
159.79999068	0.00000000	99.56938000	39.84990000
159.99999067	0.00000000	99.23720000	40.21899000
160.19999066	0.00000000	98.86810000	39.84990000
160.39999065	0.00000000	99.23720000	39.51771000
160.59999064	0.00000000	99.56938000	39.43159000
160.79999062	0.00000000	99.61245000	39.05635000
160.99999061	0.00000000	99.61245000	38.31200000
161.19999060	0.00000000	99.61245000	37.93676000
161.39999059	0.00000000	99.61245000	37.89370000
161.59999058	0.00000000	99.65550000	37.93676000
161.79999056	0.00000000	99.98769000	38.26894000
161.99999055	0.00000000	100.39980000	38.68110000
162.19999054	0.00000000	100.36290000	38.68725000
162.39999053	0.00000000	100.44910000	39.09941000
162.59999052	0.00000000	100.36290000	39.43159000
162.79999051	0.00000000	100.39980000	39.47465000
162.99999049	0.00000000	99.98769000	39.47465000
163.19999048	0.00000000	99.65550000	39.47465000
163.39999047	0.00000000	99.56938000	39.43159000
163.59999046	0.00000000	99.23720000	39.09941000
163.79999045	0.00000000	98.86810000	38.68725000
163.99999043	0.00000000	99.23720000	38.68110000
164.19999042	0.00000000	99.56938000	38.26894000
164.39999041	0.00000000	99.65550000	37.93676000
164.59999040	0.00000000	100.03080000	37.89370000
164.79999039	0.00000000	100.78120000	37.93676000
164.99999037	0.00000000	101.15650000	38.26894000
165.19999036	0.00000000	101.15650000	38.63804000
165.39999035	0.00000000	100.78120000	38.26894000
165.59999034	0.00000000	100.08000000	37.93676000
165.79999033	0.00000000	100.03080000	37.89370000
165.99999032	0.00000000	100.35680000	37.93676000
166.19999030	0.00000000	99.98769000	38.31200000
166.39999029	0.00000000	99.65550000	39.00713000
166.59999028	0.00000000	99.61245000	39.00713000
166.79999027	0.00000000	99.61245000	38.31200000
166.99999026	0.00000000	99.61245000	37.93676000
167.19999024	0.00000000	99.61245000	37.89370000
167.39999023	0.00000000	99.61245000	37.89370000
167.59999022	0.00000000	99.61245000	37.89370000
167.79999021	0.00000000	99.65550000	37.89370000
167.99999020	0.00000000	100.03080000	37.89370000
168.19999018	0.00000000	100.73200000	37.89370000
168.39999017	0.00000000	100.78120000	37.89370000
168.59999016	0.00000000	100.41210000	37.93676000
168.79999015	0.00000000	100.39980000	38.26894000
168.99999014	0.00000000	99.98769000	38.63804000
169.19999013	0.00000000	99.65550000	38.26894000
169.39999011	0.00000000	99.61245000	37.93676000
169.59999010	0.00000000	99.61245000	37.89370000
169.79999009	0.00000000	99.61245000	37.89370000
169.99999008	0.00000000	99.61245000	37.89370000
170.19999007	0.00000000	99.61245000	37.89370000
170.39999005	0.00000000	99.65550000	37.89370000
170.59999004	0.00000000	99.98769000	37.89370000
170.79999003	0.00000000	100.35680000	37.89370000
170.99999002	0.00000000	99.98769000	37.89370000
171.19999001	0.00000000	99.70472000	37.89370000
171.39998999	0.00000000	100.03080000	37.89370000
171.59998998	0.00000000	100.73200000	37.89370000
171.79998997	0.00000000	100.73200000	37.89370000
171.99998996	0.00000000	100.03080000	37.89370000
172.19998995	0.00000000	99.65550000	37.89370000
172.39998994	0.00000000	99.61245000	37.89370000
172.59998992	0.00000000	99.61245000	37.89370000
172.79998991	0.00000000	99.61245000	37.89370000
172.99998990	0.00000000	99.61245000	37.89370000
173.19998989	0.00000000	99.61245000	37.89370000
173.39998988	0.00000000	99.61245000	37.89370000
173.59998986	0.00000000	99.61245000	37.89370000
173.79998985	0.00000000	99.61245000	37.89370000
173.99998984	0.00000000	99.61245000	37.89370000
174.19998983	0.00000000	99.65550000	37.89370000
174.39998982	0.00000000	99.98769000	37.89370000
174.59998980	0.00000000	100.35680000	37.89370000
174.79998979	0.00000000	99.98769000	37.89370000
174.99998978	0.00000000	99.65550000	37.89370000
175.19998977	0.00000000	99.61245000	37.89370000
175.39998976	0.00000000	99.61245000	37.89370000
175.59998975	0.00000000	99.61245000	37.93676000
175.79998973	0.00000000	99.61245000	38.26894000
175.99998972	0.00000000	99.61245000	38.63804000
176.19998971	0.00000000	99.61245000	38.31200000
176.39998970	0.00000000	99.61245000	38.36122000
176.59998969	0.00000000	99.61245000	39.05635000
176.79998967	0.00000000	99.61245000	39.43159000
176.99998966	0.00000000	99.61245000	39.47465000
177.19998965	0.00000000	99.65550000	39.47465000
177.39998964	0.00000000	99.98769000	39.47465000
177.59998963	0.00000000	100.35680000	39.47465000
177.79998961	0.00000000	99.98769000	39.47465000
177.99998960	0.00000000	99.65550000	39.47465000
178.19998959	0.00000000	99.61245000	39.47465000
178.39998958	0.00000000	99.61245000	39.47465000
178.59998957	0.00000000	99.61245000	39.47465000
178.79998956	0.00000000	99.65550000	39.47465000
178.99998954	0.00000000	99.98769000	39.47465000
179.19998953	0.00000000	100.39980000	39.47465000
179.39998952	0.00000000	100.36290000	39.47465000
179.59998951	0.00000000	100.44910000	39.47465000
179.79998950	0.00000000	100.41210000	39.47465000
179.99998948	0.00000000	100.82430000	39.43159000
180.19998947	0.00000000	101.15650000	39.05635000
180.39998946	0.00000000	101.19960000	38.36122000
180.59998945	0.00000000	101.15650000	38.36122000
180.79998944	0.00000000	100.78120000	39.05635000
180.99998942	0.00000000	100.08000000	39.43159000
181.19998941	0.00000000	100.03080000	39.47465000
181.39998940	0.00000000	100.35680000	39.47465000
181.59998939	0.00000000	100.03080000	39.47465000
181.79998938	0.00000000	100.08000000	39.47465000
181.99998937	0.00000000	100.78120000	39.47465000
182.19998935	0.00000000	101.15650000	39.47465000
182.39998934	0.00000000	101.19960000	39.43159000
182.59998933	0.00000000	101.19960000	39.05635000
182.79998932	0.00000000	101.19960000	38.31200000
182.99998931	0.00000000	101.19960000	37.93676000
183.19998929	0.00000000	101.19960000	37.89370000
183.39998928	0.00000000	101.15650000	37.89370000
183.59998927	0.00000000	100.78120000	37.89370000
183.79998926	0.00000000	100.03080000	37.89370000
183.99998925	0.00000000	99.65550000	37.89370000
184.19998923	0.00000000	99.61245000	37.93676000
184.39998922	0.00000000	99.65550000	38.31200000
184.59998921	0.00000000	99.98769000	39.05635000
184.79998920	0.00000000	100.35680000	39.43159000
184.99998919	0.00000000	99.98769000	39.47465000
185.19998918	0.00000000	99.70472000	39.43159000
185.39998916	0.00000000	100.03080000	39.05635000
185.59998915	0.00000000	100.78120000	38.31200000
185.79998914	0.00000000	101.10730000	37.89370000
185.99998913	0.00000000	100.82430000	37.51845000
186.19998912	0.00000000	100.41210000	37.14936000
186.39998910	0.00000000	100.39980000	37.51845000
186.59998909	0.00000000	99.98769000	37.85064000
186.79998908	0.00000000	99.65550000	37.89370000
186.99998907	0.00000000	99.61245000	37.89370000
187.19998906	0.00000000	99.61245000	37.93676000
187.39998904	0.00000000	99.61245000	38.31200000
187.59998903	0.00000000	99.61245000	38.96407000
187.79998902	0.00000000	99.65550000	38.72416000
187.99998901	0.00000000	99.98769000	38.32431000
188.19998900	0.00000000	100.39980000	39.04404000
188.39998899	0.00000000	100.41210000	38.60113000
188.59998897	0.00000000	100.82430000	37.98597000
188.79998896	0.00000000	101.15650000	37.89370000
188.99998895	0.00000000	101.15650000	37.89370000
189.19998894	0.00000000	100.82430000	37.89370000
189.39998893	0.00000000	100.41210000	37.89370000
189.59998891	0.00000000	100.39980000	37.89370000
189.79998890	0.00000000	99.98769000	37.93676000
189.99998889	0.00000000	99.65550000	38.31200000
190.19998888	0.00000000	99.61245000	39.05635000
190.39998887	0.00000000	99.61245000	39.43159000
190.59998885	0.00000000	99.61245000	39.47465000
190.79998884	0.00000000	99.65550000	39.47465000
190.99998883	0.00000000	100.03080000	39.47465000
191.19998882	0.00000000	100.78120000	39.47465000
191.39998881	0.00000000	101.15650000	39.47465000
191.59998880	0.00000000	101.19960000	39.47465000
191.79998878	0.00000000	101.19960000	39.47465000
191.99998877	0.00000000	101.19960000	39.43159000
192.19998876	0.00000000	101.19960000	39.05635000
192.39998875	0.00000000	101.19960000	38.36122000
192.59998874	0.00000000	101.15650000	38.31200000
192.79998872	0.00000000	100.82430000	38.68110000
192.99998871	0.00000000	100.41210000	38.68725000
193.19998870	0.00000000	100.39980000	39.09941000
193.39998869	0.00000000	99.98769000	39.43159000
193.59998868	0.00000000	99.70472000	39.47465000
193.79998866	0.00000000	100.03080000	39.47465000
193.99998865	0.00000000	100.78120000	39.47465000
194.19998864	0.00000000	101.15650000	39.47465000
194.39998863	0.00000000	101.19960000	39.47465000
194.59998862	0.00000000	101.19960000	39.47465000
194.79998861	0.00000000	101.19960000	39.47465000
194.99998859	0.00000000	101.19960000	39.47465000
195.19998858	0.00000000	101.19960000	39.47465000
195.39998857	0.00000000	101.19960000	39.47465000
195.59998856	0.00000000	101.19960000	39.47465000
195.79998855	0.00000000	101.19960000	39.47465000
195.99998853	0.00000000	101.19960000	39.47465000
