Time	Channel A	Channel B	Channel C
(us)	(V)	(mV)	(mV)

-4.49999956	0.00000000	5.16117100	4.73671200
-4.29999957	0.00000000	5.48720400	4.73671200
-4.09999958	0.00000000	5.11811000	4.77977300
-3.89999959	0.00000000	4.78592500	5.11195900
-3.69999960	0.00000000	4.74286400	5.47490100
-3.49999962	0.00000000	4.74286400	5.15501900
-3.29999963	0.00000000	4.74286400	5.15501900
-3.09999964	0.00000000	4.78592500	5.47490100
-2.89999965	0.00000000	5.11811000	5.11195900
-2.69999966	0.00000000	5.48720400	4.77977300
-2.49999968	0.00000000	5.16117100	4.77977300
-2.29999969	0.00000000	5.16117100	5.11195900
-2.09999970	0.00000000	5.48720400	5.47490100
-1.89999971	0.00000000	5.11811000	5.11195900
-1.69999972	0.00000000	4.78592500	4.77977300
-1.49999973	0.00000000	4.74286400	4.77977300
-1.29999975	0.00000000	4.74286400	5.11195900
-1.09999976	0.00000000	4.78592500	5.47490100
-0.89999977	0.00000000	5.16117100	5.15501900
-0.69999978	0.00000000	5.90551100	5.19808000
-0.49999979	0.00000000	6.23154500	5.85014700
-0.29999981	0.15871060	5.94857300	5.85014700
-0.09999982	0.63668800	5.53641700	5.15501900
0.10000017	0.95533960	5.53026500	4.77977300
0.30000016	0.95533960	5.11811000	4.73671200
0.50000015	0.95533960	4.78592500	4.73671200
0.70000013	0.47736220	4.74286400	4.73671200
0.90000012	-0.31803640	4.74286400	4.73671200
1.10000011	-1.27399100	4.74286400	4.73671200
1.30000010	-2.22994600	4.74286400	4.77977300
1.50000009	-2.70792300	4.78592500	5.15501900
1.70000008	-2.54859700	5.16117100	5.89320800
1.90000006	-1.59264300	5.85629900	6.26845500
2.10000005	0.15871060	5.85629900	6.31151500
2.30000004	2.22994600	5.16117100	6.31151500
2.50000003	4.14124000	4.78592500	6.26845500
2.70000002	5.25652100	4.74286400	5.89320800
2.90000000	5.09719500	4.74286400	5.15501900
3.09999999	3.50393700	4.74286400	4.77977300
3.29999998	0.47736220	4.74286400	4.77977300
3.49999997	-2.86724900	4.78592500	5.11195900
3.69999996	-5.89382400	5.11811000	5.51796200
3.89999994	-7.80511800	5.53026500	5.53026500
4.09999993	-7.80511800	5.53641700	5.93626900
4.29999992	-5.57517200	5.94857300	6.26845500
4.49999991	-1.91129400	6.23154500	6.26845500
4.69999990	2.38927200	5.94857300	5.93626900
4.89999989	6.53112700	5.53641700	5.53026500
5.09999987	8.92039900	5.57332700	5.51796200
5.29999986	9.23905000	5.49335600	5.11195900
5.49999985	7.16781500	5.53026500	4.77977300
5.69999984	3.34522600	5.11811000	4.73671200
5.89999983	-1.43331700	4.78592500	4.73671200
6.09999981	-5.89382400	4.78592500	4.73671200
6.29999980	-8.76107300	5.16117100	4.77977300
6.49999979	-9.39837600	5.90551100	5.15501900
6.69999978	-7.80511800	6.28075700	5.89320800
6.89999977	-4.30056600	6.32381900	6.26845500
7.09999975	0.00000000	6.32381900	6.31151500
7.29999974	4.14124000	6.28075700	6.26845500
7.49999973	6.84916400	5.90551100	5.89320800
7.69999972	7.80511800	5.16117100	5.15501900
7.89999971	6.69045300	4.78592500	4.77977300
8.09999970	4.14124000	4.74286400	4.73671200
8.29999968	0.79601380	4.74286400	4.73671200
8.49999967	-2.22994600	4.78592500	4.73671200
8.69999966	-4.30056600	5.11811000	4.77977300
8.89999965	-5.25652100	5.48720400	5.15501900
9.09999964	-4.61921700	5.11811000	5.89320800
9.29999962	-3.02657500	4.83513700	6.26845500
9.49999961	-1.11466500	5.11811000	6.31151500
9.69999960	0.79601380	5.53026500	6.31151500
9.89999959	2.07062000	5.49335600	6.26845500
10.09999958	2.54859700	5.57332700	5.93626900
10.29999956	2.22994600	5.49335600	5.53026500
10.49999955	1.59264300	5.57332700	5.51796200
10.69999954	0.79601380	5.49335600	5.15501900
10.89999953	0.00000000	5.53026500	5.15501900
11.09999952	-0.63668800	5.11811000	5.47490100
11.29999951	-0.95533960	4.78592500	5.11195900
11.49999949	-0.95533960	4.74286400	4.77977300
11.69999948	-0.79601380	4.74286400	4.73671200
11.89999947	-0.47736220	4.74286400	4.77977300
12.09999946	-0.15871060	4.74286400	5.15501900
12.29999945	-0.15871060	4.78592500	5.85014700
12.49999943	-0.15871060	5.16117100	5.85014700
12.69999942	0.00000000	5.85629900	5.15501900
12.89999941	0.00000000	5.90551100	4.77977300
13.09999940	0.00000000	5.53641700	4.73671200
13.29999939	0.00000000	5.53026500	4.77977300
13.49999937	0.00000000	5.16117100	5.11195900
13.69999936	0.00000000	5.21038300	5.51796200
13.89999935	0.00000000	5.85629900	5.48105300
14.09999934	-0.15871060	5.85629900	5.51796200
14.29999933	-0.15871060	5.21038300	5.11195900
14.49999932	-0.15871060	5.16117100	4.77977300
14.69999930	0.00000000	5.53026500	4.73671200
14.89999929	0.00000000	5.49335600	4.73671200
15.09999928	0.00000000	5.53026500	4.73671200
15.29999927	0.00000000	5.11811000	4.73671200
15.49999926	0.00000000	4.78592500	4.77977300
15.69999924	0.00000000	4.74286400	5.11195900
15.89999923	0.00000000	4.74286400	5.51796200
16.09999922	0.00000000	4.74286400	5.53026500
16.29999921	0.00000000	4.74286400	5.89320800
16.49999920	-0.15871060	4.78592500	5.89320800
16.69999919	-0.15871060	5.16117100	5.53026500
16.89999917	0.00000000	5.90551100	5.51796200
17.09999916	0.00000000	6.32381900	5.11195900
17.29999915	0.00000000	6.74212600	4.82898600
17.49999914	0.00000000	7.43725300	5.11195900
17.69999913	0.00000000	7.43725300	5.47490100
17.89999911	0.00000000	6.69906400	5.15501900
18.09999910	0.00000000	5.85629900	5.15501900
18.29999909	0.00000000	4.32455700	5.51796200
18.49999908	0.00000000	2.41756900	5.48105300
18.69999907	-0.15871060	1.24877000	5.56717500
18.89999905	0.00000000	0.46751960	5.53026500
19.09999904	0.00000000	0.51058070	5.93626900
19.29999903	0.00000000	1.71628900	6.21924200
19.49999902	0.00000000	4.04773600	5.89320800
19.69999901	0.00000000	7.57258800	5.15501900
19.89999900	0.00000000	11.39887000	4.77977300
20.09999898	0.00000000	14.88066000	4.73671200
20.29999897	0.00000000	16.74459000	4.73671200
20.49999896	0.00000000	16.32628000	4.73671200
20.69999895	0.00000000	13.16437000	4.73671200
20.89999894	0.00000000	7.35113100	4.73671200
21.09999892	0.00000000	0.00000000	4.73671200
21.29999891	0.00000000	-7.35113100	4.73671200
21.49999890	0.00000000	-13.07210000	4.73671200
21.69999889	0.00000000	-15.30512000	4.73671200
21.89999888	0.00000000	-12.56767000	4.73671200
22.09999886	0.00000000	-5.16732200	4.73671200
22.29999885	0.00000000	5.71481200	4.73671200
22.49999884	0.00000000	18.46087000	4.73671200
22.69999883	0.00000000	29.95817000	4.73671200
22.89999882	0.00000000	36.84793000	4.77977300
23.09999881	0.00000000	36.79872000	5.15501900
23.29999879	0.00000000	29.35531000	5.93626900
23.49999878	0.00000000	15.39739000	6.68676100
23.69999877	0.00000000	-2.74360200	7.42495000
23.89999876	0.00000000	-20.42938000	7.42495000
24.09999875	0.00000000	-33.17544000	6.72982200
24.29999873	0.00000000	-37.73991000	6.31151500
24.49999872	0.00000000	-32.66486000	5.85014700
24.69999871	0.00000000	-18.28863000	4.68750000
24.89999870	0.00000000	2.55290300	3.15575800
25.09999869	0.00000000	25.30143000	1.62401600
25.29999867	0.00000000	44.19291000	0.51058070
25.49999866	0.00000000	54.61983000	0.51058070
25.69999865	0.00000000	54.20152000	1.71013800
25.89999864	0.00000000	42.56889000	4.03543200
26.09999863	0.00000000	22.09646000	7.56028500
26.29999862	0.00000000	-2.60826800	11.38041000
26.49999860	0.00000000	-25.77510000	14.85605000
26.69999859	0.00000000	-41.97219000	16.71998000
26.89999858	0.00000000	-47.36712000	16.30167000
27.09999857	0.00000000	-40.43430000	13.14591000
27.29999856	0.00000000	-23.08071000	7.33882900
27.49999854	0.00000000	0.46751960	0.00000000
27.69999853	0.00000000	24.79700000	-7.29576700
27.89999852	0.00000000	44.10679000	-12.68455000
28.09999851	0.00000000	54.20152000	-14.59153000
28.29999850	0.00000000	53.08193000	-12.59227000
28.49999848	0.00000000	41.54158000	-6.32381900
28.69999847	0.00000000	22.65010000	3.70939900
28.89999846	0.00000000	0.97194880	15.27436000
29.09999845	0.00000000	-18.75615000	25.68897000
29.29999844	0.00000000	-32.70792000	32.60949000
29.49999843	0.00000000	-37.73991000	34.09818000
29.69999841	0.00000000	-33.21850000	29.40452000
29.89999840	0.00000000	-20.89075000	18.95300000
30.09999839	0.00000000	-4.27534400	4.65059000
30.29999838	0.00000000	13.16437000	-10.35925000
30.49999837	0.00000000	27.86663000	-22.71777000
30.69999835	0.00000000	36.84793000	-29.26919000
30.89999834	0.00000000	38.80413000	-28.85088000
31.09999833	0.00000000	33.82136000	-21.09375000
31.29999832	0.00000000	23.02534000	-7.16043300
31.49999831	0.00000000	9.52879000	9.80561000
31.69999829	0.00000000	-3.67864200	26.43332000
31.89999828	0.00000000	-14.14862000	38.74877000
32.09999827	0.00000000	-19.96186000	44.22367000
32.29999826	0.00000000	-20.00492000	41.86147000
32.49999825	0.00000000	-14.65305000	32.19119000
32.69999824	0.00000000	-5.77017700	16.72613000
32.89999822	0.00000000	4.69980300	-1.02116100
33.09999821	0.00000000	14.74532000	-17.28592000
33.29999820	0.00000000	22.09646000	-28.85088000
33.49999819	0.00000000	25.21530000	-33.12623000
33.69999818	0.00000000	23.72047000	-29.26919000
33.89999816	0.00000000	18.32554000	-18.49163000
34.09999815	0.00000000	10.59916000	-3.02042300
34.29999814	0.00000000	2.13459600	13.57037000
34.49999813	0.00000000	-4.79207600	27.92200000
34.69999812	0.00000000	-8.28617100	37.16781000
34.89999810	0.00000000	-8.00319800	39.48696000
35.09999809	0.00000000	-4.51525500	34.09818000
35.29999808	0.00000000	0.83661410	22.57628000
35.49999807	0.00000000	7.01894700	7.89247000
35.69999806	0.00000000	12.00172000	-6.74212600
35.89999805	0.00000000	14.74532000	-17.93799000
36.09999803	0.00000000	14.74532000	-22.95768000
36.29999802	0.00000000	12.09400000	-21.09375000
36.49999801	0.00000000	7.86171200	-13.01058000
36.69999800	0.00000000	3.20497000	-1.11343500
36.89999799	0.00000000	-0.98425190	11.57111000
37.09999797	0.00000000	-3.30339500	21.60433000
37.29999796	0.00000000	-2.89124000	26.62401000
37.49999795	0.00000000	-0.23375980	25.87352000
37.69999794	0.00000000	4.36761800	19.37131000
37.89999793	0.00000000	8.97514600	9.43036400
38.09999791	0.00000000	12.46924000	-0.93503930
38.29999790	0.00000000	14.41314000	-8.96899500
38.49999789	0.00000000	14.05020000	-12.03863000
38.69999788	0.00000000	12.13706000	-9.38730200
38.89999787	0.00000000	8.97514600	-2.14074800
39.09999786	0.00000000	4.74286400	7.43110200
39.29999784	0.00000000	0.51058070	16.21555000
39.49999783	0.00000000	-2.60826800	21.60433000
39.69999782	0.00000000	-4.14616100	21.97957000
39.89999781	0.00000000	-3.72170300	17.37820000
40.09999780	0.00000000	-1.07037400	8.91978400
40.29999778	0.00000000	2.78666300	-1.02116100
40.49999777	0.00000000	6.69906400	-9.43036400
40.69999776	0.00000000	10.59916000	-13.66265000
40.89999775	0.00000000	13.67495000	-12.54921000
41.09999774	0.00000000	15.21284000	-6.78518600
41.29999772	0.00000000	14.83760000	2.04232300
41.49999771	0.00000000	12.51230000	11.65723000
41.69999770	0.00000000	9.06742000	19.37131000
41.89999769	0.00000000	5.16117100	23.60359000
42.09999768	0.00000000	1.67322800	23.18528000
42.29999767	0.00000000	-1.07037400	17.83957000
42.49999765	0.00000000	-2.60826800	9.47342500
42.69999764	0.00000000	-2.60826800	0.97194880
42.89999763	0.00000000	-1.07037400	-5.62253900
43.09999762	0.00000000	1.62401600	-9.47957600
43.29999761	0.00000000	4.69980300	-9.47957600
43.49999759	0.00000000	7.43725300	-5.71481200
43.69999758	0.00000000	9.35039300	0.04306102
43.89999757	0.00000000	10.18086000	6.22539300
44.09999756	0.00000000	9.81791200	11.65723000
44.29999755	0.00000000	9.11048200	15.09596000
44.49999753	0.00000000	8.32308000	15.92642000
44.69999752	0.00000000	7.94783400	14.03174000
44.89999751	0.00000000	7.90477300	10.62992000
45.09999750	0.00000000	7.86171200	6.72982200
45.29999749	0.00000000	7.43725300	3.24803100
45.49999748	0.00000000	6.23154500	0.55364170
45.69999746	0.00000000	4.32455700	-0.60285430
45.89999745	0.00000000	1.95620100	0.09227362
46.09999744	0.00000000	-0.37524600	1.62401600
46.29999743	0.00000000	-2.65132900	3.61712600
46.49999742	0.00000000	-3.72170300	6.31151500
46.69999740	0.00000000	-2.51599400	8.96284400
46.89999739	0.00000000	0.97194880	10.49459000
47.09999738	0.00000000	6.41609200	10.53765000
47.29999737	0.00000000	12.55536000	9.38115100
47.49999736	0.00000000	17.95029000	7.47416300
47.69999734	0.00000000	20.97687000	5.11195900
47.89999733	0.00000000	20.60162000	2.82972400
48.09999732	0.00000000	16.70152000	0.87967510
48.29999731	0.00000000	10.09473000	0.13533460
48.49999730	0.00000000	1.58095500	0.51058070
48.69999729	0.00000000	-6.79749000	2.08538400
48.89999727	0.00000000	-12.19242000	4.77977300
49.09999726	0.00000000	-12.98597000	7.84940900
49.29999725	0.00000000	-9.53494100	10.53765000
49.49999724	0.00000000	-2.51599400	12.07554000
49.69999723	0.00000000	6.74212600	12.07554000
49.89999721	0.00000000	16.32628000	10.49459000
50.09999720	0.00000000	23.20989000	7.42495000
50.29999719	0.00000000	25.16609000	3.57406500
50.49999718	0.00000000	22.13952000	0.13533460
50.69999717	0.00000000	15.21284000	-2.22687000
50.89999715	0.00000000	6.32381900	-2.97736200
51.09999714	0.00000000	-2.56520700	-2.18380900
51.29999713	0.00000000	-9.44881800	0.55364170
51.49999712	0.00000000	-12.14321000	4.73671200
51.69999711	0.00000000	-9.86712600	8.96284400
51.89999710	0.00000000	-3.72170300	12.11860000
52.09999708	0.00000000	4.74286400	14.03174000
52.29999707	0.00000000	13.16437000	14.39468000
52.49999706	0.00000000	18.93455000	12.45079000
52.69999705	0.00000000	20.51550000	9.00590400
52.89999704	0.00000000	17.81496000	4.77977300
53.09999702	0.00000000	11.71875000	0.97194880
53.29999701	0.00000000	4.04773600	-1.02116100
53.49999700	0.00000000	-2.51599400	-1.43946800
53.69999699	0.00000000	-6.74827700	-0.60285430
53.89999698	0.00000000	-7.49261800	2.04232300
54.09999696	0.00000000	-4.05388800	5.43184000
54.29999695	0.00000000	2.04847400	7.80019600
54.49999694	0.00000000	8.97514600	9.38115100
54.69999693	0.00000000	14.70226000	10.07628000
54.89999692	0.00000000	17.43971000	8.96284400
55.09999691	0.00000000	16.70152000	6.72982200
55.29999689	0.00000000	13.25664000	4.82283400
55.49999688	0.00000000	7.86171200	3.66633800
55.69999687	0.00000000	2.09153500	3.66633800
55.89999686	0.00000000	-2.51599400	4.77977300
56.09999685	0.00000000	-4.84128900	6.31151500
56.29999683	0.00000000	-4.09694900	7.84940900
56.49999682	0.00000000	-1.02731300	8.91978400
56.69999681	0.00000000	3.62942900	8.50147600
56.89999680	0.00000000	8.97514600	6.26845500
57.09999679	0.00000000	13.16437000	3.57406500
57.29999677	0.00000000	14.78838000	1.24877000
57.49999676	0.00000000	14.05020000	-0.64591530
57.69999675	0.00000000	11.71875000	-0.97810030
57.89999674	0.00000000	7.86171200	0.55364170
58.09999673	0.00000000	3.71555100	3.70939900
58.29999672	0.00000000	0.97194880	8.31077700
58.49999670	0.00000000	0.13533460	13.23819000
58.69999669	0.00000000	0.46751960	16.25861000
58.89999668	0.00000000	1.67322800	16.30167000
59.09999667	0.00000000	3.58021600	13.61343000
59.29999666	0.00000000	5.90551100	8.96284400
59.49999664	0.00000000	7.81250000	3.15575800
59.69999663	0.00000000	9.01820900	-2.60211600
59.89999662	0.00000000	9.35039300	-6.78518600
60.09999661	0.00000000	8.59990100	-7.94783400
60.29999660	0.00000000	6.74212600	-5.62253900
60.49999658	0.00000000	5.25344500	-0.60285430
60.69999657	0.00000000	4.78592500	6.36072800
60.89999656	0.00000000	4.74286400	13.61343000
61.09999655	0.00000000	4.78592500	19.00221000
61.29999654	0.00000000	5.16117100	20.90920000
61.49999653	0.00000000	5.90551100	19.00221000
61.69999651	0.00000000	6.28075700	13.61343000
61.89999650	0.00000000	6.28075700	6.31766700
62.09999649	0.00000000	5.90551100	-1.07037400
62.29999648	0.00000000	5.11811000	-7.20349400
62.49999647	0.00000000	4.36761800	-10.63607000
62.69999645	0.00000000	3.58021600	-9.84867000
62.89999644	0.00000000	3.25418300	-5.29650500
63.09999643	0.00000000	3.62942900	1.66707700
63.29999642	0.00000000	4.78592500	9.38115100
63.49999641	0.00000000	6.28075700	16.30167000
63.69999639	0.00000000	7.43725300	20.53395000
63.89999638	0.00000000	7.86171200	20.99532000
64.09999637	0.00000000	7.86171200	18.30093000
64.29999636	0.00000000	7.43725300	13.28125000
64.49999635	0.00000000	6.32381900	6.68676100
64.69999634	0.00000000	5.16117100	0.13533460
64.89999632	0.00000000	4.36761800	-5.20423200
65.09999631	0.00000000	3.62942900	-7.57258800
65.29999630	0.00000000	3.62942900	-6.50836600
65.49999629	0.00000000	4.36761800	-3.85088600
65.69999628	0.00000000	5.16117100	0.13533460
65.89999626	0.00000000	6.32381900	5.11195900
66.09999625	0.00000000	7.39419200	10.11934000
66.29999624	0.00000000	7.43725300	13.60728000
66.49999623	0.00000000	6.65600300	15.23130000
66.69999622	0.00000000	5.53026500	15.23130000
66.89999620	0.00000000	3.99852300	13.74262000
67.09999619	0.00000000	3.25418300	11.38041000
67.29999618	0.00000000	3.25418300	8.63681000
67.49999617	0.00000000	4.04773600	5.15501900
67.69999616	0.00000000	5.99163300	2.04232300
67.89999615	0.00000000	8.28001900	-0.33218500
68.09999613	0.00000000	10.55610000	-2.27608300
68.29999612	0.00000000	11.67569000	-3.02042300
68.49999611	0.00000000	10.93135000	-2.64517700
68.69999610	0.00000000	8.97514600	-1.02116100
68.89999609	0.00000000	5.85629900	2.08538400
69.09999607	0.00000000	1.99926200	6.31151500
69.29999606	0.00000000	-1.40255900	10.58686000
69.49999605	0.00000000	-3.34645700	14.07480000
69.69999604	0.00000000	-2.93430100	16.39395000
69.89999603	0.00000000	-0.65206690	16.71998000
70.09999601	0.00000000	3.25418300	14.81299000
70.29999600	0.00000000	7.90477300	10.91289000
70.49999599	0.00000000	12.55536000	5.89320800
70.69999598	0.00000000	16.36934000	0.51058070
70.89999597	0.00000000	17.86417000	-3.71555100
71.09999596	0.00000000	16.32628000	-5.67175200
71.29999594	0.00000000	12.09400000	-5.29650500
71.49999593	0.00000000	6.32381900	-2.60211600
71.69999592	0.00000000	0.51058070	1.62401600
71.89999591	0.00000000	-4.14616100	6.26845500
72.09999590	0.00000000	-6.84055100	10.53765000
72.29999588	0.00000000	-6.84055100	13.60728000
72.49999587	0.00000000	-4.14616100	14.76993000
72.69999586	0.00000000	0.51058070	13.65650000
72.89999585	0.00000000	6.28075700	10.96211000
73.09999584	0.00000000	11.67569000	7.51722400
73.29999582	0.00000000	15.21284000	4.03543200
73.49999581	0.00000000	16.74459000	1.75319900
73.69999580	0.00000000	15.95103000	0.92888770
73.89999579	0.00000000	12.51230000	1.66707700
74.09999578	0.00000000	7.90477300	3.15575800
74.29999577	0.00000000	3.25418300	4.68750000
74.49999575	0.00000000	-0.60900590	5.85014700
74.69999574	0.00000000	-2.56520700	6.21924200
74.89999573	0.00000000	-2.60826800	5.85014700
75.09999572	0.00000000	-1.02731300	4.73671200
75.29999571	0.00000000	2.04847400	3.66633800
75.49999569	0.00000000	5.85629900	3.66633800
75.69999568	0.00000000	8.93208600	4.77977300
75.89999567	0.00000000	10.55610000	6.36072800
76.09999566	0.00000000	10.93135000	8.31077700
76.29999565	0.00000000	10.18086000	10.53765000
76.49999563	0.00000000	8.32308000	11.65723000
76.69999562	0.00000000	6.79133800	10.91289000
76.89999561	0.00000000	5.94857300	8.96284400
77.09999560	0.00000000	5.16117100	5.80093500
77.29999559	0.00000000	4.83513700	1.62401600
77.49999558	0.00000000	5.16117100	-2.18380900
77.69999556	0.00000000	5.85629900	-4.14000900
77.89999555	0.00000000	5.85629900	-4.14000900
78.09999554	0.00000000	5.11811000	-2.18380900
78.29999553	0.00000000	4.36761800	1.71013800
78.49999552	0.00000000	3.58021600	6.68676100
78.69999550	0.00000000	3.25418300	11.70029000
78.89999549	0.00000000	3.62942900	15.14518000
79.09999548	0.00000000	4.78592500	16.34473000
79.29999547	0.00000000	6.36687900	15.18824000
79.49999546	0.00000000	8.28001900	12.11860000
79.69999544	0.00000000	10.18086000	7.84940900
79.89999543	0.00000000	10.93135000	3.20497000
80.09999542	0.00000000	10.55610000	-1.02116100
80.29999541	0.00000000	8.97514600	-3.71555100
80.49999540	0.00000000	6.32381900	-4.14000900
80.69999539	0.00000000	3.62942900	-2.64517700
80.89999537	0.00000000	1.67322800	0.09227362
81.09999536	0.00000000	0.51058070	3.57406500
81.29999535	0.00000000	0.55364170	7.42495000
81.49999534	0.00000000	2.04847400	10.49459000
81.69999533	0.00000000	4.36761800	12.11860000
81.89999531	0.00000000	6.69906400	12.53691000
82.09999530	0.00000000	9.01820900	12.16166000
82.29999529	0.00000000	10.51304000	10.96211000
82.49999528	0.00000000	10.55610000	9.00590400
82.69999527	0.00000000	9.39345400	6.26845500
82.89999525	0.00000000	7.48646600	3.19881900
83.09999524	0.00000000	5.16117100	0.51058070
83.29999523	0.00000000	3.29724400	-1.06422200
83.49999522	0.00000000	2.46678100	-1.48253000
83.69999521	0.00000000	2.82972400	-1.06422200
83.89999520	0.00000000	3.53715500	0.51058070
84.09999518	0.00000000	4.36761800	3.19881900
84.29999517	0.00000000	5.11811000	6.31151500
84.49999516	0.00000000	5.90551100	9.47342500
84.69999515	0.00000000	6.28075700	12.49385000
84.89999514	0.00000000	6.32381900	14.39468000
85.09999512	0.00000000	6.32381900	14.03174000
85.29999511	0.00000000	6.32381900	12.11860000
85.49999510	0.00000000	6.32381900	8.96284400
85.69999509	0.00000000	6.36687900	4.73671200
85.89999508	0.00000000	6.69906400	0.51058070
86.09999506	0.00000000	7.06815900	-2.60211600
86.29999505	0.00000000	6.65600300	-4.14000900
86.49999504	0.00000000	5.94857300	-3.71555100
86.69999503	0.00000000	5.11811000	-0.97810030
86.89999502	0.00000000	4.36761800	3.62327700
87.09999501	0.00000000	3.58021600	8.96284400
87.29999499	0.00000000	3.25418300	13.18898000
87.49999498	0.00000000	3.62942900	15.14518000
87.69999497	0.00000000	4.78592500	14.76993000
87.89999496	0.00000000	6.28075700	12.07554000
88.09999495	0.00000000	7.48646600	7.84940900
88.29999493	0.00000000	8.23695900	3.20497000
88.49999492	0.00000000	8.64911400	-1.02116100
88.69999491	0.00000000	8.23695900	-3.67249000
88.89999490	0.00000000	7.48646600	-3.71555100
89.09999489	0.00000000	6.28075700	-1.39640700
89.29999487	0.00000000	4.78592500	2.46063000
89.49999486	0.00000000	3.62942900	7.47416300
89.69999485	0.00000000	3.25418300	12.03248000
89.89999484	0.00000000	3.58021600	14.76993000
90.09999483	0.00000000	4.36761800	15.14518000
90.29999482	0.00000000	5.16117100	13.18898000
90.49999480	0.00000000	6.28075700	8.96284400
90.69999479	0.00000000	7.01894700	3.62327700
90.89999478	0.00000000	6.69906400	-0.97810030
91.09999477	0.00000000	6.36687900	-3.67249000
91.29999476	0.00000000	6.32381900	-3.67249000
91.49999474	0.00000000	6.32381900	-1.02116100
91.69999473	0.00000000	6.32381900	3.24803100
91.89999472	0.00000000	6.32381900	8.22465500
92.09999471	0.00000000	6.32381900	12.81373000
92.29999470	0.00000000	6.32381900	15.09596000
92.49999468	0.00000000	6.32381900	14.76993000
92.69999467	0.00000000	6.28075700	12.03248000
92.89999466	0.00000000	5.85629900	7.47416300
93.09999465	0.00000000	4.74286400	2.46063000
93.29999464	0.00000000	3.62942900	-1.35334600
93.49999463	0.00000000	3.20497000	-3.29724400
93.69999461	0.00000000	3.20497000	-2.51599400
93.89999460	0.00000000	3.62942900	0.51058070
94.09999459	0.00000000	4.83513700	4.73671200
94.29999458	0.00000000	6.74212600	8.96284400
94.49999457	0.00000000	9.06742000	12.03248000
94.69999455	0.00000000	10.93135000	13.18898000
94.89999454	0.00000000	11.71875000	12.07554000
95.09999453	0.00000000	10.93135000	9.38115100
95.29999452	0.00000000	9.01820900	5.89320800
95.49999451	0.00000000	6.28075700	2.08538400
95.69999449	0.00000000	3.20497000	-0.55979330
95.89999448	0.00000000	0.51058070	-1.02116100
96.09999447	0.00000000	-1.02731300	0.13533460
96.29999446	0.00000000	-1.02731300	2.46063000
96.49999445	0.00000000	0.55364170	5.93626900
96.69999444	0.00000000	3.62942900	9.29502900
96.89999442	0.00000000	7.48646600	11.28199000
97.09999441	0.00000000	10.97441000	11.28814000
97.29999440	0.00000000	13.67495000	10.16855000
97.49999439	0.00000000	14.78838000	7.84940900
97.69999438	0.00000000	13.67495000	5.19808000
97.89999436	0.00000000	10.97441000	3.24803100
98.09999435	0.00000000	7.48646600	2.08538400
98.29999434	0.00000000	3.58021600	2.04232300
98.49999433	0.00000000	0.13533460	2.78051200
98.69999432	0.00000000	-2.18996000	3.53100400
98.89999430	0.00000000	-2.56520700	4.36146600
99.09999429	0.00000000	-1.07037400	5.11195900
99.29999428	0.00000000	1.67322800	5.89320800
99.49999427	0.00000000	5.16117100	6.31151500
99.69999426	0.00000000	9.01820900	6.72982200
99.89999425	0.00000000	12.09400000	7.47416300
100.09999423	0.00000000	13.67495000	7.84940900
100.29999422	0.00000000	13.71801000	7.89247000
100.49999421	0.00000000	12.51230000	7.89247000
100.69999420	0.00000000	10.18086000	7.84940900
100.89999419	0.00000000	6.69906400	7.38188900
101.09999417	0.00000000	3.25418300	5.85014700
101.29999416	0.00000000	0.55364170	3.61712600
101.49999415	0.00000000	-0.65206690	2.04232300
101.69999414	0.00000000	-0.33218500	1.24877000
101.89999413	0.00000000	0.46751960	0.92888770
102.09999411	0.00000000	2.09153500	2.08538400
102.29999410	0.00000000	4.74286400	4.36146600
102.49999409	0.00000000	7.43725300	6.68676100
102.69999408	0.00000000	9.39345400	9.05511800
102.89999407	0.00000000	10.59916000	10.96211000
103.09999406	0.00000000	10.97441000	12.07554000
103.29999404	0.00000000	10.55610000	11.61417000
103.49999403	0.00000000	9.01820900	9.00590400
103.69999402	0.00000000	6.74212600	5.57332700
103.89999401	0.00000000	4.78592500	2.82972400
104.09999400	0.00000000	3.20497000	0.46751960
104.29999398	0.00000000	2.09153500	-0.97810030
104.49999397	0.00000000	2.09153500	-0.60285430
104.69999396	0.00000000	3.20497000	1.66707700
104.89999395	0.00000000	4.74286400	4.73671200
105.09999394	0.00000000	6.28075700	7.80019600
105.29999392	0.00000000	7.48646600	10.11934000
105.49999391	0.00000000	8.23695900	10.91289000
105.69999390	0.00000000	8.64911400	10.53765000
105.89999389	0.00000000	8.23695900	9.00590400
106.09999388	0.00000000	7.43725300	6.68676100
106.29999387	0.00000000	5.90551100	4.40452700
106.49999385	0.00000000	4.04773600	2.46063000
106.69999384	0.00000000	3.29724400	1.71013800
106.89999383	0.00000000	3.62942900	2.04232300
107.09999382	0.00000000	4.74286400	3.24803100
107.29999381	0.00000000	5.90551100	5.15501900
107.49999379	0.00000000	6.69906400	7.43110200
107.69999378	0.00000000	7.48646600	8.96284400
107.89999377	0.00000000	7.81250000	9.38115100
108.09999376	0.00000000	7.48646600	8.96284400
108.29999375	0.00000000	6.69906400	7.43110200
108.49999374	0.00000000	5.90551100	5.15501900
108.69999372	0.00000000	4.74286400	3.24803100
108.89999371	0.00000000	3.62942900	2.08538400
109.09999370	0.00000000	3.25418300	2.08538400
109.29999369	0.00000000	3.62942900	3.19881900
109.49999368	0.00000000	4.78592500	4.73671200
109.69999366	0.00000000	6.28075700	6.31151500
109.89999365	0.00000000	7.43725300	7.84940900
110.09999364	0.00000000	7.81250000	8.96284400
110.29999363	0.00000000	7.52952700	8.96284400
110.49999362	0.00000000	7.11737200	7.84940900
110.69999360	0.00000000	7.06815900	6.31151500
110.89999359	0.00000000	6.28075700	4.77977300
111.09999358	0.00000000	5.16117100	3.62327700
111.29999357	0.00000000	4.41067900	3.19881900
111.49999356	0.00000000	3.99852300	3.15575800
111.69999355	0.00000000	4.36761800	3.19881900
111.89999353	0.00000000	4.74286400	3.62327700
112.09999352	0.00000000	5.16117100	4.73671200
112.29999351	0.00000000	5.90551100	5.89320800
112.49999350	0.00000000	6.28075700	6.68676100
112.69999349	0.00000000	6.32381900	7.47416300
112.89999347	0.00000000	6.32381900	7.80019600
113.09999346	0.00000000	6.32381900	7.47416300
113.29999345	0.00000000	6.32381900	6.72982200
113.49999344	0.00000000	6.32381900	6.35457700
113.69999343	0.00000000	6.32381900	6.26845500
113.89999341	0.00000000	6.32381900	5.89320800
114.09999340	0.00000000	6.28075700	5.15501900
114.29999339	0.00000000	5.90551100	4.77977300
114.49999338	0.00000000	5.16117100	4.73671200
114.69999337	0.00000000	4.83513700	4.73671200
114.89999336	0.00000000	5.16117100	4.69365100
115.09999334	0.00000000	5.90551100	4.36146600
115.29999333	0.00000000	6.28075700	3.99237200
115.49999332	0.00000000	6.32381900	4.40452700
115.69999331	0.00000000	6.32381900	5.11195900
115.89999330	0.00000000	6.32381900	5.93626900
116.09999328	0.00000000	6.32381900	6.68676100
116.29999327	0.00000000	6.28075700	7.47416300
116.49999326	0.00000000	5.90551100	7.84940900
116.69999325	0.00000000	5.16117100	7.84940900
116.89999324	0.00000000	4.78592500	7.42495000
117.09999322	0.00000000	4.78592500	6.31151500
117.29999321	0.00000000	5.16117100	5.15501900
117.49999320	0.00000000	5.94857300	4.36146600
117.69999319	0.00000000	6.69906400	3.57406500
117.89999318	0.00000000	7.48646600	3.19881900
118.09999317	0.00000000	7.86171200	3.19881900
118.29999315	0.00000000	7.86171200	3.57406500
118.49999314	0.00000000	7.43725300	4.36146600
118.69999313	0.00000000	6.32381900	5.15501900
118.89999312	0.00000000	5.16117100	6.31151500
119.09999311	0.00000000	4.36761800	7.42495000
119.29999309	0.00000000	3.58021600	7.84940900
119.49999308	0.00000000	3.25418300	7.89247000
119.69999307	0.00000000	3.58021600	7.84940900
119.89999306	0.00000000	4.41067900	7.47416300
120.09999305	0.00000000	5.53641700	6.68676100
120.29999303	0.00000000	7.11122000	5.93626900
120.49999302	0.00000000	8.23695900	5.15501900
120.69999301	0.00000000	9.06742000	4.77977300
120.89999300	0.00000000	9.39345400	4.73671200
121.09999299	0.00000000	9.01820900	4.73671200
121.29999298	0.00000000	7.86171200	4.73671200
121.49999296	0.00000000	6.32381900	4.77977300
121.69999295	0.00000000	4.78592500	5.15501900
121.89999294	0.00000000	3.62942900	5.89320800
122.09999293	0.00000000	3.20497000	6.26845500
122.29999292	0.00000000	3.20497000	6.31151500
122.49999290	0.00000000	3.62942900	6.31151500
122.69999289	0.00000000	4.74286400	6.31151500
122.89999288	0.00000000	5.90551100	6.31151500
123.09999287	0.00000000	6.74212600	6.31151500
123.29999286	0.00000000	7.86171200	6.31151500
123.49999284	0.00000000	8.59990100	6.26845500
123.69999283	0.00000000	8.28001900	5.89320800
123.89999282	0.00000000	7.90477300	5.15501900
124.09999281	0.00000000	7.48646600	4.77977300
124.29999280	0.00000000	6.69906400	4.73671200
124.49999279	0.00000000	5.94857300	4.73671200
124.69999277	0.00000000	5.11811000	4.73671200
124.89999276	0.00000000	4.36761800	4.77977300
125.09999275	0.00000000	3.62942900	5.15501900
125.29999274	0.00000000	3.62942900	5.89320800
125.49999273	0.00000000	4.32455700	6.26845500
125.69999271	0.00000000	4.74286400	6.31151500
125.89999270	0.00000000	5.21038300	6.31151500
126.09999269	0.00000000	6.32381900	6.31151500
126.29999268	0.00000000	7.43725300	6.31151500
126.49999267	0.00000000	7.86171200	6.31151500
126.69999265	0.00000000	7.86171200	6.26845500
126.89999264	0.00000000	7.48646600	5.89320800
127.09999263	0.00000000	6.69906400	5.15501900
127.29999262	0.00000000	5.94857300	4.77977300
127.49999261	0.00000000	5.11811000	4.73671200
127.69999260	0.00000000	4.36761800	4.73671200
127.89999258	0.00000000	3.62942900	4.77977300
128.09999257	0.00000000	3.62942900	5.15501900
128.29999256	0.00000000	4.36761800	5.89320800
128.49999255	0.00000000	5.16117100	6.26845500
128.69999254	0.00000000	6.32381900	6.31151500
128.89999252	0.00000000	7.43725300	6.31151500
129.09999251	0.00000000	7.86171200	6.31151500
129.29999250	0.00000000	7.86171200	6.26845500
129.49999249	0.00000000	7.43725300	5.89320800
129.69999248	0.00000000	6.32381900	5.15501900
129.89999246	0.00000000	5.21038300	4.77977300
130.09999245	0.00000000	4.74286400	4.73671200
130.29999244	0.00000000	4.36761800	4.77977300
130.49999243	0.00000000	3.99852300	5.15501900
130.69999242	0.00000000	4.41067900	5.89320800
130.89999241	0.00000000	5.11811000	6.26845500
131.09999239	0.00000000	5.94857300	6.31151500
131.29999238	0.00000000	6.69906400	6.31151500
131.49999237	0.00000000	7.48646600	6.26845500
131.69999236	0.00000000	7.81250000	5.89320800
131.89999235	0.00000000	7.48646600	5.15501900
132.09999233	0.00000000	6.74212600	4.77977300
132.29999232	0.00000000	6.32381900	4.73671200
132.49999231	0.00000000	5.90551100	4.73671200
132.69999230	0.00000000	5.16117100	4.77977300
132.89999229	0.00000000	4.83513700	5.15501900
133.09999227	0.00000000	5.16117100	5.93626900
133.29999226	0.00000000	5.85629900	6.68676100
133.49999225	0.00000000	5.90551100	7.47416300
133.69999224	0.00000000	5.53641700	7.80019600
133.89999223	0.00000000	5.57332700	7.47416300
134.09999222	0.00000000	5.53641700	6.68676100
134.29999220	0.00000000	5.94857300	5.93626900
134.49999219	0.00000000	6.28075700	5.15501900
134.69999218	0.00000000	6.32381900	4.73671200
134.89999217	0.00000000	6.32381900	4.31840500
135.09999216	0.00000000	6.32381900	3.62327700
135.29999214	0.00000000	6.32381900	3.62327700
135.49999213	0.00000000	6.32381900	4.36146600
135.69999212	0.00000000	6.32381900	5.11195900
135.89999211	0.00000000	6.28075700	5.89320800
136.09999210	0.00000000	5.90551100	6.31151500
136.29999208	0.00000000	5.16117100	6.72982200
136.49999207	0.00000000	4.78592500	7.42495000
136.69999206	0.00000000	4.74286400	7.42495000
136.89999205	0.00000000	4.78592500	6.72982200
137.09999204	0.00000000	5.16117100	6.31151500
137.29999203	0.00000000	5.94857300	5.89320800
137.49999201	0.00000000	6.69906400	5.15501900
137.69999200	0.00000000	7.48646600	4.77977300
137.89999199	0.00000000	7.81250000	4.69365100
138.09999198	0.00000000	7.48646600	4.36146600
138.29999197	0.00000000	6.74212600	3.99237200
138.49999195	0.00000000	6.32381900	4.40452700
138.69999194	0.00000000	5.90551100	5.11195900
138.89999193	0.00000000	5.16117100	5.89320800
139.09999192	0.00000000	4.78592500	6.31151500
139.29999191	0.00000000	4.78592500	6.68676100
139.49999189	0.00000000	5.16117100	7.05585600
139.69999188	0.00000000	5.90551100	6.68676100
139.89999187	0.00000000	6.28075700	6.35457700
140.09999186	0.00000000	6.36687900	6.31151500
140.29999185	0.00000000	6.74212600	6.26845500
140.49999184	0.00000000	7.43725300	5.89320800
140.69999182	0.00000000	7.43725300	5.15501900
140.89999181	0.00000000	6.74212600	4.77977300
141.09999180	0.00000000	6.36687900	4.73671200
141.29999179	0.00000000	6.32381900	4.77977300
141.49999178	0.00000000	6.32381900	5.15501900
141.69999176	0.00000000	6.32381900	5.89320800
141.89999175	0.00000000	6.32381900	6.26845500
142.09999174	0.00000000	6.36687900	6.35457700
142.29999173	0.00000000	6.69906400	6.68676100
142.49999172	0.00000000	7.06815900	7.05585600
142.69999170	0.00000000	6.69906400	6.68676100
142.89999169	0.00000000	6.36687900	6.31151500
143.09999168	0.00000000	6.32381900	5.89320800
143.29999167	0.00000000	6.32381900	5.11195900
143.49999166	0.00000000	6.32381900	4.36146600
143.69999165	0.00000000	6.32381900	3.62327700
143.89999163	0.00000000	6.32381900	3.62327700
144.09999162	0.00000000	6.32381900	4.31840500
144.29999161	0.00000000	6.32381900	4.73671200
144.49999160	0.00000000	6.32381900	5.15501900
144.69999159	0.00000000	6.32381900	5.93626900
144.89999157	0.00000000	6.32381900	6.64370100
145.09999156	0.00000000	6.32381900	7.05585600
145.29999155	0.00000000	6.32381900	6.68676100
145.49999154	0.00000000	6.28075700	6.31151500
145.69999153	0.00000000	5.90551100	5.89320800
145.89999151	0.00000000	5.16117100	5.15501900
146.09999150	0.00000000	4.83513700	4.77977300
146.29999149	0.00000000	5.16117100	4.73671200
146.49999148	0.00000000	5.90551100	4.73671200
146.69999147	0.00000000	6.28075700	4.73671200
146.89999146	0.00000000	6.32381900	4.77977300
147.09999144	0.00000000	6.32381900	5.15501900
147.29999143	0.00000000	6.32381900	5.89320800
147.49999142	0.00000000	6.32381900	6.26845500
147.69999141	0.00000000	6.32381900	6.31151500
147.89999140	0.00000000	6.32381900	6.31151500
148.09999138	0.00000000	6.32381900	6.31151500
148.29999137	0.00000000	6.28075700	6.31151500
148.49999136	0.00000000	5.94857300	6.26845500
148.69999135	0.00000000	5.57947800	5.89320800
148.89999134	0.00000000	5.94857300	5.15501900
149.09999132	0.00000000	6.28075700	4.77977300
149.29999131	0.00000000	6.32381900	4.73671200
149.49999130	0.00000000	6.36687900	4.77977300
149.69999129	0.00000000	6.69906400	5.15501900
149.89999128	0.00000000	7.06815900	5.89320800
150.09999127	0.00000000	6.69906400	6.26845500
150.29999125	0.00000000	6.36687900	6.31151500
150.49999124	0.00000000	6.32381900	6.31151500
150.69999123	0.00000000	6.32381900	6.31151500
150.89999122	0.00000000	6.28075700	6.31151500
151.09999121	0.00000000	5.90551100	6.31151500
151.29999119	0.00000000	5.21038300	6.26845500
151.49999118	0.00000000	5.16117100	5.89320800
151.69999117	0.00000000	5.53026500	5.15501900
151.89999116	0.00000000	5.53641700	4.82898600
152.09999115	0.00000000	5.94857300	5.11195900
152.29999113	0.00000000	6.32381900	5.51796200
152.49999112	0.00000000	6.74212600	5.53026500
152.69999111	0.00000000	7.48646600	5.93626900
152.89999110	0.00000000	7.81250000	6.26845500
153.09999109	0.00000000	7.48646600	6.31151500
153.29999108	0.00000000	6.74212600	6.31151500
153.49999106	0.00000000	6.36687900	6.31151500
153.69999105	0.00000000	6.28075700	6.31151500
153.89999104	0.00000000	5.90551100	6.31151500
154.09999103	0.00000000	5.16117100	6.31151500
154.29999102	0.00000000	4.78592500	6.31151500
154.49999100	0.00000000	4.78592500	6.31151500
154.69999099	0.00000000	5.16117100	6.31151500
154.89999098	0.00000000	5.90551100	6.26845500
155.09999097	0.00000000	6.28075700	5.89320800
155.29999096	0.00000000	6.36687900	5.15501900
155.49999094	0.00000000	6.74212600	4.77977300
155.69999093	0.00000000	7.48646600	4.73671200
155.89999092	0.00000000	7.81250000	4.77977300
156.09999091	0.00000000	7.48646600	5.15501900
156.29999090	0.00000000	6.74212600	5.89320800
156.49999089	0.00000000	6.32381900	6.26845500
156.69999087	0.00000000	5.90551100	6.31151500
156.89999086	0.00000000	5.16117100	6.31151500
157.09999085	0.00000000	4.78592500	6.31151500
157.29999084	0.00000000	4.78592500	6.31151500
157.49999083	0.00000000	5.16117100	6.31151500
157.69999081	0.00000000	5.90551100	6.26845500
157.89999080	0.00000000	6.28075700	5.89320800
158.09999079	0.00000000	6.32381900	5.15501900
158.29999078	0.00000000	6.36687900	4.77977300
158.49999077	0.00000000	6.69906400	4.73671200
158.69999075	0.00000000	7.06815900	4.77977300
158.89999074	0.00000000	6.69906400	5.15501900
159.09999073	0.00000000	6.36687900	5.89320800
159.29999072	0.00000000	6.32381900	6.26845500
159.49999071	0.00000000	6.32381900	6.31151500
159.69999070	0.00000000	6.32381900	6.35457700
159.89999068	0.00000000	6.32381900	6.68676100
160.09999067	0.00000000	6.32381900	7.05585600
160.29999066	0.00000000	6.28075700	6.68676100
160.49999065	0.00000000	5.94857300	6.35457700
160.69999064	0.00000000	5.57947800	6.26845500
160.89999062	0.00000000	5.94857300	5.89320800
161.09999061	0.00000000	6.28075700	5.19808000
161.29999060	0.00000000	6.32381900	5.15501900
161.49999059	0.00000000	6.32381900	5.47490100
161.69999058	0.00000000	6.32381900	5.11195900
161.89999056	0.00000000	6.32381900	4.82898600
162.09999055	0.00000000	6.32381900	5.15501900
162.29999054	0.00000000	6.32381900	5.89320800
162.49999053	0.00000000	6.32381900	6.26845500
162.69999052	0.00000000	6.32381900	6.31151500
162.89999051	0.00000000	6.28075700	6.31151500
163.09999049	0.00000000	5.94857300	6.31151500
163.29999048	0.00000000	5.53641700	6.31151500
163.49999047	0.00000000	5.53026500	6.31151500
163.69999046	0.00000000	5.16117100	6.31151500
163.89999045	0.00000000	5.21038300	6.26845500
164.09999043	0.00000000	5.90551100	5.89320800
164.29999042	0.00000000	6.28075700	5.15501900
164.49999041	0.00000000	6.36687900	4.77977300
164.69999040	0.00000000	6.69906400	4.73671200
164.89999039	0.00000000	7.06815900	4.77977300
165.09999037	0.00000000	6.69906400	5.11195900
165.29999036	0.00000000	6.36687900	5.51796200
165.49999035	0.00000000	6.32381900	5.53026500
165.69999034	0.00000000	6.32381900	5.93626900
165.89999033	0.00000000	6.32381900	6.26845500
166.09999032	0.00000000	6.28075700	6.31151500
166.29999030	0.00000000	5.94857300	6.31151500
166.49999029	0.00000000	5.57947800	6.31151500
166.69999028	0.00000000	5.94857300	6.31151500
166.89999027	0.00000000	6.28075700	6.26845500
167.09999026	0.00000000	6.32381900	5.93626900
167.29999024	0.00000000	6.32381900	5.53026500
167.49999023	0.00000000	6.32381900	5.56717500
167.69999022	0.00000000	6.32381900	5.48105300
167.89999021	0.00000000	6.32381900	5.56717500
168.09999020	0.00000000	6.32381900	5.53026500
168.29999018	0.00000000	6.32381900	5.93626900
168.49999017	0.00000000	6.32381900	6.26845500
168.69999016	0.00000000	6.32381900	6.31151500
168.89999015	0.00000000	6.32381900	6.31151500
169.09999014	0.00000000	6.32381900	6.31151500
169.29999013	0.00000000	6.32381900	6.31151500
169.49999011	0.00000000	6.32381900	6.31151500
169.69999010	0.00000000	6.32381900	6.31151500
169.89999009	0.00000000	6.32381900	6.31151500
170.09999008	0.00000000	6.32381900	6.31151500
170.29999007	0.00000000	6.32381900	6.31151500
170.49999005	0.00000000	6.32381900	6.31151500
170.69999004	0.00000000	6.32381900	6.31151500
170.89999003	0.00000000	6.32381900	6.31151500
171.09999002	0.00000000	6.32381900	6.31151500
171.29999001	0.00000000	6.32381900	6.31151500
171.49998999	0.00000000	6.32381900	6.26845500
171.69998998	0.00000000	6.32381900	5.89320800
171.89998997	0.00000000	6.32381900	5.19808000
172.09998996	0.00000000	6.32381900	5.19808000
172.29998995	0.00000000	6.32381900	5.89320800
172.49998994	0.00000000	6.32381900	6.26845500
172.69998992	0.00000000	6.32381900	6.31151500
172.89998991	0.00000000	6.32381900	6.31151500
173.09998990	0.00000000	6.32381900	6.31151500
173.29998989	0.00000000	6.32381900	6.26845500
173.49998988	0.00000000	6.32381900	5.89320800
173.69998986	0.00000000	6.32381900	5.19808000
173.89998985	0.00000000	6.32381900	5.15501900
174.09998984	0.00000000	6.36687900	5.51796200
174.29998983	0.00000000	6.69906400	5.48105300
174.49998982	0.00000000	7.06815900	5.56717500
174.69998980	0.00000000	6.69906400	5.53026500
174.89998979	0.00000000	6.36687900	5.93626900
175.09998978	0.00000000	6.32381900	6.26845500
175.29998977	0.00000000	6.32381900	6.31151500
175.49998976	0.00000000	6.32381900	6.26845500
175.69998975	0.00000000	6.32381900	5.93626900
175.89998973	0.00000000	6.32381900	5.57332700
176.09998972	0.00000000	6.32381900	5.93626900
176.29998971	0.00000000	6.32381900	6.26845500
176.49998970	0.00000000	6.32381900	6.26845500
176.69998969	0.00000000	6.32381900	5.93626900
176.89998967	0.00000000	6.32381900	5.57332700
177.09998966	0.00000000	6.32381900	5.89320800
177.29998965	0.00000000	6.32381900	5.89320800
177.49998964	0.00000000	6.32381900	5.57332700
177.69998963	0.00000000	6.32381900	5.89320800
177.89998961	0.00000000	6.32381900	5.89320800
178.09998960	0.00000000	6.32381900	5.57332700
178.29998959	0.00000000	6.32381900	5.93626900
178.49998958	0.00000000	6.32381900	6.26845500
178.69998957	0.00000000	6.32381900	6.31151500
178.89998956	0.00000000	6.32381900	6.31151500
179.09998954	0.00000000	6.32381900	6.31151500
179.29998953	0.00000000	6.32381900	6.31151500
179.49998952	0.00000000	6.32381900	6.31151500
179.69998951	0.00000000	6.32381900	6.26845500
179.89998950	0.00000000	6.32381900	5.89320800
180.09998948	0.00000000	6.32381900	5.19808000
180.29998947	0.00000000	6.32381900	5.15501900
180.49998946	0.00000000	6.32381900	5.51796200
180.69998945	0.00000000	6.32381900	5.53026500
180.89998944	0.00000000	6.32381900	5.93626900
181.09998942	0.00000000	6.32381900	6.26845500
181.29998941	0.00000000	6.32381900	6.31151500
181.49998940	0.00000000	6.32381900	6.31151500
181.69998939	0.00000000	6.32381900	6.31151500
181.89998938	0.00000000	6.32381900	6.31151500
182.09998937	0.00000000	6.32381900	6.31151500
182.29998935	0.00000000	6.32381900	6.31151500
182.49998934	0.00000000	6.32381900	6.31151500
182.69998933	0.00000000	6.32381900	6.26845500
182.89998932	0.00000000	6.32381900	5.89320800
183.09998931	0.00000000	6.32381900	5.15501900
183.29998929	0.00000000	6.32381900	4.77977300
183.49998928	0.00000000	6.32381900	4.73671200
183.69998927	0.00000000	6.32381900	4.77977300
183.89998926	0.00000000	6.32381900	5.15501900
184.09998925	0.00000000	6.32381900	5.89320800
184.29998923	0.00000000	6.28075700	6.26845500
184.49998922	0.00000000	5.94857300	6.31151500
184.69998921	0.00000000	5.57947800	6.31151500
184.89998920	0.00000000	5.94857300	6.31151500
185.09998919	0.00000000	6.28075700	6.31151500
185.29998918	0.00000000	6.32381900	6.31151500
185.49998916	0.00000000	6.32381900	6.31151500
185.69998915	0.00000000	6.32381900	6.31151500
185.89998914	0.00000000	6.32381900	6.26845500
186.09998913	0.00000000	6.32381900	5.93626900
186.29998912	0.00000000	6.32381900	5.57332700
186.49998910	0.00000000	6.32381900	5.93626900
186.69998909	0.00000000	6.32381900	6.21924200
186.89998908	0.00000000	6.28075700	5.89320800
187.09998907	0.00000000	5.94857300	5.19808000
187.29998906	0.00000000	5.57947800	5.19808000
187.49998904	0.00000000	5.94857300	5.89320800
187.69998903	0.00000000	6.28075700	6.26845500
187.89998902	0.00000000	6.32381900	6.31151500
188.09998901	0.00000000	6.32381900	6.26845500
188.29998900	0.00000000	6.32381900	5.93626900
188.49998899	0.00000000	6.32381900	5.53026500
188.69998897	0.00000000	6.32381900	5.51796200
188.89998896	0.00000000	6.32381900	5.11195900
189.09998895	0.00000000	6.32381900	4.77977300
189.29998894	0.00000000	6.32381900	4.73671200
189.49998893	0.00000000	6.32381900	4.77977300
189.69998891	0.00000000	6.32381900	5.15501900
189.89998890	0.00000000	6.32381900	5.89320800
190.09998889	0.00000000	6.28075700	6.26845500
190.29998888	0.00000000	5.94857300	6.31151500
190.49998887	0.00000000	5.57947800	6.31151500
190.69998885	0.00000000	5.94857300	6.31151500
190.89998884	0.00000000	6.28075700	6.31151500
191.09998883	0.00000000	6.32381900	6.31151500
191.29998882	0.00000000	6.36687900	6.31151500
191.49998881	0.00000000	6.69906400	6.31151500
191.69998880	0.00000000	7.06815900	6.26845500
191.89998878	0.00000000	6.69906400	5.93626900
192.09998877	0.00000000	6.36687900	5.53026500
192.29998876	0.00000000	6.32381900	5.51796200
192.49998875	0.00000000	6.32381900	5.15501900
192.69998874	0.00000000	6.32381900	5.19808000
192.89998872	0.00000000	6.32381900	5.89320800
193.09998871	0.00000000	6.32381900	6.26845500
193.29998870	0.00000000	6.32381900	6.31151500
193.49998869	0.00000000	6.32381900	6.31151500
193.69998868	0.00000000	6.32381900	6.31151500
193.89998866	0.00000000	6.32381900	6.31151500
194.09998865	0.00000000	6.32381900	6.31151500
194.29998864	0.00000000	6.32381900	6.31151500
194.49998863	0.00000000	6.32381900	6.31151500
194.69998862	0.00000000	6.32381900	6.31151500
194.89998861	0.00000000	6.32381900	6.31151500
195.09998859	0.00000000	6.32381900	6.31151500
195.29998858	0.00000000	6.32381900	6.26845500
195.49998857	0.00000000	6.32381900	5.93626900
195.69998856	0.00000000	6.32381900	5.53026500
195.89998855	0.00000000	6.32381900	5.56717500
196.09998853	0.00000000	6.32381900	5.53026500
