Time	Channel A	Channel B	Channel C
(us)	(V)	(mV)	(mV)

-4.49999956	0.00000000	-82.64025000	-37.89370000
-4.29999957	0.00000000	-83.33538000	-37.89370000
-4.09999958	0.00000000	-83.38459000	-37.89370000
-3.89999959	0.00000000	-83.05856000	-37.89370000
-3.69999960	0.00000000	-83.42766000	-37.89370000
-3.49999962	0.00000000	-83.71062000	-37.89370000
-3.29999963	0.00000000	-83.42766000	-37.89370000
-3.09999964	0.00000000	-83.05856000	-37.89370000
-2.89999965	0.00000000	-83.42766000	-37.89370000
-2.69999966	0.00000000	-83.71062000	-37.89370000
-2.49999968	0.00000000	-83.38459000	-37.89370000
-2.29999969	0.00000000	-82.68947000	-37.89370000
-2.09999970	0.00000000	-82.64025000	-37.89370000
-1.89999971	0.00000000	-83.00935000	-37.89370000
-1.69999972	0.00000000	-83.01550000	-37.89370000
-1.49999973	0.00000000	-83.42766000	-37.85064000
-1.29999975	0.00000000	-83.75984000	-37.51845000
-1.09999976	0.00000000	-83.80289000	-37.14936000
-0.89999977	0.00000000	-83.80289000	-37.51845000
-0.69999978	0.00000000	-83.75984000	-37.80142000
-0.49999979	0.00000000	-83.42766000	-37.51845000
-0.29999981	0.31803640	-83.05856000	-37.14936000
-0.09999982	0.63668800	-83.42766000	-37.51845000
0.10000017	0.95533960	-83.71062000	-37.85064000
0.30000016	1.11466500	-83.38459000	-37.89370000
0.50000015	0.79601380	-82.68947000	-37.89370000
0.70000013	0.31803640	-82.68947000	-37.89370000
0.90000012	-0.47736220	-83.33538000	-37.89370000
1.10000011	-1.43331700	-83.33538000	-37.85064000
1.30000010	-2.38927200	-82.64025000	-37.47539000
1.50000009	-2.70792300	-82.31422000	-36.73105000
1.70000008	-2.54859700	-82.59719000	-36.35580000
1.90000006	-1.27399100	-83.00935000	-36.31274000
2.10000005	0.47736220	-83.01550000	-36.31274000
2.30000004	2.70792300	-83.38459000	-36.31274000
2.50000003	4.45989200	-83.38459000	-36.35580000
2.70000002	5.41584600	-83.05856000	-36.73105000
2.90000000	4.93786900	-83.42766000	-37.47539000
3.09999999	3.02657500	-83.75984000	-37.85064000
3.29999998	-0.15871060	-83.80289000	-37.89370000
3.49999997	-3.50393700	-83.75984000	-37.85064000
3.69999996	-6.37180100	-83.38459000	-37.47539000
3.89999994	-7.80511800	-82.64025000	-36.68799000
4.09999993	-7.48646600	-82.26501000	-35.93750000
4.29999992	-5.09719500	-82.22194000	-35.19931000
4.49999991	-1.11466500	-82.22194000	-35.19931000
4.69999990	3.34522600	-82.22194000	-35.89444000
4.89999989	7.00848900	-82.26501000	-36.31274000
5.09999987	9.23905000	-82.64025000	-36.73105000
5.29999986	9.07972400	-83.33538000	-37.47539000
5.49999985	6.53112700	-83.38459000	-37.85064000
5.69999984	2.38927200	-83.05856000	-37.89370000
5.89999983	-2.22994600	-83.38459000	-37.89370000
6.09999981	-6.53112700	-83.38459000	-37.85064000
6.29999980	-9.07972400	-83.01550000	-37.47539000
6.49999979	-9.23905000	-83.00935000	-36.73105000
6.69999978	-7.16781500	-82.64025000	-36.35580000
6.89999977	-3.50393700	-82.68947000	-36.31274000
7.09999975	0.95533960	-83.33538000	-36.31274000
7.29999974	4.77854300	-83.38459000	-36.35580000
7.49999973	7.16781500	-83.05856000	-36.73105000
7.69999972	7.64579200	-83.42766000	-37.47539000
7.89999971	6.37180100	-83.71062000	-37.85064000
8.09999970	3.50393700	-83.42766000	-37.89370000
8.29999968	0.15871060	-83.05856000	-37.89370000
8.49999967	-2.86724900	-83.38459000	-37.89370000
8.69999966	-4.77854300	-83.38459000	-37.85064000
8.89999965	-5.25652100	-83.05856000	-37.47539000
9.09999964	-4.45989200	-83.42766000	-36.73105000
9.29999962	-2.70792300	-83.71062000	-36.35580000
9.49999961	-0.63668800	-83.42766000	-36.31274000
9.69999960	1.11466500	-83.05856000	-36.35580000
9.89999959	2.22994600	-83.42766000	-36.73105000
10.09999958	2.54859700	-83.75984000	-37.47539000
10.29999956	2.22994600	-83.80289000	-37.80142000
10.49999955	1.43331700	-83.80289000	-37.51845000
10.69999954	0.47736220	-83.80289000	-37.14936000
10.89999953	-0.15871060	-83.80289000	-37.51845000
11.09999952	-0.79601380	-83.80289000	-37.85064000
11.29999951	-0.95533960	-83.80289000	-37.89370000
11.49999949	-0.95533960	-83.80289000	-37.85064000
11.69999948	-0.79601380	-83.80289000	-37.51845000
11.89999947	-0.47736220	-83.80289000	-37.14936000
12.09999946	-0.15871060	-83.80289000	-37.47539000
12.29999945	-0.15871060	-83.80289000	-37.42618000
12.49999943	-0.15871060	-83.80289000	-36.78026000
12.69999942	0.00000000	-83.80289000	-36.78026000
12.89999941	0.00000000	-83.80289000	-37.47539000
13.09999940	0.15871060	-83.80289000	-37.85064000
13.29999939	0.00000000	-83.80289000	-37.89370000
13.49999937	0.00000000	-83.80289000	-37.89370000
13.69999936	0.00000000	-83.80289000	-37.85064000
13.89999935	0.00000000	-83.80289000	-37.51845000
14.09999934	-0.15871060	-83.80289000	-37.14936000
14.29999933	-0.15871060	-83.80289000	-37.51845000
14.49999932	-0.15871060	-83.80289000	-37.85064000
14.69999930	-0.15871060	-83.80289000	-37.89370000
14.89999929	0.00000000	-83.80289000	-37.89370000
15.09999928	0.00000000	-83.80289000	-37.89370000
15.29999927	0.00000000	-83.80289000	-37.89370000
15.49999926	0.00000000	-83.80289000	-37.89370000
15.69999924	0.00000000	-83.80289000	-37.89370000
15.89999923	0.00000000	-83.80289000	-37.89370000
16.09999922	0.00000000	-83.80289000	-37.89370000
16.29999921	0.00000000	-83.80289000	-37.89370000
16.49999920	0.00000000	-83.75984000	-37.89370000
16.69999919	-0.15871060	-83.38459000	-37.85064000
16.89999917	0.00000000	-82.64025000	-37.51845000
17.09999916	0.00000000	-82.26501000	-37.14936000
17.29999915	0.00000000	-82.22194000	-37.51845000
17.49999914	0.00000000	-82.22194000	-37.85064000
17.69999913	0.00000000	-82.22194000	-37.89370000
17.89999911	0.00000000	-82.26501000	-37.89370000
18.09999910	0.00000000	-82.68947000	-37.85064000
18.29999909	0.00000000	-83.84596000	-37.51845000
18.49999908	0.00000000	-85.38385000	-37.10630000
18.69999907	0.00000000	-86.92175000	-37.14321000
18.89999905	0.00000000	-88.03519000	-37.10630000
19.09999904	0.00000000	-88.03519000	-37.51845000
19.29999903	0.00000000	-86.82947000	-37.80142000
19.49999902	0.00000000	-84.49802000	-37.47539000
19.69999901	0.00000000	-80.97318000	-36.78026000
19.89999900	0.00000000	-77.14690000	-36.73105000
20.09999898	0.00000000	-73.66510000	-37.05708000
20.29999897	0.00000000	-71.80117000	-36.68799000
20.49999896	0.00000000	-72.21949000	-36.35580000
20.69999895	0.00000000	-75.38139000	-36.31274000
20.89999894	0.00000000	-81.23769000	-36.31274000
21.09999892	0.00000000	-88.96407000	-36.31274000
21.29999891	0.00000000	-97.01648000	-36.31274000
21.49999890	0.00000000	-102.74360000	-36.35580000
21.69999889	0.00000000	-104.28150000	-36.73105000
21.89999888	0.00000000	-101.11340000	-37.47539000
22.09999886	0.00000000	-93.29478000	-37.85064000
22.29999885	0.00000000	-81.71136000	-37.89370000
22.49999884	0.00000000	-68.96530000	-37.85064000
22.69999883	0.00000000	-58.16314000	-37.47539000
22.89999882	0.00000000	-51.69783000	-36.73105000
23.09999881	0.00000000	-52.20841000	-36.35580000
23.29999879	0.00000000	-60.72219000	-36.31274000
23.49999878	0.00000000	-75.42445000	-36.26968000
23.69999877	0.00000000	-93.20251000	-35.89444000
23.89999876	0.00000000	-110.18080000	-35.15625000
24.09999875	0.00000000	-122.09650000	-34.87328000
24.29999873	0.00000000	-125.91040000	-35.57455000
24.49999872	0.00000000	-120.04800000	-37.10014000
24.69999871	0.00000000	-105.30270000	-38.26894000
24.89999870	0.00000000	-84.45496000	-39.51771000
25.09999869	0.00000000	-62.07553000	-41.00639000
25.29999867	0.00000000	-43.97145000	-42.16904000
25.49999866	0.00000000	-34.29503000	-42.49508000
25.69999865	0.00000000	-35.54995000	-41.70152000
25.89999864	0.00000000	-47.92691000	-39.33932000
26.09999863	0.00000000	-69.14369000	-35.89444000
26.29999862	0.00000000	-93.85457000	-31.99434000
26.49999860	0.00000000	-116.32630000	-28.59867000
26.69999859	0.00000000	-132.10510000	-26.65477000
26.89999858	0.00000000	-137.07550000	-27.10999000
27.09999857	0.00000000	-129.40450000	-29.85974000
27.29999856	0.00000000	-111.66950000	-35.33464000
27.49999854	0.00000000	-88.07824000	-42.63041000
27.69999853	0.00000000	-63.74876000	-49.97539000
27.89999852	0.00000000	-44.43897000	-55.73941000
28.09999851	0.00000000	-34.34424000	-58.38459000
28.29999850	0.00000000	-35.45768000	-56.76057000
28.49999848	0.00000000	-46.99803000	-50.53518000
28.69999847	0.00000000	-65.93873000	-40.45275000
28.89999846	0.00000000	-87.99212000	-28.51255000
29.09999845	0.00000000	-108.46460000	-17.35974000
29.29999844	0.00000000	-122.79160000	-10.06398000
29.49999843	0.00000000	-127.90970000	-8.52608300
29.69999841	0.00000000	-123.67740000	-13.21973000
29.89999840	0.00000000	-111.38660000	-23.72047000
30.09999839	0.00000000	-93.99606000	-38.40428000
30.29999838	0.00000000	-76.16879000	-54.20152000
30.49999837	0.00000000	-60.62992000	-67.26131000
30.69999835	0.00000000	-50.62746000	-74.23105000
30.89999834	0.00000000	-48.57898000	-73.44365000
31.09999833	0.00000000	-53.93085000	-65.30511000
31.29999832	0.00000000	-64.77608000	-50.95349000
31.49999831	0.00000000	-79.10310000	-33.24926000
31.69999829	0.00000000	-93.76230000	-16.19710000
31.89999828	0.00000000	-105.39490000	-3.46333600
32.09999827	0.00000000	-111.62650000	2.70669300
32.29999826	0.00000000	-111.67570000	0.29527560
32.49999825	0.00000000	-105.90550000	-10.43922000
32.69999824	0.00000000	-95.85383000	-27.01772000
32.89999822	0.00000000	-83.89517000	-45.18947000
33.09999821	0.00000000	-72.68085000	-61.45423000
33.29999820	0.00000000	-64.95447000	-72.65009000
33.49999819	0.00000000	-62.16781000	-76.13804000
33.69999818	0.00000000	-64.44389000	-71.53666000
33.89999816	0.00000000	-70.58932000	-59.92249000
34.09999815	0.00000000	-79.10310000	-43.75000000
34.29999814	0.00000000	-87.94906000	-26.69783000
34.49999813	0.00000000	-94.91880000	-12.42618000
34.69999812	0.00000000	-98.41289000	-3.51870100
34.89999810	0.00000000	-98.08070000	-2.34990100
35.09999809	0.00000000	-94.22366000	-8.48302100
35.29999808	0.00000000	-88.07824000	-20.47244000
35.49999807	0.00000000	-81.15157000	-35.85138000
35.69999806	0.00000000	-75.42445000	-50.48597000
35.89999805	0.00000000	-72.68700000	-60.98671000
36.09999803	0.00000000	-73.42519000	-65.63730000
36.29999802	0.00000000	-76.87007000	-63.73031000
36.49999801	0.00000000	-82.26501000	-55.64714000
36.69999800	0.00000000	-87.99212000	-43.75000000
36.89999799	0.00000000	-92.26746000	-31.06545000
37.09999797	0.00000000	-94.18060000	-21.07529000
37.29999796	0.00000000	-93.43011000	-16.42470000
37.49999795	0.00000000	-89.94832000	-17.87033000
37.69999794	0.00000000	-85.00861000	-24.41560000
37.89999793	0.00000000	-79.94585000	-33.99360000
38.09999791	0.00000000	-76.07652000	-44.35285000
38.29999790	0.00000000	-73.75738000	-51.93774000
38.49999789	0.00000000	-73.80044000	-54.34301000
38.69999788	0.00000000	-76.45177000	-51.28568000
38.89999787	0.00000000	-80.68405000	-44.39591000
39.09999786	0.00000000	-85.34079000	-35.15625000
39.29999784	0.00000000	-89.57307000	-26.41486000
39.49999783	0.00000000	-92.31667000	-21.07529000
39.69999782	0.00000000	-93.11023000	-21.07529000
39.89999781	0.00000000	-92.35974000	-26.41486000
40.09999780	0.00000000	-89.99139000	-35.24852000
40.29999778	0.00000000	-86.54650000	-45.19562000
40.49999777	0.00000000	-82.64025000	-53.22958000
40.69999776	0.00000000	-79.15231000	-56.71751000
40.89999775	0.00000000	-76.40871000	-55.18577000
41.09999774	0.00000000	-74.87081000	-49.00344000
41.29999772	0.00000000	-74.91387000	-39.43159000
41.49999771	0.00000000	-76.82701000	-29.48450000
41.69999770	0.00000000	-80.26574000	-22.14567000
41.89999769	0.00000000	-83.75984000	-19.02682000
42.09999768	0.00000000	-86.92175000	-20.56471000
42.29999767	0.00000000	-89.65919000	-26.32874000
42.49999765	0.00000000	-91.52927000	-34.78100000
42.69999764	0.00000000	-91.94144000	-43.61467000
42.89999763	0.00000000	-90.40969000	-50.57824000
43.09999762	0.00000000	-88.12745000	-54.06619000
43.29999761	0.00000000	-85.38385000	-53.69094000
43.49999759	0.00000000	-82.73252000	-49.50787000
43.69999758	0.00000000	-81.15157000	-43.00566000
43.89999757	0.00000000	-80.68405000	-36.40502000
44.09999756	0.00000000	-80.64099000	-30.64099000
44.29999755	0.00000000	-80.64099000	-27.16535000
44.49999753	0.00000000	-80.68405000	-27.10999000
44.69999752	0.00000000	-81.05930000	-29.34916000
44.89999751	0.00000000	-81.80363000	-33.24926000
45.09999750	0.00000000	-82.22194000	-37.80142000
45.29999749	0.00000000	-82.68947000	-41.70152000
45.49999748	0.00000000	-83.89517000	-44.03297000
45.69999746	0.00000000	-85.85137000	-44.86343000
45.89999745	0.00000000	-88.54576000	-44.07603000
46.09999744	0.00000000	-91.24016000	-42.16904000
46.29999743	0.00000000	-93.15329000	-39.42544000
46.49999742	0.00000000	-93.84842000	-36.36196000
46.69999740	0.00000000	-92.31667000	-33.71063000
46.89999739	0.00000000	-88.78568000	-32.50492000
47.09999738	0.00000000	-84.07972000	-32.82480000
47.29999737	0.00000000	-77.89738000	-33.62450000
47.49999736	0.00000000	-72.21949000	-35.19931000
47.69999734	0.00000000	-69.14985000	-37.51845000
47.89999733	0.00000000	-69.52509000	-39.84990000
48.09999732	0.00000000	-73.42519000	-42.11983000
48.29999731	0.00000000	-79.98892000	-43.28247000
48.49999730	0.00000000	-88.12745000	-42.91338000
48.69999729	0.00000000	-95.81078000	-41.70152000
48.89999727	0.00000000	-101.20570000	-38.96407000
49.09999726	0.00000000	-102.70050000	-35.19931000
49.29999725	0.00000000	-99.62475000	-32.08661000
49.49999724	0.00000000	-92.64886000	-30.17962000
49.69999723	0.00000000	-83.42766000	-29.76747000
49.89999721	0.00000000	-74.17568000	-31.33612000
50.09999720	0.00000000	-67.64886000	-34.03666000
50.29999719	0.00000000	-65.28051000	-37.93676000
50.49999718	0.00000000	-67.60580000	-42.11983000
50.69999717	0.00000000	-73.75123000	-45.18947000
50.89999715	0.00000000	-82.26501000	-46.35211000
51.09999714	0.00000000	-91.11097000	-45.18947000
51.29999713	0.00000000	-98.03764000	-42.11983000
51.49999712	0.00000000	-101.11340000	-37.89370000
51.69999711	0.00000000	-99.58169000	-33.66756000
51.89999710	0.00000000	-93.85457000	-30.55487000
52.09999708	0.00000000	-85.80216000	-29.01698000
52.29999707	0.00000000	-78.07578000	-29.39222000
52.49999706	0.00000000	-72.31175000	-31.71137000
52.69999705	0.00000000	-70.02953000	-35.15625000
52.89999704	0.00000000	-72.26254000	-39.00713000
53.09999702	0.00000000	-77.61442000	-42.07677000
53.29999701	0.00000000	-84.17815000	-43.65773000
53.49999700	0.00000000	-90.73572000	-43.65773000
53.69999699	0.00000000	-95.29404000	-42.11983000
53.89999698	0.00000000	-96.45669000	-39.42544000
54.09999696	0.00000000	-93.80536000	-36.40502000
54.29999695	0.00000000	-88.45349000	-34.12894000
54.49999694	0.00000000	-82.31422000	-33.71063000
54.69999693	0.00000000	-76.91928000	-34.78100000
54.89999692	0.00000000	-73.84350000	-36.36196000
55.09999691	0.00000000	-73.84350000	-38.26894000
55.29999689	0.00000000	-76.91928000	-40.16978000
55.49999688	0.00000000	-82.26501000	-40.87721000
55.69999687	0.00000000	-87.99212000	-40.12672000
55.89999686	0.00000000	-92.26746000	-37.85064000
56.09999685	0.00000000	-94.22366000	-35.19931000
56.29999683	0.00000000	-93.84842000	-33.29232000
56.49999682	0.00000000	-91.11097000	-32.54798000
56.69999681	0.00000000	-86.54650000	-33.75369000
56.89999680	0.00000000	-81.56988000	-36.78026000
57.09999679	0.00000000	-78.07578000	-40.63730000
57.29999677	0.00000000	-76.49483000	-44.11909000
57.49999676	0.00000000	-76.87007000	-46.77042000
57.69999675	0.00000000	-79.19537000	-47.46555000
57.89999674	0.00000000	-82.64025000	-45.14640000
58.09999673	0.00000000	-86.45423000	-40.54502000
58.29999672	0.00000000	-89.15477000	-34.78100000
58.49999670	0.00000000	-89.99139000	-29.39222000
58.69999669	0.00000000	-89.65919000	-25.99655000
58.89999668	0.00000000	-88.45349000	-25.58440000
59.09999667	0.00000000	-86.54650000	-28.64788000
59.29999666	0.00000000	-84.27042000	-33.66756000
59.49999664	0.00000000	-82.73252000	-39.93602000
59.69999663	0.00000000	-82.26501000	-46.81348000
59.89999662	0.00000000	-82.26501000	-52.10999000
60.09999661	0.00000000	-82.68947000	-53.64788000
60.29999660	0.00000000	-83.80289000	-50.99655000
60.49999658	0.00000000	-84.91634000	-45.18947000
60.69999657	0.00000000	-85.34079000	-37.47539000
60.89999656	0.00000000	-85.34079000	-29.43528000
61.09999655	0.00000000	-84.96555000	-23.67741000
61.29999654	0.00000000	-84.17815000	-21.72121000
61.49999653	0.00000000	-83.47071000	-23.62820000
61.69999651	0.00000000	-83.05856000	-29.06004000
61.89999650	0.00000000	-83.47071000	-36.73105000
62.09999649	0.00000000	-84.22120000	-44.81422000
62.29999648	0.00000000	-85.42691000	-50.99655000
62.49999647	0.00000000	-86.92175000	-54.10925000
62.69999645	0.00000000	-88.03519000	-53.69094000
62.89999644	0.00000000	-88.03519000	-49.42175000
63.09999643	0.00000000	-86.92175000	-42.16904000
63.29999642	0.00000000	-85.38385000	-34.08588000
63.49999641	0.00000000	-83.80289000	-27.48524000
63.69999639	0.00000000	-82.26501000	-23.20989000
63.89999638	0.00000000	-81.10851000	-22.09646000
64.09999637	0.00000000	-80.73326000	-24.74778000
64.29999636	0.00000000	-81.15157000	-30.13656000
64.49999635	0.00000000	-82.68947000	-36.68799000
64.69999634	0.00000000	-84.96555000	-43.23941000
64.89999632	0.00000000	-86.87254000	-47.88385000
65.09999631	0.00000000	-88.07824000	-49.88312000
65.29999630	0.00000000	-88.41042000	-49.50787000
65.49999629	0.00000000	-87.65993000	-46.81348000
65.69999628	0.00000000	-85.75910000	-42.58735000
65.89999626	0.00000000	-83.89517000	-37.93676000
66.09999625	0.00000000	-82.68947000	-33.62450000
66.29999624	0.00000000	-82.31422000	-30.17962000
66.49999623	0.00000000	-82.68947000	-28.18651000
66.69999622	0.00000000	-83.84596000	-28.13730000
66.89999620	0.00000000	-85.38385000	-28.88779000
67.09999619	0.00000000	-86.87254000	-30.51181000
67.29999618	0.00000000	-87.61687000	-33.24926000
67.49999617	0.00000000	-86.87254000	-36.73105000
67.69999616	0.00000000	-85.34079000	-40.58809000
67.89999615	0.00000000	-83.38459000	-43.70079000
68.09999613	0.00000000	-81.05930000	-45.70005000
68.29999612	0.00000000	-79.19537000	-46.85654000
68.49999611	0.00000000	-78.45103000	-46.81348000
68.69999610	0.00000000	-79.65674000	-45.18947000
68.89999609	0.00000000	-82.73252000	-41.75073000
69.09999607	0.00000000	-86.96481000	-37.10630000
69.29999606	0.00000000	-91.15402000	-32.87401000
69.49999605	0.00000000	-93.84842000	-29.29995000
69.69999604	0.00000000	-94.27287000	-27.06693000
69.89999603	0.00000000	-92.64271000	-26.69783000
70.09999601	0.00000000	-88.77952000	-29.01698000
70.29999600	0.00000000	-83.05856000	-33.24926000
70.49999599	0.00000000	-78.03272000	-38.26894000
70.69999598	0.00000000	-74.49557000	-43.32554000
70.89999597	0.00000000	-72.63779000	-47.14566000
71.09999596	0.00000000	-73.84350000	-49.08956000
71.29999594	0.00000000	-78.03272000	-48.30832000
71.49999593	0.00000000	-83.80289000	-45.28174000
71.69999592	0.00000000	-89.65919000	-41.00639000
71.89999591	0.00000000	-94.69118000	-36.40502000
72.09999590	0.00000000	-98.12991000	-32.54798000
72.29999588	0.00000000	-98.45596000	-30.59793000
72.49999587	0.00000000	-95.42937000	-30.55487000
72.69999586	0.00000000	-90.03444000	-32.08661000
72.89999585	0.00000000	-83.84596000	-34.78100000
73.09999584	0.00000000	-78.03272000	-37.85064000
73.29999582	0.00000000	-73.80044000	-40.54502000
73.49999581	0.00000000	-72.26254000	-42.07677000
73.69999580	0.00000000	-73.75738000	-42.11983000
73.89999579	0.00000000	-77.57135000	-41.00639000
74.09999578	0.00000000	-82.22194000	-39.47465000
74.29999577	0.00000000	-86.92175000	-37.98597000
74.49999575	0.00000000	-91.15402000	-37.24163000
74.69999574	0.00000000	-93.84842000	-37.98597000
74.89999573	0.00000000	-94.27287000	-39.47465000
75.09999572	0.00000000	-92.73499000	-41.00639000
75.29999571	0.00000000	-89.65919000	-42.11983000
75.49999569	0.00000000	-85.85137000	-42.07677000
75.69999568	0.00000000	-82.73252000	-40.50196000
75.89999567	0.00000000	-80.77632000	-37.43233000
76.09999566	0.00000000	-79.94585000	-33.66756000
76.29999565	0.00000000	-80.35802000	-30.97318000
76.49999563	0.00000000	-81.47760000	-30.17962000
76.69999562	0.00000000	-83.42766000	-30.97318000
76.89999561	0.00000000	-85.29158000	-33.71063000
77.09999560	0.00000000	-86.45423000	-37.93676000
77.29999559	0.00000000	-86.49728000	-42.58735000
77.49999558	0.00000000	-85.80216000	-46.81348000
77.69999556	0.00000000	-85.42691000	-49.46481000
77.89999555	0.00000000	-85.42691000	-49.46481000
78.09999554	0.00000000	-85.80216000	-46.77042000
78.29999553	0.00000000	-86.54650000	-42.11983000
78.49999552	0.00000000	-86.87254000	-36.31274000
78.69999550	0.00000000	-86.58956000	-30.55487000
78.89999549	0.00000000	-86.13435000	-26.32874000
79.09999548	0.00000000	-85.70374000	-24.79084000
79.29999547	0.00000000	-84.13508000	-26.32874000
79.49999546	0.00000000	-82.26501000	-30.51181000
79.69999544	0.00000000	-80.68405000	-35.89444000
79.89999543	0.00000000	-79.61367000	-40.96333000
80.09999542	0.00000000	-79.98892000	-45.23868000
80.29999541	0.00000000	-81.93897000	-47.93307000
80.49999540	0.00000000	-84.59645000	-48.35138000
80.69999539	0.00000000	-87.70914000	-46.81348000
80.89999537	0.00000000	-89.99139000	-43.74385000
81.09999536	0.00000000	-91.15402000	-39.84990000
81.29999535	0.00000000	-90.77879000	-35.98671000
81.49999534	0.00000000	-88.87794000	-32.46186000
81.69999533	0.00000000	-86.54650000	-30.17962000
81.89999531	0.00000000	-83.80289000	-29.34916000
82.09999530	0.00000000	-81.15157000	-30.08735000
82.29999529	0.00000000	-79.61367000	-31.62524000
82.49999528	0.00000000	-79.57062000	-33.61835000
82.69999527	0.00000000	-80.73326000	-36.36196000
82.89999525	0.00000000	-82.64025000	-39.47465000
83.09999524	0.00000000	-84.96555000	-42.54429000
83.29999523	0.00000000	-86.87254000	-44.86343000
83.49999522	0.00000000	-88.03519000	-45.65698000
83.69999521	0.00000000	-88.07824000	-45.28174000
83.89999520	0.00000000	-87.34005000	-43.70079000
84.09999518	0.00000000	-86.54650000	-40.96333000
84.29999517	0.00000000	-85.38385000	-37.47539000
84.49999516	0.00000000	-84.27042000	-33.62450000
84.69999515	0.00000000	-83.84596000	-30.55487000
84.89999514	0.00000000	-83.84596000	-28.97392000
85.09999512	0.00000000	-84.17815000	-28.97392000
85.29999511	0.00000000	-84.54724000	-30.55487000
85.49999510	0.00000000	-84.17815000	-33.66756000
85.69999509	0.00000000	-83.84596000	-37.89370000
85.89999508	0.00000000	-83.80289000	-42.16904000
86.09999506	0.00000000	-83.80289000	-45.61392000
86.29999505	0.00000000	-83.84596000	-47.55782000
86.49999504	0.00000000	-84.27042000	-47.14566000
86.69999503	0.00000000	-85.38385000	-44.82037000
86.89999502	0.00000000	-86.54650000	-40.58809000
87.09999501	0.00000000	-87.34005000	-35.61762000
87.29999499	0.00000000	-88.07824000	-31.75443000
87.49999498	0.00000000	-88.03519000	-29.39222000
87.69999497	0.00000000	-86.92175000	-29.06619000
87.89999496	0.00000000	-85.38385000	-30.97318000
88.09999495	0.00000000	-83.84596000	-34.83022000
88.29999493	0.00000000	-82.68947000	-39.43159000
88.49999492	0.00000000	-82.26501000	-43.70079000
88.69999491	0.00000000	-82.26501000	-46.72736000
88.89999490	0.00000000	-82.73252000	-47.50861000
89.09999489	0.00000000	-84.22120000	-45.56471000
89.29999487	0.00000000	-86.12819000	-41.79380000
89.49999486	0.00000000	-87.29700000	-37.14936000
89.69999485	0.00000000	-88.12745000	-33.33538000
89.89999484	0.00000000	-88.45349000	-30.97318000
90.09999483	0.00000000	-88.07824000	-30.59793000
90.29999482	0.00000000	-86.96481000	-32.17888000
90.49999480	0.00000000	-85.80216000	-35.61762000
90.69999479	0.00000000	-85.00861000	-40.21899000
90.89999478	0.00000000	-84.22120000	-44.07603000
91.09999477	0.00000000	-83.89517000	-46.77042000
91.29999476	0.00000000	-84.22120000	-47.46555000
91.49999474	0.00000000	-84.96555000	-45.19562000
91.69999473	0.00000000	-85.34079000	-41.00639000
91.89999472	0.00000000	-85.38385000	-36.40502000
92.09999471	0.00000000	-85.38385000	-32.54798000
92.29999470	0.00000000	-85.38385000	-30.59793000
92.49999468	0.00000000	-85.38385000	-30.59793000
92.69999467	0.00000000	-85.42691000	-32.54798000
92.89999466	0.00000000	-85.85137000	-36.40502000
93.09999465	0.00000000	-86.96481000	-40.96333000
93.29999464	0.00000000	-88.07824000	-44.82037000
93.49999463	0.00000000	-88.50270000	-46.72736000
93.69999461	0.00000000	-88.50270000	-46.35211000
93.89999460	0.00000000	-88.03519000	-43.65773000
94.09999459	0.00000000	-86.49728000	-39.43159000
94.29999458	0.00000000	-84.22120000	-34.83022000
94.49999457	0.00000000	-82.26501000	-31.01624000
94.69999455	0.00000000	-80.73326000	-29.48450000
94.89999454	0.00000000	-79.98892000	-30.59793000
95.09999453	0.00000000	-80.77632000	-33.66756000
95.29999452	0.00000000	-82.68947000	-37.85064000
95.49999451	0.00000000	-85.42691000	-41.70152000
95.69999449	0.00000000	-88.50270000	-44.03297000
95.89999448	0.00000000	-91.19709000	-44.82037000
96.09999447	0.00000000	-92.73499000	-43.61467000
96.29999446	0.00000000	-92.73499000	-40.58809000
96.49999445	0.00000000	-91.15402000	-36.78026000
96.69999444	0.00000000	-88.07824000	-33.71063000
96.89999442	0.00000000	-84.22120000	-32.12967000
97.09999441	0.00000000	-80.73326000	-32.08661000
97.29999440	0.00000000	-77.98966000	-33.24926000
97.49999439	0.00000000	-76.49483000	-35.19931000
97.69999438	0.00000000	-76.87007000	-37.85064000
97.89999436	0.00000000	-79.19537000	-40.12672000
98.09999435	0.00000000	-82.64025000	-40.96333000
98.29999434	0.00000000	-86.54650000	-41.01255000
98.49999433	0.00000000	-90.03444000	-40.58809000
98.69999432	0.00000000	-92.73499000	-39.43159000
98.89999430	0.00000000	-93.84842000	-37.93676000
99.09999429	0.00000000	-92.73499000	-36.78026000
99.29999428	0.00000000	-90.03444000	-36.35580000
99.49999427	0.00000000	-86.54650000	-36.31274000
99.69999426	0.00000000	-82.68947000	-36.35580000
99.89999425	0.00000000	-79.61367000	-36.68799000
100.09999423	0.00000000	-78.03272000	-37.05708000
100.29999422	0.00000000	-77.98966000	-36.68799000
100.49999421	0.00000000	-79.15231000	-36.35580000
100.69999420	0.00000000	-81.10851000	-36.31274000
100.89999419	0.00000000	-83.84596000	-36.40502000
101.09999417	0.00000000	-86.92175000	-37.19857000
101.29999416	0.00000000	-89.61613000	-39.09941000
101.49999415	0.00000000	-91.19709000	-40.96333000
101.69999414	0.00000000	-91.61539000	-42.16904000
101.89999413	0.00000000	-91.19709000	-42.53814000
102.09999411	0.00000000	-89.61613000	-42.11983000
102.29999410	0.00000000	-86.96481000	-40.54502000
102.49999409	0.00000000	-84.27042000	-37.89370000
102.69999408	0.00000000	-82.31422000	-35.19931000
102.89999407	0.00000000	-81.10851000	-33.24926000
103.09999406	0.00000000	-80.73326000	-32.12967000
103.29999404	0.00000000	-81.10851000	-32.54798000
103.49999403	0.00000000	-82.31422000	-34.82406000
103.69999402	0.00000000	-84.22120000	-37.89370000
103.89999401	0.00000000	-86.54650000	-41.00639000
104.09999400	0.00000000	-88.45349000	-43.70079000
104.29999398	0.00000000	-89.65919000	-45.19562000
104.49999397	0.00000000	-90.03444000	-44.86343000
104.69999396	0.00000000	-89.65919000	-42.96260000
104.89999395	0.00000000	-88.50270000	-40.63730000
105.09999394	0.00000000	-86.96481000	-37.89370000
105.29999392	0.00000000	-85.38385000	-35.24852000
105.49999391	0.00000000	-83.89517000	-33.71063000
105.69999390	0.00000000	-83.10777000	-33.66756000
105.89999389	0.00000000	-83.47071000	-34.82406000
106.09999388	0.00000000	-84.22120000	-36.78026000
106.29999387	0.00000000	-85.42691000	-39.42544000
106.49999385	0.00000000	-86.92175000	-41.70152000
106.69999384	0.00000000	-88.03519000	-42.49508000
106.89999383	0.00000000	-88.03519000	-42.16904000
107.09999382	0.00000000	-86.96481000	-41.00639000
107.29999381	0.00000000	-85.80216000	-39.47465000
107.49999379	0.00000000	-85.00861000	-37.89370000
107.69999378	0.00000000	-84.22120000	-36.36196000
107.89999377	0.00000000	-83.89517000	-35.24852000
108.09999376	0.00000000	-84.27042000	-35.29158000
108.29999375	0.00000000	-85.42691000	-36.73105000
108.49999374	0.00000000	-86.92175000	-38.63804000
108.69999372	0.00000000	-88.07824000	-39.80684000
108.89999371	0.00000000	-88.50270000	-40.58809000
109.09999370	0.00000000	-88.50270000	-40.58809000
109.29999369	0.00000000	-88.03519000	-39.80684000
109.49999368	0.00000000	-86.54650000	-38.63804000
109.69999366	0.00000000	-84.63951000	-36.73105000
109.89999365	0.00000000	-83.51992000	-35.24852000
110.09999364	0.00000000	-83.05856000	-34.78100000
110.29999363	0.00000000	-83.47071000	-34.78100000
110.49999362	0.00000000	-84.22120000	-35.19931000
110.69999360	0.00000000	-85.42691000	-36.36196000
110.89999359	0.00000000	-86.92175000	-37.89370000
111.09999358	0.00000000	-88.07824000	-39.43159000
111.29999357	0.00000000	-88.50270000	-40.58809000
111.49999356	0.00000000	-88.50270000	-40.96333000
111.69999355	0.00000000	-88.07824000	-40.58809000
111.89999353	0.00000000	-86.96481000	-39.47465000
112.09999352	0.00000000	-85.80216000	-38.31200000
112.29999351	0.00000000	-85.00861000	-37.51845000
112.49999350	0.00000000	-84.22120000	-36.73105000
112.69999349	0.00000000	-83.89517000	-36.35580000
112.89999347	0.00000000	-84.22120000	-36.35580000
113.09999346	0.00000000	-84.96555000	-36.73105000
113.29999345	0.00000000	-85.38385000	-37.47539000
113.49999344	0.00000000	-85.80216000	-37.85064000
113.69999343	0.00000000	-86.54650000	-37.89370000
113.89999341	0.00000000	-86.92175000	-37.93676000
114.09999340	0.00000000	-86.92175000	-38.31200000
114.29999339	0.00000000	-86.54650000	-39.05635000
114.49999338	0.00000000	-85.80216000	-39.43159000
114.69999337	0.00000000	-85.42691000	-39.47465000
114.89999336	0.00000000	-85.38385000	-39.47465000
115.09999334	0.00000000	-85.38385000	-39.47465000
115.29999333	0.00000000	-85.38385000	-39.47465000
115.49999332	0.00000000	-85.38385000	-39.43159000
115.69999331	0.00000000	-85.42691000	-39.05635000
115.89999330	0.00000000	-85.80216000	-38.26894000
116.09999328	0.00000000	-86.54650000	-37.51845000
116.29999327	0.00000000	-86.92175000	-36.73105000
116.49999326	0.00000000	-86.96481000	-36.35580000
116.69999325	0.00000000	-86.96481000	-36.35580000
116.89999324	0.00000000	-86.96481000	-36.73105000
117.09999322	0.00000000	-86.92175000	-37.51845000
117.29999321	0.00000000	-86.54650000	-38.26894000
117.49999320	0.00000000	-85.75910000	-39.09941000
117.69999319	0.00000000	-85.00861000	-39.84990000
117.89999318	0.00000000	-84.22120000	-40.58809000
118.09999317	0.00000000	-83.89517000	-40.58809000
118.29999315	0.00000000	-84.22120000	-39.89296000
118.49999314	0.00000000	-85.00861000	-39.47465000
118.69999313	0.00000000	-85.80216000	-39.05635000
118.89999312	0.00000000	-86.96481000	-38.31200000
119.09999311	0.00000000	-88.12745000	-37.93676000
119.29999309	0.00000000	-88.87794000	-37.85064000
119.49999308	0.00000000	-89.24089000	-37.47539000
119.69999307	0.00000000	-88.45349000	-36.78026000
119.89999306	0.00000000	-87.00787000	-36.82332000
120.09999305	0.00000000	-85.80216000	-37.89370000
120.29999303	0.00000000	-84.96555000	-39.00713000
120.49999302	0.00000000	-83.80289000	-39.43159000
120.69999301	0.00000000	-82.73252000	-39.47465000
120.89999300	0.00000000	-82.68947000	-39.47465000
121.09999299	0.00000000	-83.47071000	-39.47465000
121.29999298	0.00000000	-84.63951000	-39.51771000
121.49999296	0.00000000	-86.54650000	-39.84990000
121.69999295	0.00000000	-88.07824000	-40.21899000
121.89999294	0.00000000	-88.87794000	-39.80684000
122.09999293	0.00000000	-89.29010000	-39.09941000
122.29999292	0.00000000	-88.87794000	-38.31200000
122.49999290	0.00000000	-88.17052000	-37.89370000
122.69999289	0.00000000	-87.34005000	-37.47539000
122.89999288	0.00000000	-86.54650000	-36.73105000
123.09999287	0.00000000	-85.38385000	-36.40502000
123.29999286	0.00000000	-84.27042000	-36.73105000
123.49999284	0.00000000	-83.89517000	-37.51845000
123.69999283	0.00000000	-84.17815000	-38.26894000
123.89999282	0.00000000	-84.59030000	-39.05635000
124.09999281	0.00000000	-84.63951000	-39.43159000
124.29999280	0.00000000	-85.42691000	-39.47465000
124.49999279	0.00000000	-86.54650000	-39.47465000
124.69999277	0.00000000	-87.34005000	-39.43159000
124.89999276	0.00000000	-88.12745000	-39.05635000
125.09999275	0.00000000	-88.50270000	-38.31200000
125.29999274	0.00000000	-88.50270000	-37.93676000
125.49999273	0.00000000	-88.12745000	-37.85064000
125.69999271	0.00000000	-87.34005000	-37.47539000
125.89999270	0.00000000	-86.54650000	-36.73105000
126.09999269	0.00000000	-85.38385000	-36.40502000
126.29999268	0.00000000	-84.27042000	-36.73105000
126.49999267	0.00000000	-83.84596000	-37.47539000
126.69999265	0.00000000	-83.84596000	-37.85064000
126.89999264	0.00000000	-84.22120000	-37.89370000
127.09999263	0.00000000	-85.00861000	-37.93676000
127.29999262	0.00000000	-85.80216000	-38.31200000
127.49999261	0.00000000	-86.96481000	-39.05635000
127.69999260	0.00000000	-88.07824000	-39.43159000
127.89999258	0.00000000	-88.45349000	-39.43159000
128.09999257	0.00000000	-88.12745000	-39.05635000
128.29999256	0.00000000	-87.34005000	-38.31200000
128.49999255	0.00000000	-86.58956000	-37.93676000
128.69999254	0.00000000	-85.75910000	-37.89370000
128.89999252	0.00000000	-85.00861000	-37.89370000
129.09999251	0.00000000	-84.27042000	-37.89370000
129.29999250	0.00000000	-84.27042000	-37.89370000
129.49999249	0.00000000	-85.00861000	-37.93676000
129.69999248	0.00000000	-85.80216000	-38.26894000
129.89999246	0.00000000	-86.96481000	-38.68110000
130.09999245	0.00000000	-88.07824000	-38.64419000
130.29999244	0.00000000	-88.45349000	-38.68110000
130.49999243	0.00000000	-88.12745000	-38.26894000
130.69999242	0.00000000	-87.34005000	-37.93676000
130.89999241	0.00000000	-86.58956000	-37.89370000
131.09999239	0.00000000	-85.75910000	-37.89370000
131.29999238	0.00000000	-85.00861000	-37.89370000
131.49999237	0.00000000	-84.27042000	-37.93676000
131.69999236	0.00000000	-84.27042000	-38.31200000
131.89999235	0.00000000	-85.00861000	-39.05635000
132.09999233	0.00000000	-85.75910000	-39.43159000
132.29999232	0.00000000	-86.54650000	-39.47465000
132.49999231	0.00000000	-86.92175000	-39.43159000
132.69999230	0.00000000	-86.96481000	-39.05635000
132.89999229	0.00000000	-86.96481000	-38.31200000
133.09999227	0.00000000	-86.92175000	-37.89370000
133.29999226	0.00000000	-86.54650000	-37.47539000
133.49999225	0.00000000	-85.80216000	-36.73105000
133.69999224	0.00000000	-85.47613000	-36.40502000
133.89999223	0.00000000	-85.75910000	-36.73105000
134.09999222	0.00000000	-86.17126000	-37.51845000
134.29999220	0.00000000	-86.17741000	-38.26894000
134.49999219	0.00000000	-86.54650000	-39.05635000
134.69999218	0.00000000	-86.54650000	-39.47465000
134.89999217	0.00000000	-86.17741000	-39.89296000
135.09999216	0.00000000	-86.17126000	-40.58809000
135.29999214	0.00000000	-85.75910000	-40.58809000
135.49999213	0.00000000	-85.42691000	-39.84990000
135.69999212	0.00000000	-85.42691000	-39.09941000
135.89999211	0.00000000	-85.80216000	-38.31200000
136.09999210	0.00000000	-86.54650000	-37.93676000
136.29999208	0.00000000	-86.96481000	-37.89370000
136.49999207	0.00000000	-87.38312000	-37.89370000
136.69999206	0.00000000	-88.12745000	-37.89370000
136.89999205	0.00000000	-88.45349000	-37.93676000
137.09999204	0.00000000	-88.12745000	-38.31200000
137.29999203	0.00000000	-87.34005000	-39.09941000
137.49999201	0.00000000	-86.58956000	-39.84990000
137.69999200	0.00000000	-85.80216000	-40.63730000
137.89999199	0.00000000	-85.42691000	-40.96333000
138.09999198	0.00000000	-85.42691000	-40.68036000
138.29999197	0.00000000	-85.80216000	-40.26821000
138.49999195	0.00000000	-86.58956000	-40.26205000
138.69999194	0.00000000	-87.34005000	-39.80684000
138.89999193	0.00000000	-88.12745000	-39.09941000
139.09999192	0.00000000	-88.50270000	-38.31200000
139.29999191	0.00000000	-88.50270000	-37.93676000
139.49999189	0.00000000	-88.12745000	-37.89370000
139.69999188	0.00000000	-87.38312000	-37.89370000
139.89999187	0.00000000	-86.96481000	-37.89370000
140.09999186	0.00000000	-86.54650000	-37.93676000
140.29999185	0.00000000	-85.80216000	-38.31200000
140.49999184	0.00000000	-85.42691000	-39.05635000
140.69999182	0.00000000	-85.42691000	-39.47465000
140.89999181	0.00000000	-85.80216000	-39.84990000
141.09999180	0.00000000	-86.54650000	-40.21899000
141.29999179	0.00000000	-86.92175000	-39.84990000
141.49999178	0.00000000	-86.96481000	-39.47465000
141.69999176	0.00000000	-86.96481000	-39.00713000
141.89999175	0.00000000	-86.96481000	-37.89370000
142.09999174	0.00000000	-86.92175000	-36.78026000
142.29999173	0.00000000	-86.54650000	-36.35580000
142.49999172	0.00000000	-85.80216000	-36.31274000
142.69999170	0.00000000	-85.47613000	-36.35580000
142.89999169	0.00000000	-85.80216000	-36.78026000
143.09999168	0.00000000	-86.54650000	-37.89370000
143.29999167	0.00000000	-86.92175000	-39.00713000
143.49999166	0.00000000	-86.96481000	-39.43159000
143.69999165	0.00000000	-86.96481000	-39.47465000
143.89999163	0.00000000	-86.96481000	-39.47465000
144.09999162	0.00000000	-86.92175000	-39.43159000
144.29999161	0.00000000	-86.54650000	-39.05635000
144.49999160	0.00000000	-85.80216000	-38.26894000
144.69999159	0.00000000	-85.47613000	-37.51845000
144.89999157	0.00000000	-85.75910000	-36.73105000
145.09999156	0.00000000	-86.17126000	-36.40502000
145.29999155	0.00000000	-86.17741000	-36.73105000
145.49999154	0.00000000	-86.58956000	-37.47539000
145.69999153	0.00000000	-86.92175000	-37.89370000
145.89999151	0.00000000	-86.96481000	-38.31200000
146.09999150	0.00000000	-86.96481000	-39.05635000
146.29999149	0.00000000	-86.96481000	-39.43159000
146.49999148	0.00000000	-86.92175000	-39.47465000
146.69999147	0.00000000	-86.54650000	-39.47465000
146.89999146	0.00000000	-85.80216000	-39.43159000
147.09999144	0.00000000	-85.42691000	-39.05635000
147.29999143	0.00000000	-85.38385000	-38.31200000
147.49999142	0.00000000	-85.42691000	-37.93676000
147.69999141	0.00000000	-85.80216000	-37.89370000
147.89999140	0.00000000	-86.54650000	-37.89370000
148.09999138	0.00000000	-86.92175000	-37.89370000
148.29999137	0.00000000	-86.96481000	-37.89370000
148.49999136	0.00000000	-86.96481000	-37.93676000
148.69999135	0.00000000	-86.96481000	-38.31200000
148.89999134	0.00000000	-86.96481000	-39.05635000
149.09999132	0.00000000	-86.96481000	-39.43159000
149.29999131	0.00000000	-86.92175000	-39.47465000
149.49999130	0.00000000	-86.54650000	-39.47465000
149.69999129	0.00000000	-85.80216000	-39.47465000
149.89999128	0.00000000	-85.47613000	-39.47465000
150.09999127	0.00000000	-85.80216000	-39.47465000
150.29999125	0.00000000	-86.54650000	-39.43159000
150.49999124	0.00000000	-86.92175000	-39.05635000
150.69999123	0.00000000	-87.00787000	-38.31200000
150.89999122	0.00000000	-87.38312000	-37.93676000
151.09999121	0.00000000	-88.12745000	-37.93676000
151.29999119	0.00000000	-88.45349000	-38.31200000
151.49999118	0.00000000	-88.12745000	-39.05635000
151.69999117	0.00000000	-87.38312000	-39.43159000
151.89999116	0.00000000	-87.00787000	-39.47465000
152.09999115	0.00000000	-86.96481000	-39.47465000
152.29999113	0.00000000	-86.96481000	-39.47465000
152.49999112	0.00000000	-86.96481000	-39.47465000
152.69999111	0.00000000	-86.92175000	-39.47465000
152.89999110	0.00000000	-86.58956000	-39.43159000
153.09999109	0.00000000	-86.22047000	-39.05635000
153.29999108	0.00000000	-86.58956000	-38.31200000
153.49999106	0.00000000	-86.92175000	-37.93676000
153.69999105	0.00000000	-87.00787000	-37.89370000
153.89999104	0.00000000	-87.38312000	-37.89370000
154.09999103	0.00000000	-88.12745000	-37.89370000
154.29999102	0.00000000	-88.50270000	-37.89370000
154.49999100	0.00000000	-88.50270000	-37.89370000
154.69999099	0.00000000	-88.12745000	-37.93676000
154.89999098	0.00000000	-87.38312000	-38.31200000
155.09999097	0.00000000	-87.00787000	-39.05635000
155.29999096	0.00000000	-86.92175000	-39.43159000
155.49999094	0.00000000	-86.54650000	-39.47465000
155.69999093	0.00000000	-85.85137000	-39.47465000
155.89999092	0.00000000	-85.85137000	-39.43159000
156.09999091	0.00000000	-86.54650000	-39.05635000
156.29999090	0.00000000	-86.92175000	-38.31200000
156.49999089	0.00000000	-86.96481000	-37.89370000
156.69999087	0.00000000	-87.00787000	-37.51845000
156.89999086	0.00000000	-87.38312000	-37.14936000
157.09999085	0.00000000	-88.07824000	-37.47539000
157.29999084	0.00000000	-88.07824000	-37.47539000
157.49999083	0.00000000	-87.38312000	-37.14936000
157.69999081	0.00000000	-87.00787000	-37.51845000
157.89999080	0.00000000	-86.96481000	-37.89370000
158.09999079	0.00000000	-86.92175000	-38.31200000
158.29999078	0.00000000	-86.54650000	-39.05635000
158.49999077	0.00000000	-85.85137000	-39.38238000
158.69999075	0.00000000	-85.80216000	-39.05635000
158.89999074	0.00000000	-86.17126000	-38.31200000
159.09999073	0.00000000	-86.17741000	-37.93676000
159.29999072	0.00000000	-86.58956000	-37.89370000
159.49999071	0.00000000	-86.92175000	-37.89370000
159.69999070	0.00000000	-86.96481000	-37.89370000
159.89999068	0.00000000	-86.96481000	-37.85064000
160.09999067	0.00000000	-87.00787000	-37.51845000
160.29999066	0.00000000	-87.34005000	-37.14936000
160.49999065	0.00000000	-87.70914000	-37.51845000
160.69999064	0.00000000	-87.34005000	-37.89370000
160.89999062	0.00000000	-87.00787000	-38.31200000
161.09999061	0.00000000	-86.96481000	-39.05635000
161.29999060	0.00000000	-86.96481000	-39.38238000
161.49999059	0.00000000	-86.96481000	-39.09941000
161.69999058	0.00000000	-86.96481000	-38.68725000
161.89999056	0.00000000	-86.96481000	-38.72416000
162.09999055	0.00000000	-86.96481000	-38.64419000
162.29999054	0.00000000	-86.96481000	-38.68110000
162.49999053	0.00000000	-86.96481000	-38.26894000
162.69999052	0.00000000	-86.96481000	-37.93676000
162.89999051	0.00000000	-86.96481000	-37.89370000
163.09999049	0.00000000	-86.96481000	-37.89370000
163.29999048	0.00000000	-87.00787000	-37.89370000
163.49999047	0.00000000	-87.38312000	-37.93676000
163.69999046	0.00000000	-88.12745000	-38.31200000
163.89999045	0.00000000	-88.50270000	-39.05635000
164.09999043	0.00000000	-88.50270000	-39.43159000
164.29999042	0.00000000	-88.12745000	-39.51771000
164.49999041	0.00000000	-87.38312000	-39.84990000
164.69999040	0.00000000	-87.00787000	-40.21899000
164.89999039	0.00000000	-86.96481000	-39.84990000
165.09999037	0.00000000	-86.96481000	-39.51771000
165.29999036	0.00000000	-86.96481000	-39.47465000
165.49999035	0.00000000	-86.96481000	-39.47465000
165.69999034	0.00000000	-87.00787000	-39.47465000
165.89999033	0.00000000	-87.38312000	-39.47465000
166.09999032	0.00000000	-88.07824000	-39.47465000
166.29999030	0.00000000	-88.12745000	-39.47465000
166.49999029	0.00000000	-87.80142000	-39.47465000
166.69999028	0.00000000	-88.17052000	-39.47465000
166.89999027	0.00000000	-88.45349000	-39.47465000
167.09999026	0.00000000	-88.12745000	-39.47465000
167.29999024	0.00000000	-87.38312000	-39.47465000
167.49999023	0.00000000	-87.00787000	-39.47465000
167.69999022	0.00000000	-86.96481000	-39.47465000
167.89999021	0.00000000	-86.96481000	-39.47465000
168.09999020	0.00000000	-86.96481000	-39.47465000
168.29999018	0.00000000	-86.96481000	-39.47465000
168.49999017	0.00000000	-86.96481000	-39.47465000
168.69999016	0.00000000	-86.96481000	-39.47465000
168.89999015	0.00000000	-86.96481000	-39.47465000
169.09999014	0.00000000	-86.96481000	-39.47465000
169.29999013	0.00000000	-87.00787000	-39.47465000
169.49999011	0.00000000	-87.38312000	-39.47465000
169.69999010	0.00000000	-88.07824000	-39.47465000
169.89999009	0.00000000	-88.12745000	-39.43159000
170.09999008	0.00000000	-87.75835000	-39.05635000
170.29999007	0.00000000	-87.75221000	-38.36122000
170.49999005	0.00000000	-87.34005000	-38.36122000
170.69999004	0.00000000	-87.00787000	-39.00713000
170.89999003	0.00000000	-86.96481000	-39.05635000
171.09999002	0.00000000	-86.96481000	-38.73031000
171.29999001	0.00000000	-86.96481000	-39.09941000
171.49998999	0.00000000	-86.96481000	-39.43159000
171.69998998	0.00000000	-86.96481000	-39.47465000
171.89998997	0.00000000	-86.96481000	-39.47465000
172.09998996	0.00000000	-86.96481000	-39.43159000
172.29998995	0.00000000	-86.96481000	-39.05635000
172.49998994	0.00000000	-86.96481000	-38.31200000
172.69998992	0.00000000	-86.96481000	-37.93676000
172.89998991	0.00000000	-86.96481000	-37.89370000
173.09998990	0.00000000	-86.96481000	-37.89370000
173.29998989	0.00000000	-86.96481000	-37.89370000
173.49998988	0.00000000	-86.96481000	-37.89370000
173.69998986	0.00000000	-86.96481000	-37.89370000
173.89998985	0.00000000	-86.96481000	-37.89370000
174.09998984	0.00000000	-86.96481000	-37.93676000
174.29998983	0.00000000	-86.96481000	-38.31200000
174.49998982	0.00000000	-86.96481000	-39.05635000
174.69998980	0.00000000	-87.00787000	-39.43159000
174.89998979	0.00000000	-87.34005000	-39.43159000
175.09998978	0.00000000	-87.70914000	-39.09941000
175.29998977	0.00000000	-87.38312000	-38.68725000
175.49998976	0.00000000	-87.38312000	-38.68110000
175.69998975	0.00000000	-87.70914000	-38.26894000
175.89998973	0.00000000	-87.34005000	-37.93676000
176.09998972	0.00000000	-87.00787000	-37.93676000
176.29998971	0.00000000	-86.96481000	-38.26894000
176.49998970	0.00000000	-86.96481000	-38.63804000
176.69998969	0.00000000	-86.96481000	-38.31200000
176.89998967	0.00000000	-86.96481000	-38.36122000
177.09998966	0.00000000	-86.96481000	-39.05635000
177.29998965	0.00000000	-86.96481000	-39.43159000
177.49998964	0.00000000	-86.96481000	-39.47465000
177.69998963	0.00000000	-87.00787000	-39.47465000
177.89998961	0.00000000	-87.34005000	-39.47465000
178.09998960	0.00000000	-87.70914000	-39.43159000
178.29998959	0.00000000	-87.34005000	-39.05635000
178.49998958	0.00000000	-87.00787000	-38.31200000
178.69998957	0.00000000	-86.96481000	-37.98597000
178.89998956	0.00000000	-86.96481000	-38.26894000
179.09998954	0.00000000	-86.96481000	-38.68110000
179.29998953	0.00000000	-86.96481000	-38.68725000
179.49998952	0.00000000	-86.96481000	-39.09941000
179.69998951	0.00000000	-86.96481000	-39.43159000
179.89998950	0.00000000	-86.96481000	-39.47465000
180.09998948	0.00000000	-87.00787000	-39.47465000
180.29998947	0.00000000	-87.38312000	-39.47465000
180.49998946	0.00000000	-88.12745000	-39.47465000
180.69998945	0.00000000	-88.50270000	-39.47465000
180.89998944	0.00000000	-88.54576000	-39.47465000
181.09998942	0.00000000	-88.54576000	-39.47465000
181.29998941	0.00000000	-88.54576000	-39.47465000
181.49998940	0.00000000	-88.54576000	-39.47465000
181.69998939	0.00000000	-88.54576000	-39.47465000
181.89998938	0.00000000	-88.50270000	-39.47465000
182.09998937	0.00000000	-88.12745000	-39.47465000
182.29998935	0.00000000	-87.38312000	-39.47465000
182.49998934	0.00000000	-87.00787000	-39.47465000
182.69998933	0.00000000	-86.96481000	-39.47465000
182.89998932	0.00000000	-87.00787000	-39.47465000
183.09998931	0.00000000	-87.34005000	-39.47465000
183.29998929	0.00000000	-87.75221000	-39.47465000
183.49998928	0.00000000	-87.71530000	-39.47465000
183.69998927	0.00000000	-87.79527000	-39.47465000
183.89998926	0.00000000	-87.75835000	-39.47465000
184.09998925	0.00000000	-88.17052000	-39.47465000
184.29998923	0.00000000	-88.50270000	-39.47465000
184.49998922	0.00000000	-88.50270000	-39.43159000
184.69998921	0.00000000	-88.17052000	-39.05635000
184.89998920	0.00000000	-87.80142000	-38.31200000
185.09998919	0.00000000	-88.12745000	-37.93676000
185.29998918	0.00000000	-88.07824000	-37.93676000
185.49998916	0.00000000	-87.38312000	-38.31200000
185.69998915	0.00000000	-87.00787000	-39.05635000
185.89998914	0.00000000	-86.96481000	-39.43159000
186.09998913	0.00000000	-86.96481000	-39.47465000
186.29998912	0.00000000	-86.96481000	-39.47465000
186.49998910	0.00000000	-86.96481000	-39.47465000
186.69998909	0.00000000	-86.96481000	-39.47465000
186.89998908	0.00000000	-87.00787000	-39.43159000
187.09998907	0.00000000	-87.34005000	-39.05635000
187.29998906	0.00000000	-87.75221000	-38.31200000
187.49998904	0.00000000	-87.75835000	-37.93676000
187.69998903	0.00000000	-88.12745000	-37.89370000
187.89998902	0.00000000	-88.07824000	-37.89370000
188.09998901	0.00000000	-87.38312000	-37.89370000
188.29998900	0.00000000	-87.00787000	-37.89370000
188.49998899	0.00000000	-86.96481000	-37.93676000
188.69998897	0.00000000	-86.96481000	-38.31200000
188.89998896	0.00000000	-86.96481000	-39.05635000
189.09998895	0.00000000	-86.96481000	-39.43159000
189.29998894	0.00000000	-86.96481000	-39.47465000
189.49998893	0.00000000	-86.96481000	-39.47465000
189.69998891	0.00000000	-87.00787000	-39.43159000
189.89998890	0.00000000	-87.38312000	-39.09941000
190.09998889	0.00000000	-88.12745000	-38.68725000
190.29998888	0.00000000	-88.50270000	-38.68110000
190.49998887	0.00000000	-88.54576000	-38.26894000
190.69998885	0.00000000	-88.54576000	-37.93676000
190.89998884	0.00000000	-88.50270000	-37.89370000
191.09998883	0.00000000	-88.12745000	-37.89370000
191.29998882	0.00000000	-87.38312000	-37.89370000
191.49998881	0.00000000	-87.00787000	-37.89370000
191.69998880	0.00000000	-86.96481000	-37.93676000
191.89998878	0.00000000	-86.96481000	-38.31200000
192.09998877	0.00000000	-86.96481000	-39.05635000
192.29998876	0.00000000	-86.96481000	-39.43159000
192.49998875	0.00000000	-87.00787000	-39.47465000
192.69998874	0.00000000	-87.38312000	-39.47465000
192.89998872	0.00000000	-88.07824000	-39.43159000
193.09998871	0.00000000	-88.12745000	-39.09941000
193.29998870	0.00000000	-87.80142000	-38.68725000
193.49998869	0.00000000	-88.17052000	-38.68110000
193.69998868	0.00000000	-88.50270000	-38.31200000
193.89998866	0.00000000	-88.54576000	-38.36122000
194.09998865	0.00000000	-88.50270000	-39.05635000
194.29998864	0.00000000	-88.17052000	-39.43159000
194.49998863	0.00000000	-87.75835000	-39.43159000
194.69998862	0.00000000	-87.75221000	-39.09941000
194.89998861	0.00000000	-87.34005000	-38.73031000
195.09998859	0.00000000	-87.05708000	-39.09941000
195.29998858	0.00000000	-87.38312000	-39.43159000
195.49998857	0.00000000	-88.12745000	-39.47465000
195.69998856	0.00000000	-88.50270000	-39.47465000
195.89998855	0.00000000	-88.54576000	-39.47465000
196.09998853	0.00000000	-88.50270000	-39.47465000
