Time	Channel A	Channel B	Channel C
(us)	(V)	(mV)	(mV)

-4.49999956	0.00000000	-12.64764000	-1.19955700
-4.29999957	0.00000000	-12.64764000	-1.53174200
-4.09999958	0.00000000	-12.64764000	-1.57480300
-3.89999959	0.00000000	-12.64764000	-1.53174200
-3.69999960	0.00000000	-12.60458000	-1.15649600
-3.49999962	0.00000000	-12.27239000	-0.41830710
-3.29999963	0.00000000	-11.90330000	-0.04306102
-3.09999964	0.00000000	-12.27239000	-0.04306102
-2.89999965	0.00000000	-12.60458000	-0.37524600
-2.69999966	0.00000000	-12.64764000	-0.73818890
-2.49999968	0.00000000	-12.64764000	-0.41830710
-2.29999969	0.00000000	-12.64764000	-0.46136810
-2.09999970	0.00000000	-12.64764000	-1.15649600
-1.89999971	0.00000000	-12.64764000	-1.53174200
-1.69999972	0.00000000	-12.64764000	-1.57480300
-1.49999973	0.00000000	-12.64764000	-1.57480300
-1.29999975	0.00000000	-12.64764000	-1.57480300
-1.09999976	0.00000000	-12.64764000	-1.57480300
-0.89999977	0.00000000	-12.64764000	-1.57480300
-0.69999978	0.00000000	-12.64764000	-1.57480300
-0.49999979	0.00000000	-12.64764000	-1.57480300
-0.29999981	0.31803640	-12.64764000	-1.57480300
-0.09999982	0.63668800	-12.64764000	-1.57480300
0.10000017	0.95533960	-12.64764000	-1.57480300
0.30000016	0.95533960	-12.64764000	-1.57480300
0.50000015	0.79601380	-12.64764000	-1.57480300
0.70000013	0.31803640	-12.64764000	-1.57480300
0.90000012	-0.63668800	-12.64764000	-1.57480300
1.10000011	-1.59264300	-12.60458000	-1.57480300
1.30000010	-2.38927200	-12.27239000	-1.53174200
1.50000009	-2.86724900	-11.90330000	-1.15649600
1.70000008	-2.38927200	-12.27239000	-0.41830710
1.90000006	-1.27399100	-12.60458000	-0.04306102
2.10000005	0.79601380	-12.64764000	-0.04306102
2.30000004	2.86724900	-12.64764000	-0.41830710
2.50000003	4.61921700	-12.64764000	-1.15649600
2.70000002	5.25652100	-12.64764000	-1.53174200
2.90000000	4.77854300	-12.64764000	-1.57480300
3.09999999	2.70792300	-12.64764000	-1.57480300
3.29999998	-0.31803640	-12.64764000	-1.57480300
3.49999997	-3.66326300	-12.64764000	-1.57480300
3.69999996	-6.53112700	-12.64764000	-1.53174200
3.89999994	-7.96444400	-12.64764000	-1.15649600
4.09999993	-7.32714100	-12.64764000	-0.41830710
4.29999992	-4.77854300	-12.64764000	-0.04306102
4.49999991	-0.79601380	-12.64764000	0.00000000
4.69999990	3.66326300	-12.64764000	-0.04306102
4.89999989	7.32714100	-12.64764000	-0.41830710
5.09999987	9.23905000	-12.64764000	-1.15649600
5.29999986	8.92039900	-12.64764000	-1.53174200
5.49999985	6.37180100	-12.64764000	-1.57480300
5.69999984	2.07062000	-12.64764000	-1.57480300
5.89999983	-2.70792300	-12.64764000	-1.57480300
6.09999981	-6.84916400	-12.64764000	-1.57480300
6.29999980	-9.23905000	-12.64764000	-1.53174200
6.49999979	-9.23905000	-12.60458000	-1.15649600
6.69999978	-7.00848900	-12.27239000	-0.41830710
6.89999977	-3.02657500	-11.90330000	-0.04306102
7.09999975	1.27399100	-12.27239000	-0.04306102
7.29999974	5.09719500	-12.60458000	-0.41830710
7.49999973	7.32714100	-12.64764000	-1.15649600
7.69999972	7.64579200	-12.64764000	-1.53174200
7.89999971	6.05315000	-12.64764000	-1.57480300
8.09999970	3.18590100	-12.64764000	-1.57480300
8.29999968	-0.15871060	-12.64764000	-1.57480300
8.49999967	-3.02657500	-12.64764000	-1.57480300
8.69999966	-4.77854300	-12.64764000	-1.57480300
8.89999965	-5.09719500	-12.64764000	-1.53174200
9.09999964	-4.30056600	-12.60458000	-1.15649600
9.29999962	-2.54859700	-12.27239000	-0.41830710
9.49999961	-0.63668800	-11.86024000	-0.09227362
9.69999960	1.11466500	-11.89715000	-0.41830710
9.89999959	2.22994600	-11.86024000	-1.15649600
10.09999958	2.54859700	-12.27239000	-1.53174200
10.29999956	2.22994600	-12.60458000	-1.57480300
10.49999955	1.43331700	-12.64764000	-1.57480300
10.69999954	0.47736220	-12.64764000	-1.57480300
10.89999953	-0.31803640	-12.60458000	-1.53174200
11.09999952	-0.79601380	-12.22933000	-1.15649600
11.29999951	-0.95533960	-11.53420000	-0.46136810
11.49999949	-0.95533960	-11.48499000	-0.46136810
11.69999948	-0.63668800	-11.85408000	-1.15649600
11.89999947	-0.47736220	-11.81717000	-1.53174200
12.09999946	-0.15871060	-11.89715000	-1.57480300
12.29999945	-0.15871060	-11.86024000	-1.57480300
12.49999943	0.00000000	-12.27239000	-1.57480300
12.69999942	0.00000000	-12.55536000	-1.57480300
12.89999941	0.00000000	-12.27239000	-1.57480300
13.09999940	0.00000000	-11.86024000	-1.53174200
13.29999939	0.00000000	-11.85408000	-1.19955700
13.49999937	0.00000000	-11.44193000	-0.83661410
13.69999936	0.00000000	-11.15896000	-1.15649600
13.89999935	0.00000000	-11.48499000	-1.15649600
14.09999934	-0.15871060	-12.22933000	-0.83661410
14.29999933	-0.15871060	-12.60458000	-1.19955700
14.49999932	-0.15871060	-12.64764000	-1.53174200
14.69999930	0.00000000	-12.64764000	-1.57480300
14.89999929	0.00000000	-12.64764000	-1.57480300
15.09999928	0.00000000	-12.64764000	-1.57480300
15.29999927	0.00000000	-12.64764000	-1.57480300
15.49999926	0.00000000	-12.64764000	-1.57480300
15.69999924	0.00000000	-12.64764000	-1.57480300
15.89999923	0.00000000	-12.64764000	-1.57480300
16.09999922	0.00000000	-12.64764000	-1.57480300
16.29999921	0.00000000	-12.64764000	-1.57480300
16.49999920	-0.15871060	-12.60458000	-1.57480300
16.69999919	-0.15871060	-12.22933000	-1.57480300
16.89999917	0.00000000	-11.44193000	-1.53174200
17.09999916	0.00000000	-10.73450000	-1.19955700
17.29999915	0.00000000	-10.27928000	-0.83661410
17.49999914	0.00000000	-10.31619000	-1.19955700
17.69999913	0.00000000	-10.27928000	-1.53174200
17.89999911	0.00000000	-10.73450000	-1.57480300
18.09999910	0.00000000	-11.48499000	-1.53174200
18.29999909	0.00000000	-12.69070000	-1.19955700
18.49999908	0.00000000	-14.22859000	-0.83661410
18.69999907	-0.15871060	-15.76649000	-1.19955700
18.89999905	0.00000000	-16.87992000	-1.53174200
19.09999904	0.00000000	-16.83686000	-1.53174200
19.29999903	0.00000000	-15.29897000	-1.19955700
19.49999902	0.00000000	-12.55536000	-0.83661410
19.69999901	0.00000000	-9.06742000	-1.19955700
19.89999900	0.00000000	-5.16117100	-1.48253000
20.09999898	0.00000000	-1.80856300	-1.19955700
20.29999897	0.00000000	-0.27682080	-0.83661410
20.49999896	0.00000000	-1.85162400	-1.19955700
20.69999895	0.00000000	-5.71481200	-1.53174200
20.89999894	0.00000000	-11.62032000	-1.57480300
21.09999892	0.00000000	-18.97145000	-1.57480300
21.29999891	0.00000000	-26.27953000	-1.57480300
21.49999890	0.00000000	-31.62524000	-1.57480300
21.69999889	0.00000000	-33.07701000	-1.57480300
21.89999888	0.00000000	-29.53986000	-1.57480300
22.09999886	0.00000000	-21.02608000	-1.57480300
22.29999885	0.00000000	-9.39345400	-1.57480300
22.49999884	0.00000000	2.98351400	-1.57480300
22.69999883	0.00000000	13.72416000	-1.57480300
22.89999882	0.00000000	19.40822000	-1.53174200
23.09999881	0.00000000	17.87033000	-1.15649600
23.29999879	0.00000000	9.27042300	-0.41830710
23.49999878	0.00000000	-5.06274600	0.00000000
23.69999877	0.00000000	-22.83464000	0.41830710
23.89999876	0.00000000	-39.40084000	1.11343500
24.09999875	0.00000000	-50.94119000	1.11343500
24.29999873	0.00000000	-54.33686000	0.37524600
24.49999872	0.00000000	-47.68701000	-0.41830710
24.69999871	0.00000000	-32.24040000	-1.62401600
24.89999870	0.00000000	-10.98056000	-3.15575800
25.09999869	0.00000000	11.02977000	-4.68750000
25.29999867	0.00000000	28.75861000	-5.80093500
25.49999866	0.00000000	37.96751000	-5.80093500
25.69999865	0.00000000	35.64837000	-4.60137700
25.89999864	0.00000000	22.47785000	-2.22687000
26.09999863	0.00000000	1.21186000	1.62401600
26.29999862	0.00000000	-23.85581000	5.80093500
26.49999860	0.00000000	-46.24139000	8.91978400
26.69999859	0.00000000	-60.94365000	10.45152000
26.89999858	0.00000000	-64.80684000	9.98400600
27.09999857	0.00000000	-56.66830000	6.82824800
27.29999856	0.00000000	-38.51501000	1.02116100
27.49999854	0.00000000	-14.22859000	-6.31766700
27.69999853	0.00000000	10.10089000	-13.65650000
27.89999852	0.00000000	28.66634000	-19.37131000
28.09999851	0.00000000	38.01673000	-21.64739000
28.29999850	0.00000000	36.06668000	-19.28519000
28.49999848	0.00000000	23.77584000	-12.68455000
28.69999847	0.00000000	4.09694900	-2.55905500
28.89999846	0.00000000	-17.90723000	9.38115100
29.09999845	0.00000000	-37.30930000	20.53395000
29.29999844	0.00000000	-50.52288000	27.78666000
29.49999843	0.00000000	-55.17347000	28.90010000
29.69999841	0.00000000	-50.56594000	23.09301000
29.89999840	0.00000000	-37.86294000	11.52190000
30.09999839	0.00000000	-20.46629000	-3.20497000
30.29999838	0.00000000	-2.26993100	-18.30093000
30.49999837	0.00000000	13.17052000	-30.98548000
30.69999835	0.00000000	22.10261000	-37.86294000
30.89999834	0.00000000	23.03149000	-36.70644000
31.09999833	0.00000000	17.26132000	-27.78666000
31.29999832	0.00000000	6.37303100	-12.72761000
31.49999831	0.00000000	-7.90477300	5.43184000
31.69999829	0.00000000	-22.23179000	22.39788000
31.89999828	0.00000000	-33.45226000	34.75024000
32.09999827	0.00000000	-39.67765000	39.39468000
32.29999826	0.00000000	-39.31471000	35.54380000
32.49999825	0.00000000	-33.21235000	24.34178000
32.69999824	0.00000000	-23.11762000	7.71407400
32.89999822	0.00000000	-11.15896000	-10.40846000
33.09999821	0.00000000	0.00615157	-26.29183000
33.29999820	0.00000000	7.40034400	-36.74950000
33.49999819	0.00000000	9.77485200	-39.86220000
33.69999818	0.00000000	7.49261800	-35.16855000
33.89999816	0.00000000	0.93503930	-23.22835000
34.09999815	0.00000000	-7.90477300	-6.64370100
34.29999814	0.00000000	-16.79380000	10.31619000
34.49999813	0.00000000	-23.72047000	24.29257000
34.69999812	0.00000000	-26.83932000	32.38804000
34.89999810	0.00000000	-25.76895000	33.21850000
35.09999809	0.00000000	-21.53666000	26.62401000
35.29999808	0.00000000	-15.34203000	14.35162000
35.49999807	0.00000000	-8.41535400	-0.73818890
35.69999806	0.00000000	-2.68823800	-14.96063000
35.89999805	0.00000000	0.00615157	-25.41215000
36.09999803	0.00000000	-1.10728300	-29.26919000
36.29999802	0.00000000	-5.25344500	-26.29183000
36.49999801	0.00000000	-10.64838000	-17.79035000
36.69999800	0.00000000	-15.67421000	-5.89320800
36.89999799	0.00000000	-19.58046000	6.40994000
37.09999797	0.00000000	-21.44439000	15.66191000
37.29999796	0.00000000	-20.69390000	19.93110000
37.49999795	0.00000000	-17.25517000	18.39936000
37.69999794	0.00000000	-12.64764000	11.52190000
37.89999793	0.00000000	-7.99704600	1.57480300
38.09999791	0.00000000	-4.13385800	-8.40920300
38.29999790	0.00000000	-2.22687000	-15.66191000
38.49999789	0.00000000	-2.60211600	-17.93799000
38.69999788	0.00000000	-5.29650500	-14.16708000
38.89999787	0.00000000	-9.48572700	-6.17618100
39.09999786	0.00000000	-13.76107000	3.02042300
39.29999784	0.00000000	-17.29823000	11.10359000
39.49999783	0.00000000	-19.99877000	15.66191000
39.69999782	0.00000000	-21.11220000	15.28666000
39.89999781	0.00000000	-19.99877000	9.89788300
40.09999780	0.00000000	-17.29823000	1.06422200
40.29999778	0.00000000	-13.81028000	-8.87672100
40.49999777	0.00000000	-9.90403500	-16.91068000
40.69999776	0.00000000	-6.41609200	-20.35556000
40.89999775	0.00000000	-3.71555100	-18.44242000
41.09999774	0.00000000	-2.55290300	-11.52190000
41.29999772	0.00000000	-3.29724400	-1.57480300
41.49999771	0.00000000	-5.21038300	8.40920300
41.69999770	0.00000000	-7.99704600	15.74803000
41.89999769	0.00000000	-11.48499000	18.81767000
42.09999768	0.00000000	-15.29897000	16.91068000
42.29999767	0.00000000	-17.99951000	10.40846000
42.49999765	0.00000000	-18.83612000	1.57480300
42.69999764	0.00000000	-18.50394000	-7.29576700
42.89999763	0.00000000	-17.29823000	-14.21629000
43.09999762	0.00000000	-15.34203000	-17.32899000
43.29999761	0.00000000	-12.69070000	-16.21555000
43.49999759	0.00000000	-10.37155000	-11.65723000
43.69999758	0.00000000	-9.15354300	-5.11195900
43.89999757	0.00000000	-8.32308000	1.43946800
44.09999756	0.00000000	-7.94783400	6.87130900
44.29999755	0.00000000	-7.94783400	9.94094400
44.49999753	0.00000000	-8.32308000	9.98400600
44.69999752	0.00000000	-9.06742000	7.33882900
44.89999751	0.00000000	-9.44266700	3.15575800
45.09999750	0.00000000	-9.52879000	-1.11343500
45.29999749	0.00000000	-9.95324800	-4.60137700
45.49999748	0.00000000	-11.15896000	-6.96358300
45.69999746	0.00000000	-13.11516000	-7.71407400
45.89999745	0.00000000	-15.85261000	-7.01279500
46.09999744	0.00000000	-18.87918000	-5.06274600
46.29999743	0.00000000	-21.16142000	-2.73745100
46.49999742	0.00000000	-21.48745000	0.00000000
46.69999740	0.00000000	-19.58046000	2.64517700
46.89999739	0.00000000	-15.67421000	4.18307100
47.09999738	0.00000000	-10.59916000	4.22613100
47.29999737	0.00000000	-4.78592500	3.06348400
47.49999736	0.00000000	0.55979330	1.15649600
47.69999734	0.00000000	3.58636800	-1.20570900
47.89999733	0.00000000	3.16806100	-3.48179100
48.09999732	0.00000000	-1.10728300	-5.43184000
48.29999731	0.00000000	-8.41535400	-6.17618100
48.49999730	0.00000000	-16.92298000	-5.80093500
48.69999729	0.00000000	-24.60630000	-4.22613100
48.89999727	0.00000000	-29.62598000	-1.53174200
49.09999726	0.00000000	-30.37647000	1.53174200
49.29999725	0.00000000	-26.88238000	4.22613100
49.49999724	0.00000000	-19.53125000	5.75787400
49.69999723	0.00000000	-9.90403500	5.75787400
49.89999721	0.00000000	-0.68897630	4.22613100
50.09999720	0.00000000	5.86860200	1.48868100
50.29999719	0.00000000	7.77559000	-1.99311000
50.49999718	0.00000000	4.74901600	-5.85014700
50.69999717	0.00000000	-2.17765700	-8.87057000
50.89999715	0.00000000	-11.02362000	-10.03322000
51.09999714	0.00000000	-19.53125000	-8.87057000
51.29999713	0.00000000	-25.71973000	-5.80093500
51.49999712	0.00000000	-28.37721000	-1.57480300
51.69999711	0.00000000	-26.46407000	2.64517700
51.89999710	0.00000000	-20.28174000	5.75787400
52.09999708	0.00000000	-11.94021000	7.29576700
52.29999707	0.00000000	-3.81397600	6.92052100
52.49999706	0.00000000	1.17495100	4.60137700
52.69999705	0.00000000	2.79281500	1.15649600
52.89999704	0.00000000	0.42445860	-2.69439000
53.09999702	0.00000000	-5.29650500	-5.75787400
53.29999701	0.00000000	-12.55536000	-7.33882900
53.49999700	0.00000000	-19.11294000	-7.33882900
53.69999699	0.00000000	-22.98228000	-5.80093500
53.89999698	0.00000000	-23.76353000	-3.11269700
54.09999696	0.00000000	-21.02608000	-0.09227362
54.29999695	0.00000000	-15.29897000	2.22687000
54.49999694	0.00000000	-8.45841400	2.97736200
54.69999693	0.00000000	-3.06348400	2.27608300
54.89999692	0.00000000	-0.68897630	0.33218500
55.09999691	0.00000000	-1.06422200	-1.90698800
55.29999689	0.00000000	-4.18307100	-3.80782500
55.49999688	0.00000000	-9.52879000	-4.14000900
55.69999687	0.00000000	-15.25591000	-2.69439000
55.89999686	0.00000000	-19.48819000	-0.37524600
56.09999685	0.00000000	-21.06914000	1.95004900
56.29999683	0.00000000	-19.95571000	4.22613100
56.49999682	0.00000000	-16.87992000	5.29650500
56.69999681	0.00000000	-12.60458000	4.13385800
56.89999680	0.00000000	-8.04010800	1.07037400
57.09999679	0.00000000	-4.55831700	-3.15575800
57.29999677	0.00000000	-3.38951800	-7.33882900
57.49999676	0.00000000	-4.13385800	-10.03322000
57.69999675	0.00000000	-6.83439900	-10.35925000
57.89999674	0.00000000	-10.59916000	-8.03395600
58.09999673	0.00000000	-13.71801000	-3.06963600
58.29999672	0.00000000	-15.67421000	2.69439000
58.49999670	0.00000000	-16.50467000	7.71407400
58.69999669	0.00000000	-16.09252000	11.14665000
58.89999668	0.00000000	-14.97293000	11.47884000
59.09999667	0.00000000	-13.02288000	8.40920300
59.29999666	0.00000000	-11.10974000	2.64517700
59.49999664	0.00000000	-9.52879000	-4.26919300
59.69999663	0.00000000	-8.41535400	-10.45152000
59.89999662	0.00000000	-8.41535400	-14.67766000
60.09999661	0.00000000	-9.52879000	-15.79109000
60.29999660	0.00000000	-11.02362000	-13.10285000
60.49999658	0.00000000	-12.18012000	-7.29576700
60.69999657	0.00000000	-12.55536000	0.41830710
60.89999656	0.00000000	-12.22933000	8.45226300
61.09999655	0.00000000	-11.44193000	14.16708000
61.29999654	0.00000000	-10.69144000	15.74803000
61.49999653	0.00000000	-9.95324800	13.10285000
61.69999651	0.00000000	-9.95324800	7.29576700
61.89999650	0.00000000	-10.69144000	-0.41830710
62.09999649	0.00000000	-11.48499000	-8.50147600
62.29999648	0.00000000	-12.64764000	-14.63459000
62.49999647	0.00000000	-13.76107000	-17.37205000
62.69999645	0.00000000	-14.18553000	-16.21555000
62.89999644	0.00000000	-14.18553000	-11.61417000
63.09999643	0.00000000	-13.71801000	-4.64443900
63.29999642	0.00000000	-12.18012000	3.06348400
63.49999641	0.00000000	-9.90403500	9.98400600
63.69999639	0.00000000	-7.99704600	14.21629000
63.89999638	0.00000000	-6.83439900	14.63459000
64.09999637	0.00000000	-6.83439900	11.60802000
64.29999636	0.00000000	-7.94783400	6.17618100
64.49999635	0.00000000	-9.52879000	-0.37524600
64.69999634	0.00000000	-11.48499000	-6.92052100
64.89999632	0.00000000	-13.76107000	-11.56496000
65.09999631	0.00000000	-15.25591000	-13.56422000
65.29999630	0.00000000	-15.29897000	-13.18898000
65.49999629	0.00000000	-14.13632000	-10.49459000
65.69999628	0.00000000	-12.27239000	-6.26845500
65.89999626	0.00000000	-10.32234000	-1.57480300
66.09999625	0.00000000	-9.15354300	3.06963600
66.29999624	0.00000000	-8.41535400	6.92052100
66.49999623	0.00000000	-8.83366100	8.87672100
66.69999622	0.00000000	-10.69144000	8.96284400
66.89999620	0.00000000	-12.60458000	7.75713500
67.09999619	0.00000000	-14.13632000	5.47490100
67.29999618	0.00000000	-14.88066000	2.36835600
67.49999617	0.00000000	-14.09326000	-0.41830710
67.69999616	0.00000000	-12.22933000	-3.57406500
67.89999615	0.00000000	-9.86097400	-6.96358300
68.09999613	0.00000000	-7.57258800	-8.91978400
68.29999612	0.00000000	-5.67175200	-9.38115100
68.49999611	0.00000000	-5.33956700	-8.96284400
68.69999610	0.00000000	-6.87746000	-7.33882900
68.89999609	0.00000000	-9.99630800	-4.22613100
69.09999607	0.00000000	-14.22859000	0.04306102
69.29999606	0.00000000	-18.41781000	4.64443900
69.49999605	0.00000000	-21.06914000	8.50147600
69.69999604	0.00000000	-21.11220000	10.40846000
69.89999603	0.00000000	-18.79306000	10.07628000
70.09999601	0.00000000	-14.88066000	7.71407400
70.29999600	0.00000000	-9.44266700	3.85703700
70.49999599	0.00000000	-3.71555100	-1.19955700
70.69999598	0.00000000	0.51673230	-6.17618100
70.89999597	0.00000000	2.05462600	-10.03322000
71.09999596	0.00000000	0.51673230	-11.56496000
71.29999594	0.00000000	-3.71555100	-10.45152000
71.49999593	0.00000000	-9.52879000	-7.38188900
71.69999592	0.00000000	-15.71727000	-3.15575800
71.89999591	0.00000000	-21.11220000	1.11343500
72.09999590	0.00000000	-24.18799000	4.60137700
72.29999588	0.00000000	-24.18799000	6.92052100
72.49999587	0.00000000	-21.11220000	7.29576700
72.69999586	0.00000000	-15.71727000	5.80093500
72.89999585	0.00000000	-9.57800100	3.11269700
73.09999584	0.00000000	-4.09079700	0.04306102
73.29999582	0.00000000	-0.27066930	-2.64517700
73.49999581	0.00000000	1.30413400	-4.18307100
73.69999580	0.00000000	-0.27066930	-4.22613100
73.89999579	0.00000000	-4.04773600	-3.11269700
74.09999578	0.00000000	-9.11048200	-1.62401600
74.29999577	0.00000000	-14.09326000	-0.46136810
74.49999575	0.00000000	-17.99951000	-0.09227362
74.69999574	0.00000000	-19.95571000	-0.46136810
74.89999573	0.00000000	-19.95571000	-1.62401600
75.09999572	0.00000000	-18.04257000	-3.11269700
75.29999571	0.00000000	-14.60384000	-4.22613100
75.49999569	0.00000000	-11.10974000	-4.18307100
75.69999568	0.00000000	-7.99704600	-2.64517700
75.89999567	0.00000000	-5.71481200	0.09227362
76.09999566	0.00000000	-5.29650500	3.48794300
76.29999565	0.00000000	-6.36687900	6.54527500
76.49999563	0.00000000	-7.90477300	7.67101300
76.69999562	0.00000000	-9.48572700	6.92052100
76.89999561	0.00000000	-11.02362000	4.14000900
77.09999560	0.00000000	-12.18012000	-0.46136810
77.29999559	0.00000000	-12.55536000	-5.80093500
77.49999558	0.00000000	-12.22933000	-10.03322000
77.69999556	0.00000000	-11.53420000	-11.98327000
77.89999555	0.00000000	-11.53420000	-11.61417000
78.09999554	0.00000000	-12.22933000	-8.87672100
78.29999553	0.00000000	-12.64764000	-4.22613100
78.49999552	0.00000000	-13.02288000	1.53174200
78.69999550	0.00000000	-13.39198000	6.92052100
78.89999549	0.00000000	-12.93061000	10.40846000
79.09999548	0.00000000	-11.81102000	11.60802000
79.29999547	0.00000000	-9.86097400	10.40846000
79.49999546	0.00000000	-7.94783400	6.92052100
79.69999544	0.00000000	-6.41609200	1.53174200
79.89999543	0.00000000	-5.67175200	-4.18307100
80.09999542	0.00000000	-6.45915300	-8.50147600
80.29999541	0.00000000	-8.32308000	-10.82677000
80.49999540	0.00000000	-10.69144000	-11.23893000
80.69999539	0.00000000	-13.02288000	-9.33809000
80.89999537	0.00000000	-15.34203000	-6.26845500
81.09999536	0.00000000	-16.79380000	-2.73745100
81.29999535	0.00000000	-16.46161000	1.15649600
81.49999534	0.00000000	-14.51156000	4.60137700
81.69999533	0.00000000	-11.85408000	6.96358300
81.89999531	0.00000000	-8.74138700	7.75713500
82.09999530	0.00000000	-6.50221400	7.38188900
82.29999529	0.00000000	-5.62869100	5.80093500
82.49999528	0.00000000	-6.04084600	3.11269700
82.69999527	0.00000000	-7.16043300	0.00000000
82.89999525	0.00000000	-9.15354300	-3.11269700
83.09999524	0.00000000	-11.39887000	-5.85014700
83.29999523	0.00000000	-13.34276000	-7.80019600
83.49999522	0.00000000	-14.09326000	-8.96284400
83.69999521	0.00000000	-13.81028000	-8.87672100
83.89999520	0.00000000	-13.02288000	-6.96358300
84.09999518	0.00000000	-12.22933000	-3.53100400
84.29999517	0.00000000	-11.06668000	-0.04306102
84.49999516	0.00000000	-9.95324800	3.15575800
84.69999515	0.00000000	-9.57800100	6.22539300
84.89999514	0.00000000	-9.90403500	8.50147600
85.09999512	0.00000000	-10.64838000	8.82750900
85.29999511	0.00000000	-11.02362000	6.92052100
85.49999510	0.00000000	-11.02362000	3.06963600
85.69999509	0.00000000	-10.64838000	-1.53174200
85.89999508	0.00000000	-9.90403500	-5.80093500
86.09999506	0.00000000	-9.52879000	-8.91978400
86.29999505	0.00000000	-9.52879000	-10.45152000
86.49999504	0.00000000	-9.95324800	-10.03322000
86.69999503	0.00000000	-11.06668000	-7.29576700
86.89999502	0.00000000	-12.22933000	-2.73745100
87.09999501	0.00000000	-13.02288000	2.27608300
87.29999499	0.00000000	-13.76107000	6.13312000
87.49999498	0.00000000	-13.71801000	8.50147600
87.69999497	0.00000000	-12.60458000	8.82750900
87.89999496	0.00000000	-11.10974000	6.92052100
88.09999495	0.00000000	-9.90403500	3.02042300
88.29999493	0.00000000	-9.11048200	-1.90698800
88.49999492	0.00000000	-8.32308000	-6.50221400
88.69999491	0.00000000	-7.99704600	-8.82750900
88.89999490	0.00000000	-8.37229300	-8.91978400
89.09999489	0.00000000	-9.52879000	-7.29576700
89.29999487	0.00000000	-11.06668000	-3.85703700
89.49999486	0.00000000	-12.60458000	0.73818890
89.69999485	0.00000000	-13.71801000	4.60137700
89.89999484	0.00000000	-13.76107000	7.29576700
90.09999483	0.00000000	-13.02288000	8.03395600
90.29999482	0.00000000	-12.22933000	6.09005900
90.49999480	0.00000000	-11.02362000	2.31914400
90.69999479	0.00000000	-9.52879000	-2.31914400
90.89999478	0.00000000	-8.41535400	-6.13312000
91.09999477	0.00000000	-8.37229300	-8.50147600
91.29999476	0.00000000	-9.06742000	-8.82750900
91.49999474	0.00000000	-9.48572700	-6.92052100
91.69999473	0.00000000	-9.90403500	-3.06963600
91.89999472	0.00000000	-10.64838000	1.53174200
92.09999471	0.00000000	-11.02362000	5.71481200
92.29999470	0.00000000	-11.06668000	8.03395600
92.49999468	0.00000000	-11.06668000	7.66486200
92.69999467	0.00000000	-11.06668000	5.38262700
92.89999466	0.00000000	-11.10974000	1.48868100
93.09999465	0.00000000	-11.53420000	-3.06963600
93.29999464	0.00000000	-12.64764000	-6.92052100
93.49999463	0.00000000	-13.71801000	-8.82750900
93.69999461	0.00000000	-13.71801000	-8.40920300
93.89999460	0.00000000	-12.60458000	-5.38262700
94.09999459	0.00000000	-11.06668000	-0.83661410
94.29999458	0.00000000	-9.48572700	3.02042300
94.49999457	0.00000000	-7.90477300	5.75787400
94.69999455	0.00000000	-6.41609200	6.87130900
94.89999454	0.00000000	-5.67175200	5.71481200
95.09999453	0.00000000	-6.45915300	2.69439000
95.29999452	0.00000000	-8.37229300	-1.15649600
95.49999451	0.00000000	-11.10974000	-4.60137700
95.69999449	0.00000000	-14.13632000	-6.92052100
95.89999448	0.00000000	-16.46161000	-7.29576700
96.09999447	0.00000000	-17.29823000	-5.80093500
96.29999446	0.00000000	-17.25517000	-3.11269700
96.49999445	0.00000000	-16.04331000	-0.04306102
96.69999444	0.00000000	-12.97982000	2.64517700
96.89999442	0.00000000	-9.52879000	4.18307100
97.09999441	0.00000000	-6.36687900	4.22613100
97.29999440	0.00000000	-3.67249000	3.06348400
97.49999439	0.00000000	-2.17765700	1.15649600
97.69999438	0.00000000	-2.60211600	-1.15649600
97.89999436	0.00000000	-5.25344500	-3.06348400
98.09999435	0.00000000	-9.11048200	-4.22613100
98.29999434	0.00000000	-12.97982000	-4.22613100
98.49999433	0.00000000	-16.46161000	-3.11269700
98.69999432	0.00000000	-18.41781000	-1.62401600
98.89999430	0.00000000	-18.83612000	-0.41830710
99.09999429	0.00000000	-18.04257000	0.32603340
99.29999428	0.00000000	-15.67421000	0.73818890
99.49999427	0.00000000	-12.22933000	0.37524600
99.69999426	0.00000000	-8.37229300	0.04306102
99.89999425	0.00000000	-5.29650500	0.04306102
100.09999423	0.00000000	-3.67249000	0.41830710
100.29999422	0.00000000	-3.29724400	1.15649600
100.49999421	0.00000000	-4.09079700	1.53174200
100.69999420	0.00000000	-6.41609200	1.53174200
100.89999419	0.00000000	-9.48572700	1.11343500
101.09999417	0.00000000	-12.60458000	-0.04306102
101.29999416	0.00000000	-15.29897000	-1.57480300
101.49999415	0.00000000	-16.83686000	-3.11269700
101.69999414	0.00000000	-16.87992000	-4.26919300
101.89999413	0.00000000	-15.76649000	-4.64443900
102.09999411	0.00000000	-14.18553000	-4.22613100
102.29999410	0.00000000	-12.22933000	-2.64517700
102.49999409	0.00000000	-9.90403500	0.00000000
102.69999408	0.00000000	-7.94783400	2.69439000
102.89999407	0.00000000	-6.41609200	4.64443900
103.09999406	0.00000000	-5.67175200	5.75787400
103.29999404	0.00000000	-6.41609200	5.33956700
103.49999403	0.00000000	-7.90477300	3.06348400
103.69999402	0.00000000	-9.52879000	0.00000000
103.89999401	0.00000000	-11.44193000	-3.11269700
104.09999400	0.00000000	-13.39198000	-5.80093500
104.29999398	0.00000000	-14.51156000	-7.33882900
104.49999397	0.00000000	-14.92372000	-7.29576700
104.69999396	0.00000000	-14.13632000	-5.38262700
104.89999395	0.00000000	-12.64764000	-1.99311000
105.09999394	0.00000000	-11.06668000	1.07037400
105.29999392	0.00000000	-9.52879000	3.06348400
105.49999391	0.00000000	-8.37229300	4.22613100
105.69999390	0.00000000	-7.99704600	4.22613100
105.89999389	0.00000000	-8.37229300	3.06348400
106.09999388	0.00000000	-9.52879000	1.15649600
106.29999387	0.00000000	-11.02362000	-1.15649600
106.49999385	0.00000000	-12.18012000	-3.06348400
106.69999384	0.00000000	-12.55536000	-4.22613100
106.89999383	0.00000000	-12.22933000	-4.22613100
107.09999382	0.00000000	-11.44193000	-3.11269700
107.29999381	0.00000000	-10.69144000	-1.53174200
107.49999379	0.00000000	-9.86097400	0.37524600
107.69999378	0.00000000	-9.15354300	2.22687000
107.89999377	0.00000000	-8.79060000	2.64517700
108.09999376	0.00000000	-9.52879000	1.90698800
108.29999375	0.00000000	-10.64838000	0.78124990
108.49999374	0.00000000	-11.48499000	-0.78124990
108.69999372	0.00000000	-12.60458000	-1.90698800
108.89999371	0.00000000	-13.34276000	-2.73745100
109.09999370	0.00000000	-12.97982000	-3.06348400
109.29999369	0.00000000	-12.22933000	-2.64517700
109.49999368	0.00000000	-11.02362000	-1.15649600
109.69999366	0.00000000	-9.52879000	0.73818890
109.89999365	0.00000000	-8.37229300	1.90698800
110.09999364	0.00000000	-7.94783400	2.68823800
110.29999363	0.00000000	-7.94783400	2.64517700
110.49999362	0.00000000	-8.37229300	1.53174200
110.69999360	0.00000000	-9.52879000	0.00000000
110.89999359	0.00000000	-11.02362000	-1.53174200
111.09999358	0.00000000	-12.22933000	-2.68823800
111.29999357	0.00000000	-12.97982000	-3.11269700
111.49999356	0.00000000	-13.34276000	-3.11269700
111.69999355	0.00000000	-12.60458000	-2.73745100
111.89999353	0.00000000	-11.48499000	-1.95004900
112.09999352	0.00000000	-10.64838000	-1.19955700
112.29999351	0.00000000	-9.52879000	-0.37524600
112.49999350	0.00000000	-8.79060000	0.37524600
112.69999349	0.00000000	-9.11048200	1.11343500
112.89999347	0.00000000	-9.44266700	1.11343500
113.09999346	0.00000000	-9.52879000	0.41830710
113.29999345	0.00000000	-9.90403500	0.04306102
113.49999344	0.00000000	-10.64838000	0.00000000
113.69999343	0.00000000	-11.02362000	0.00000000
113.89999341	0.00000000	-11.10974000	-0.04306102
114.09999340	0.00000000	-11.44193000	-0.41830710
114.29999339	0.00000000	-11.81102000	-1.15649600
114.49999338	0.00000000	-11.39887000	-1.53174200
114.69999337	0.00000000	-10.69144000	-1.57480300
114.89999336	0.00000000	-9.90403500	-1.57480300
115.09999334	0.00000000	-9.52879000	-1.57480300
115.29999333	0.00000000	-9.48572700	-1.53174200
115.49999332	0.00000000	-9.48572700	-1.15649600
115.69999331	0.00000000	-9.52879000	-0.41830710
115.89999330	0.00000000	-9.90403500	0.00000000
116.09999328	0.00000000	-10.64838000	0.41830710
116.29999327	0.00000000	-11.06668000	1.15649600
116.49999326	0.00000000	-11.44193000	1.48253000
116.69999325	0.00000000	-11.81102000	1.15649600
116.89999324	0.00000000	-11.44193000	0.41830710
117.09999322	0.00000000	-11.06668000	0.00000000
117.29999321	0.00000000	-10.64838000	-0.46136810
117.49999320	0.00000000	-9.86097400	-1.57480300
117.69999319	0.00000000	-9.11048200	-2.68823800
117.89999318	0.00000000	-8.37229300	-3.06348400
118.09999317	0.00000000	-8.37229300	-2.73745100
118.29999315	0.00000000	-9.06742000	-1.99311000
118.49999314	0.00000000	-9.48572700	-1.57480300
118.69999313	0.00000000	-9.95324800	-1.15649600
118.89999312	0.00000000	-11.06668000	-0.37524600
119.09999311	0.00000000	-12.18012000	0.37524600
119.29999309	0.00000000	-12.60458000	1.15649600
119.49999308	0.00000000	-12.60458000	1.48253000
119.69999307	0.00000000	-12.18012000	1.15649600
119.89999306	0.00000000	-11.02362000	0.41830710
120.09999305	0.00000000	-9.52879000	0.04306102
120.29999303	0.00000000	-8.32308000	0.00000000
120.49999302	0.00000000	-7.57258800	-0.04306102
120.69999301	0.00000000	-7.16043300	-0.41830710
120.89999300	0.00000000	-7.57258800	-1.15649600
121.09999299	0.00000000	-8.28001900	-1.53174200
121.29999298	0.00000000	-9.15354300	-1.57480300
121.49999296	0.00000000	-10.27928000	-1.57480300
121.69999295	0.00000000	-11.81102000	-1.53174200
121.89999294	0.00000000	-12.55536000	-1.15649600
122.09999293	0.00000000	-12.64764000	-0.41830710
122.29999292	0.00000000	-12.60458000	0.00000000
122.49999290	0.00000000	-12.18012000	0.41830710
122.69999289	0.00000000	-11.06668000	1.15649600
122.89999288	0.00000000	-9.95324800	1.48253000
123.09999287	0.00000000	-9.48572700	1.15649600
123.29999286	0.00000000	-9.06742000	0.41830710
123.49999284	0.00000000	-8.32308000	0.00000000
123.69999283	0.00000000	-7.99704600	-0.41830710
123.89999282	0.00000000	-8.32308000	-1.15649600
124.09999281	0.00000000	-9.11048200	-1.53174200
124.29999280	0.00000000	-9.86097400	-1.57480300
124.49999279	0.00000000	-10.69144000	-1.53174200
124.69999277	0.00000000	-11.44193000	-1.15649600
124.89999276	0.00000000	-12.22933000	-0.41830710
125.09999275	0.00000000	-12.60458000	-0.04306102
125.29999274	0.00000000	-12.60458000	0.04306102
125.49999273	0.00000000	-12.22933000	0.37524600
125.69999271	0.00000000	-11.44193000	0.78124990
125.89999270	0.00000000	-10.69144000	0.74434050
126.09999269	0.00000000	-9.86097400	0.78124990
126.29999268	0.00000000	-9.11048200	0.37524600
126.49999267	0.00000000	-8.32308000	0.04306102
126.69999265	0.00000000	-7.99704600	0.00000000
126.89999264	0.00000000	-8.32308000	0.00000000
127.09999263	0.00000000	-9.11048200	-0.04306102
127.29999262	0.00000000	-9.90403500	-0.41830710
127.49999261	0.00000000	-11.06668000	-1.15649600
127.69999260	0.00000000	-12.18012000	-1.48253000
127.89999258	0.00000000	-12.60458000	-1.15649600
128.09999257	0.00000000	-12.60458000	-0.41830710
128.29999256	0.00000000	-12.18012000	-0.04306102
128.49999255	0.00000000	-11.02362000	0.00000000
128.69999254	0.00000000	-9.52879000	0.00000000
128.89999252	0.00000000	-8.37229300	0.00000000
129.09999251	0.00000000	-7.99704600	0.00000000
129.29999250	0.00000000	-8.32308000	0.00000000
129.49999249	0.00000000	-9.11048200	0.00000000
129.69999248	0.00000000	-9.86097400	0.00000000
129.89999246	0.00000000	-10.69144000	-0.04306102
130.09999245	0.00000000	-11.44193000	-0.37524600
130.29999244	0.00000000	-12.22933000	-0.73818890
130.49999243	0.00000000	-12.55536000	-0.37524600
130.69999242	0.00000000	-12.18012000	-0.04306102
130.89999241	0.00000000	-11.06668000	0.00000000
131.09999239	0.00000000	-9.90403500	0.00000000
131.29999238	0.00000000	-9.11048200	0.00000000
131.49999237	0.00000000	-8.37229300	-0.04306102
131.69999236	0.00000000	-8.37229300	-0.41830710
131.89999235	0.00000000	-9.11048200	-1.15649600
132.09999233	0.00000000	-9.86097400	-1.53174200
132.29999232	0.00000000	-10.64838000	-1.57480300
132.49999231	0.00000000	-11.02362000	-1.53174200
132.69999230	0.00000000	-11.02362000	-1.15649600
132.89999229	0.00000000	-10.64838000	-0.41830710
133.09999227	0.00000000	-9.90403500	0.00000000
133.29999226	0.00000000	-9.52879000	0.41830710
133.49999225	0.00000000	-9.48572700	1.15649600
133.69999224	0.00000000	-9.48572700	1.48253000
133.89999223	0.00000000	-9.48572700	1.15649600
134.09999222	0.00000000	-9.52879000	0.37524600
134.29999220	0.00000000	-9.90403500	-0.37524600
134.49999219	0.00000000	-10.59916000	-1.15649600
134.69999218	0.00000000	-10.59916000	-1.57480300
134.89999217	0.00000000	-9.90403500	-1.95004900
135.09999216	0.00000000	-9.52879000	-2.31914400
135.29999214	0.00000000	-9.48572700	-1.95004900
135.49999213	0.00000000	-9.48572700	-1.57480300
135.69999212	0.00000000	-9.48572700	-1.15649600
135.89999211	0.00000000	-9.52879000	-0.37524600
136.09999210	0.00000000	-9.90403500	0.37524600
136.29999208	0.00000000	-10.64838000	1.15649600
136.49999207	0.00000000	-11.02362000	1.48253000
136.69999206	0.00000000	-11.06668000	1.15649600
136.89999205	0.00000000	-11.06668000	0.41830710
137.09999204	0.00000000	-11.06668000	0.00000000
137.29999203	0.00000000	-11.02362000	-0.41830710
137.49999201	0.00000000	-10.59916000	-1.15649600
137.69999200	0.00000000	-9.48572700	-1.53174200
137.89999199	0.00000000	-8.37229300	-1.57480300
138.09999198	0.00000000	-7.99704600	-1.57480300
138.29999197	0.00000000	-8.32308000	-1.57480300
138.49999195	0.00000000	-9.11048200	-1.53174200
138.69999194	0.00000000	-9.86097400	-1.15649600
138.89999193	0.00000000	-10.64838000	-0.41830710
139.09999192	0.00000000	-11.02362000	0.00000000
139.29999191	0.00000000	-11.06668000	0.41830710
139.49999189	0.00000000	-11.06668000	1.15649600
139.69999188	0.00000000	-11.02362000	1.53174200
139.89999187	0.00000000	-10.64838000	1.53174200
140.09999186	0.00000000	-9.86097400	1.15649600
140.29999185	0.00000000	-9.15354300	0.37524600
140.49999184	0.00000000	-8.74138700	-0.37524600
140.69999182	0.00000000	-9.11048200	-1.15649600
140.89999181	0.00000000	-9.48572700	-1.53174200
141.09999180	0.00000000	-9.90403500	-1.57480300
141.29999179	0.00000000	-10.64838000	-1.53174200
141.49999178	0.00000000	-11.02362000	-1.15649600
141.69999176	0.00000000	-11.02362000	-0.37524600
141.89999175	0.00000000	-10.64838000	0.37524600
142.09999174	0.00000000	-9.90403500	1.15649600
142.29999173	0.00000000	-9.52879000	1.53174200
142.49999172	0.00000000	-9.48572700	1.53174200
142.69999170	0.00000000	-9.48572700	1.15649600
142.89999169	0.00000000	-9.48572700	0.37524600
143.09999168	0.00000000	-9.48572700	-0.37524600
143.29999167	0.00000000	-9.52879000	-1.15649600
143.49999166	0.00000000	-9.90403500	-1.53174200
143.69999165	0.00000000	-10.64838000	-1.57480300
143.89999163	0.00000000	-10.97441000	-1.57480300
144.09999162	0.00000000	-10.64838000	-1.53174200
144.29999161	0.00000000	-9.90403500	-1.15649600
144.49999160	0.00000000	-9.52879000	-0.37524600
144.69999159	0.00000000	-9.48572700	0.37524600
144.89999157	0.00000000	-9.48572700	1.15649600
145.09999156	0.00000000	-9.48572700	1.48253000
145.29999155	0.00000000	-9.52879000	1.15649600
145.49999154	0.00000000	-9.90403500	0.41830710
145.69999153	0.00000000	-10.64838000	0.00000000
145.89999151	0.00000000	-11.02362000	-0.41830710
146.09999150	0.00000000	-11.02362000	-1.15649600
146.29999149	0.00000000	-10.64838000	-1.53174200
146.49999148	0.00000000	-9.90403500	-1.57480300
146.69999147	0.00000000	-9.52879000	-1.53174200
146.89999146	0.00000000	-9.48572700	-1.15649600
147.09999144	0.00000000	-9.48572700	-0.41830710
147.29999143	0.00000000	-9.48572700	-0.04306102
147.49999142	0.00000000	-9.48572700	0.00000000
147.69999141	0.00000000	-9.52879000	0.00000000
147.89999140	0.00000000	-9.90403500	0.00000000
148.09999138	0.00000000	-10.59916000	0.04306102
148.29999137	0.00000000	-10.69144000	0.37524600
148.49999136	0.00000000	-10.65453000	0.73818890
148.69999135	0.00000000	-11.01132000	0.32603340
148.89999134	0.00000000	-10.23622000	-0.37524600
149.09999132	0.00000000	-9.57800100	-1.15649600
149.29999131	0.00000000	-9.48572700	-1.53174200
149.49999130	0.00000000	-9.48572700	-1.53174200
149.69999129	0.00000000	-9.48572700	-1.15649600
149.89999128	0.00000000	-9.48572700	-0.41830710
150.09999127	0.00000000	-9.48572700	-0.04306102
150.29999125	0.00000000	-9.48572700	0.00000000
150.49999124	0.00000000	-9.52879000	0.00000000
150.69999123	0.00000000	-9.90403500	0.00000000
150.89999122	0.00000000	-10.64838000	0.00000000
151.09999121	0.00000000	-10.97441000	0.00000000
151.29999119	0.00000000	-10.69144000	0.00000000
151.49999118	0.00000000	-10.27928000	-0.04306102
151.69999117	0.00000000	-10.27313000	-0.37524600
151.89999116	0.00000000	-9.86097400	-0.78124990
152.09999115	0.00000000	-9.52879000	-0.74434050
152.29999113	0.00000000	-9.48572700	-0.78124990
152.49999112	0.00000000	-9.44266700	-0.37524600
152.69999111	0.00000000	-9.11048200	-0.04306102
152.89999110	0.00000000	-8.69832600	0.00000000
153.09999109	0.00000000	-8.73523500	0.00000000
153.29999108	0.00000000	-8.69832600	0.00000000
153.49999106	0.00000000	-9.15354300	0.00000000
153.69999105	0.00000000	-9.86097400	0.00000000
153.89999104	0.00000000	-10.64838000	0.00000000
154.09999103	0.00000000	-11.02362000	0.00000000
154.29999102	0.00000000	-11.06668000	0.00000000
154.49999100	0.00000000	-11.02362000	0.00000000
154.69999099	0.00000000	-10.64838000	0.00000000
154.89999098	0.00000000	-9.90403500	0.00000000
155.09999097	0.00000000	-9.52879000	0.00000000
155.29999096	0.00000000	-9.48572700	0.00000000
155.49999094	0.00000000	-9.48572700	0.00000000
155.69999093	0.00000000	-9.48572700	0.00000000
155.89999092	0.00000000	-9.48572700	0.00000000
156.09999091	0.00000000	-9.48572700	0.00000000
156.29999090	0.00000000	-9.48572700	0.00000000
156.49999089	0.00000000	-9.52879000	0.00000000
156.69999087	0.00000000	-9.90403500	0.04306102
156.89999086	0.00000000	-10.64838000	0.37524600
157.09999085	0.00000000	-11.02362000	0.73818890
157.29999084	0.00000000	-11.02362000	0.37524600
157.49999083	0.00000000	-10.69144000	0.04306102
157.69999081	0.00000000	-10.27928000	0.00000000
157.89999080	0.00000000	-10.27313000	0.00000000
158.09999079	0.00000000	-9.86097400	-0.04306102
158.29999078	0.00000000	-9.52879000	-0.41830710
158.49999077	0.00000000	-9.48572700	-1.15649600
158.69999075	0.00000000	-9.48572700	-1.48253000
158.89999074	0.00000000	-9.48572700	-1.15649600
159.09999073	0.00000000	-9.48572700	-0.41830710
159.29999072	0.00000000	-9.48572700	-0.04306102
159.49999071	0.00000000	-9.48572700	0.04306102
159.69999070	0.00000000	-9.52879000	0.37524600
159.89999068	0.00000000	-9.90403500	0.78124990
160.09999067	0.00000000	-10.59916000	0.74434050
160.29999066	0.00000000	-10.59916000	0.78124990
160.49999065	0.00000000	-9.95324800	0.37524600
160.69999064	0.00000000	-9.90403500	0.04306102
160.89999062	0.00000000	-10.23007000	-0.04306102
161.09999061	0.00000000	-9.86097400	-0.41830710
161.29999060	0.00000000	-9.52879000	-1.15649600
161.49999059	0.00000000	-9.48572700	-1.48253000
161.69999058	0.00000000	-9.48572700	-1.15649600
161.89999056	0.00000000	-9.48572700	-0.41830710
162.09999055	0.00000000	-9.48572700	-0.04306102
162.29999054	0.00000000	-9.48572700	0.00000000
162.49999053	0.00000000	-9.48572700	0.00000000
162.69999052	0.00000000	-9.48572700	0.00000000
162.89999051	0.00000000	-9.52879000	0.00000000
163.09999049	0.00000000	-9.90403500	0.00000000
163.29999048	0.00000000	-10.64838000	0.00000000
163.49999047	0.00000000	-11.02362000	0.00000000
163.69999046	0.00000000	-11.06668000	0.00000000
163.89999045	0.00000000	-11.02362000	0.00000000
164.09999043	0.00000000	-10.64838000	0.00000000
164.29999042	0.00000000	-9.90403500	0.00000000
164.49999041	0.00000000	-9.52879000	0.00000000
164.69999040	0.00000000	-9.48572700	0.00000000
164.89999039	0.00000000	-9.48572700	0.00000000
165.09999037	0.00000000	-9.48572700	0.00000000
165.29999036	0.00000000	-9.48572700	0.00000000
165.49999035	0.00000000	-9.48572700	0.00000000
165.69999034	0.00000000	-9.48572700	0.00000000
165.89999033	0.00000000	-9.48572700	0.00000000
166.09999032	0.00000000	-9.48572700	0.00000000
166.29999030	0.00000000	-9.52879000	0.00000000
166.49999029	0.00000000	-9.90403500	0.00000000
166.69999028	0.00000000	-10.59916000	0.00000000
166.89999027	0.00000000	-10.59916000	0.00000000
167.09999026	0.00000000	-9.90403500	0.00000000
167.29999024	0.00000000	-9.52879000	0.00000000
167.49999023	0.00000000	-9.48572700	0.00000000
167.69999022	0.00000000	-9.48572700	0.00000000
167.89999021	0.00000000	-9.48572700	-0.04306102
168.09999020	0.00000000	-9.48572700	-0.37524600
168.29999018	0.00000000	-9.48572700	-0.73818890
168.49999017	0.00000000	-9.48572700	-0.37524600
168.69999016	0.00000000	-9.48572700	-0.04306102
168.89999015	0.00000000	-9.48572700	0.00000000
169.09999014	0.00000000	-9.48572700	0.00000000
169.29999013	0.00000000	-9.48572700	0.00000000
169.49999011	0.00000000	-9.48572700	0.00000000
169.69999010	0.00000000	-9.48572700	0.00000000
169.89999009	0.00000000	-9.48572700	0.00000000
170.09999008	0.00000000	-9.48572700	0.00000000
170.29999007	0.00000000	-9.48572700	0.00000000
170.49999005	0.00000000	-9.48572700	0.00000000
170.69999004	0.00000000	-9.48572700	0.00000000
170.89999003	0.00000000	-9.48572700	0.00000000
171.09999002	0.00000000	-9.48572700	0.00000000
171.29999001	0.00000000	-9.52879000	0.00000000
171.49998999	0.00000000	-9.86097400	0.00000000
171.69998998	0.00000000	-10.23007000	0.00000000
171.89998997	0.00000000	-9.86097400	0.00000000
172.09998996	0.00000000	-9.52879000	0.00000000
172.29998995	0.00000000	-9.48572700	0.00000000
172.49998994	0.00000000	-9.48572700	0.00000000
172.69998992	0.00000000	-9.48572700	0.00000000
172.89998991	0.00000000	-9.48572700	0.00000000
173.09998990	0.00000000	-9.48572700	0.00000000
173.29998989	0.00000000	-9.48572700	0.00000000
173.49998988	0.00000000	-9.48572700	0.00000000
173.69998986	0.00000000	-9.48572700	0.00000000
173.89998985	0.00000000	-9.48572700	0.00000000
174.09998984	0.00000000	-9.48572700	0.00000000
174.29998983	0.00000000	-9.48572700	0.00000000
174.49998982	0.00000000	-9.48572700	0.00000000
174.69998980	0.00000000	-9.48572700	0.00000000
174.89998979	0.00000000	-9.48572700	0.00000000
175.09998978	0.00000000	-9.48572700	0.00000000
175.29998977	0.00000000	-9.48572700	0.00000000
175.49998976	0.00000000	-9.48572700	0.00000000
175.69998975	0.00000000	-9.48572700	0.00000000
175.89998973	0.00000000	-9.48572700	0.00000000
176.09998972	0.00000000	-9.48572700	0.00000000
176.29998971	0.00000000	-9.48572700	0.00000000
176.49998970	0.00000000	-9.48572700	0.00000000
176.69998969	0.00000000	-9.48572700	0.00000000
176.89998967	0.00000000	-9.48572700	0.00000000
177.09998966	0.00000000	-9.48572700	0.00000000
177.29998965	0.00000000	-9.48572700	-0.04306102
177.49998964	0.00000000	-9.48572700	-0.37524600
177.69998963	0.00000000	-9.48572700	-0.73818890
177.89998961	0.00000000	-9.48572700	-0.37524600
178.09998960	0.00000000	-9.48572700	-0.04306102
178.29998959	0.00000000	-9.48572700	0.00000000
178.49998958	0.00000000	-9.48572700	0.00000000
178.69998957	0.00000000	-9.48572700	0.00000000
178.89998956	0.00000000	-9.44266700	0.00000000
179.09998954	0.00000000	-9.11048200	0.00000000
179.29998953	0.00000000	-8.74138700	0.00000000
179.49998952	0.00000000	-9.11048200	0.00000000
179.69998951	0.00000000	-9.44266700	0.00000000
179.89998950	0.00000000	-9.48572700	0.00000000
180.09998948	0.00000000	-9.48572700	0.00000000
180.29998947	0.00000000	-9.52879000	0.00000000
180.49998946	0.00000000	-9.86097400	0.00000000
180.69998945	0.00000000	-10.23007000	0.00000000
180.89998944	0.00000000	-9.86097400	0.00000000
181.09998942	0.00000000	-9.52879000	0.00000000
181.29998941	0.00000000	-9.48572700	0.00000000
181.49998940	0.00000000	-9.48572700	0.00000000
181.69998939	0.00000000	-9.48572700	0.00000000
181.89998938	0.00000000	-9.48572700	0.00000000
182.09998937	0.00000000	-9.48572700	0.00000000
182.29998935	0.00000000	-9.48572700	0.00000000
182.49998934	0.00000000	-9.48572700	0.00000000
182.69998933	0.00000000	-9.48572700	0.00000000
182.89998932	0.00000000	-9.48572700	-0.04306102
183.09998931	0.00000000	-9.48572700	-0.37524600
183.29998929	0.00000000	-9.48572700	-0.73818890
183.49998928	0.00000000	-9.48572700	-0.37524600
183.69998927	0.00000000	-9.48572700	-0.04306102
183.89998926	0.00000000	-9.48572700	0.00000000
184.09998925	0.00000000	-9.48572700	0.00000000
184.29998923	0.00000000	-9.48572700	0.00000000
184.49998922	0.00000000	-9.48572700	0.00000000
184.69998921	0.00000000	-9.52879000	0.00000000
184.89998920	0.00000000	-9.86097400	0.00000000
185.09998919	0.00000000	-10.23007000	0.00000000
185.29998918	0.00000000	-9.86097400	0.00000000
185.49998916	0.00000000	-9.52879000	0.00000000
185.69998915	0.00000000	-9.48572700	0.00000000
185.89998914	0.00000000	-9.48572700	0.00000000
186.09998913	0.00000000	-9.48572700	-0.04306102
186.29998912	0.00000000	-9.48572700	-0.37524600
186.49998910	0.00000000	-9.48572700	-0.73818890
186.69998909	0.00000000	-9.48572700	-0.37524600
186.89998908	0.00000000	-9.48572700	-0.04306102
187.09998907	0.00000000	-9.48572700	0.00000000
187.29998906	0.00000000	-9.48572700	0.00000000
187.49998904	0.00000000	-9.48572700	0.00000000
187.69998903	0.00000000	-9.48572700	0.04306102
187.89998902	0.00000000	-9.48572700	0.41830710
188.09998901	0.00000000	-9.48572700	1.11343500
188.29998900	0.00000000	-9.48572700	1.11343500
188.49998899	0.00000000	-9.48572700	0.41830710
188.69998897	0.00000000	-9.48572700	0.04306102
188.89998896	0.00000000	-9.48572700	-0.04306102
189.09998895	0.00000000	-9.48572700	-0.41830710
189.29998894	0.00000000	-9.48572700	-1.11343500
189.49998893	0.00000000	-9.48572700	-1.15649600
189.69998891	0.00000000	-9.48572700	-0.79355310
189.89998890	0.00000000	-9.48572700	-0.78124990
190.09998889	0.00000000	-9.48572700	-0.37524600
190.29998888	0.00000000	-9.48572700	-0.04306102
190.49998887	0.00000000	-9.48572700	0.00000000
190.69998885	0.00000000	-9.48572700	0.00000000
190.89998884	0.00000000	-9.48572700	0.00000000
191.09998883	0.00000000	-9.48572700	0.00000000
191.29998882	0.00000000	-9.48572700	0.00000000
191.49998881	0.00000000	-9.48572700	0.00000000
191.69998880	0.00000000	-9.48572700	0.00000000
191.89998878	0.00000000	-9.48572700	0.00000000
192.09998877	0.00000000	-9.48572700	0.00000000
192.29998876	0.00000000	-9.48572700	0.00000000
192.49998875	0.00000000	-9.48572700	0.00000000
192.69998874	0.00000000	-9.48572700	0.00000000
192.89998872	0.00000000	-9.48572700	0.00000000
193.09998871	0.00000000	-9.48572700	0.00000000
193.29998870	0.00000000	-9.48572700	0.00000000
193.49998869	0.00000000	-9.48572700	0.00000000
193.69998868	0.00000000	-9.48572700	0.00000000
193.89998866	0.00000000	-9.48572700	0.00000000
194.09998865	0.00000000	-9.48572700	0.00000000
194.29998864	0.00000000	-9.48572700	0.00000000
194.49998863	0.00000000	-9.48572700	0.00000000
194.69998862	0.00000000	-9.48572700	0.00000000
194.89998861	0.00000000	-9.48572700	0.00000000
195.09998859	0.00000000	-9.48572700	0.00000000
195.29998858	0.00000000	-9.48572700	0.00000000
195.49998857	0.00000000	-9.48572700	0.00000000
195.69998856	0.00000000	-9.48572700	0.00000000
195.89998855	0.00000000	-9.48572700	0.00000000
196.09998853	0.00000000	-9.48572700	0.00000000
