Time	Channel A	Channel B	Channel C
(us)	(V)	(mV)	(mV)

-4.59999956	0.00000000	-97.65624000	-30.79478000
-4.39999957	0.00000000	-97.98843000	-30.83169000
-4.19999958	0.00000000	-98.03149000	-30.79478000
-3.99999959	0.00000000	-98.03149000	-31.20078000
-3.79999960	0.00000000	-98.07455000	-31.53297000
-3.59999962	0.00000000	-98.40673000	-31.53297000
-3.39999963	0.00000000	-98.77583000	-31.15772000
-3.19999964	0.00000000	-98.40673000	-30.41954000
-2.99999965	0.00000000	-98.07455000	-30.09350000
-2.79999966	0.00000000	-98.03149000	-30.41954000
-2.59999968	0.00000000	-98.03149000	-31.15772000
-2.39999969	0.00000000	-98.03149000	-31.53297000
-2.19999970	0.00000000	-98.03149000	-31.53297000
-1.99999971	0.00000000	-98.03149000	-31.20078000
-1.79999972	0.00000000	-98.03149000	-30.83784000
-1.59999973	0.00000000	-98.03149000	-31.20078000
-1.39999975	0.00000000	-98.03149000	-31.53297000
-1.19999976	0.00000000	-98.03149000	-31.57603000
-0.99999977	0.00000000	-98.03149000	-31.57603000
-0.79999978	0.00000000	-98.03149000	-31.53297000
-0.59999979	0.00000000	-98.03149000	-31.20078000
-0.39999981	0.15871060	-98.03149000	-30.83784000
-0.19999982	0.47736220	-98.03149000	-31.20078000
0.00000017	0.79601380	-98.03149000	-31.53297000
0.20000016	0.95533960	-98.03149000	-31.57603000
0.40000015	0.95533960	-98.03149000	-31.57603000
0.60000013	0.63668800	-98.03149000	-31.57603000
0.80000012	-0.15871060	-98.03149000	-31.57603000
1.00000011	-1.11466500	-98.03149000	-31.57603000
1.20000010	-2.07062000	-98.03149000	-31.53297000
1.40000009	-2.70792300	-97.98843000	-31.20078000
1.60000008	-2.70792300	-97.65624000	-30.83784000
1.80000006	-1.91129400	-97.28715000	-31.20078000
2.00000005	-0.31803640	-97.65624000	-31.53297000
2.20000004	1.75196900	-97.98843000	-31.57603000
2.40000003	3.82258900	-98.03149000	-31.57603000
2.60000002	5.09719500	-98.03149000	-31.57603000
2.80000000	5.25652100	-98.03149000	-31.57603000
2.99999999	3.98191400	-98.03149000	-31.57603000
3.19999998	1.27399100	-98.03149000	-31.57603000
3.39999997	-2.07062000	-98.03149000	-31.57603000
3.59999996	-5.41584600	-98.03149000	-31.57603000
3.79999994	-7.48646600	-98.03149000	-31.57603000
3.99999993	-7.96444400	-97.98843000	-31.53297000
4.19999992	-6.37180100	-97.65624000	-31.15772000
4.39999991	-2.86724900	-97.28715000	-30.46260000
4.59999990	1.59264300	-97.65624000	-30.46260000
4.79999989	5.73449800	-97.98843000	-31.15772000
4.99999987	8.60174700	-98.03149000	-31.53297000
5.19999986	9.39837600	-98.03149000	-31.57603000
5.39999985	7.80511800	-98.03149000	-31.57603000
5.59999984	4.30056600	-98.03149000	-31.57603000
5.79999983	-0.31803640	-98.03149000	-31.57603000
5.99999981	-4.93786900	-98.03149000	-31.57603000
6.19999980	-8.28309500	-98.03149000	-31.53297000
6.39999979	-9.39837600	-98.03149000	-31.15772000
6.59999978	-8.28309500	-98.03149000	-30.41954000
6.79999977	-5.09719500	-98.03149000	-30.04429000
6.99999975	-0.95533960	-98.03149000	-30.00123000
7.19999974	3.34522600	-98.03149000	-30.04429000
7.39999973	6.53112700	-98.03149000	-30.41954000
7.59999972	7.80511800	-98.03149000	-31.15772000
7.79999971	7.00848900	-98.03149000	-31.53297000
7.99999970	4.77854300	-98.03149000	-31.57603000
8.19999968	1.43331700	-98.03149000	-31.57603000
8.39999967	-1.75196900	-98.03149000	-31.57603000
8.59999966	-4.14124000	-98.03149000	-31.53297000
8.79999965	-5.09719500	-98.03149000	-31.15772000
8.99999964	-4.93786900	-98.03149000	-30.41954000
9.19999962	-3.50393700	-98.03149000	-30.04429000
9.39999961	-1.43331700	-98.03149000	-30.00123000
9.59999960	0.47736220	-98.03149000	-30.00123000
9.79999959	1.75196900	-98.03149000	-30.00123000
9.99999958	2.54859700	-97.98843000	-30.00123000
10.19999956	2.38927200	-97.65624000	-30.00123000
10.39999955	1.75196900	-97.24409000	-30.04429000
10.59999954	0.95533960	-97.28100000	-30.37647000
10.79999953	0.00000000	-97.24409000	-30.73942000
10.99999952	-0.63668800	-97.61318000	-30.41954000
11.19999951	-0.95533960	-97.61318000	-30.41954000
11.39999949	-0.95533960	-97.28715000	-30.78248000
11.59999948	-0.79601380	-97.65624000	-30.74557000
11.79999947	-0.47736220	-97.98843000	-30.78248000
11.99999946	-0.15871060	-97.98843000	-30.37647000
12.19999945	-0.15871060	-97.65624000	-30.04429000
12.39999943	-0.15871060	-97.24409000	-30.00123000
12.59999942	0.00000000	-97.28100000	-30.00123000
12.79999941	0.00000000	-97.24409000	-30.00123000
12.99999940	0.00000000	-97.65624000	-30.04429000
13.19999939	0.00000000	-97.93922000	-30.37647000
13.39999937	0.00000000	-97.65624000	-30.78248000
13.59999936	0.00000000	-97.28715000	-30.79478000
13.79999935	0.00000000	-97.65624000	-31.15772000
13.99999934	-0.15871060	-97.98843000	-31.15772000
14.19999933	-0.15871060	-98.03149000	-30.83784000
14.39999932	-0.15871060	-98.03149000	-31.20078000
14.59999930	-0.15871060	-98.03149000	-31.53297000
14.79999929	0.00000000	-98.03149000	-31.57603000
14.99999928	0.00000000	-98.03149000	-31.57603000
15.19999927	0.00000000	-98.03149000	-31.53297000
15.39999926	0.00000000	-98.03149000	-31.20078000
15.59999924	0.00000000	-98.03149000	-30.79478000
15.79999923	0.00000000	-98.03149000	-30.83169000
15.99999922	0.00000000	-98.03149000	-30.79478000
16.19999921	0.00000000	-98.03149000	-31.20078000
16.39999920	-0.15871060	-97.98843000	-31.53297000
16.59999919	-0.15871060	-97.61318000	-31.57603000
16.79999917	-0.15871060	-96.86884000	-31.57603000
16.99999916	-0.15871060	-96.49360000	-31.57603000
17.19999915	0.00000000	-96.40748000	-31.57603000
17.39999914	0.00000000	-96.03223000	-31.57603000
17.59999913	0.00000000	-95.33710000	-31.57603000
17.79999911	0.00000000	-95.38016000	-31.57603000
17.99999910	0.00000000	-96.49360000	-31.57603000
18.19999909	0.00000000	-98.03149000	-31.57603000
18.39999908	0.00000000	-99.61245000	-31.57603000
18.59999907	0.00000000	-101.15030000	-31.57603000
18.79999905	0.00000000	-102.26990000	-31.57603000
18.99999904	0.00000000	-102.26990000	-31.57603000
19.19999903	0.00000000	-101.10730000	-31.57603000
19.39999902	0.00000000	-99.10187000	-31.57603000
19.59999901	0.00000000	-95.98302000	-31.57603000
19.79999900	0.00000000	-92.12598000	-31.57603000
19.99999898	0.00000000	-88.68110000	-31.57603000
20.19999897	0.00000000	-86.35580000	-31.57603000
20.39999896	0.00000000	-86.07283000	-31.57603000
20.59999895	0.00000000	-88.44733000	-31.57603000
20.79999894	0.00000000	-93.89148000	-31.57603000
20.99999892	0.00000000	-101.24260000	-31.57603000
21.19999891	0.00000000	-108.96900000	-31.57603000
21.39999890	0.00000000	-115.47740000	-31.57603000
21.59999889	0.00000000	-118.51010000	-31.57603000
21.79999888	0.00000000	-116.92910000	-31.57603000
21.99999886	0.00000000	-110.64840000	-31.57603000
22.19999885	0.00000000	-100.17840000	-31.57603000
22.39999884	0.00000000	-87.43233000	-31.57603000
22.59999883	0.00000000	-75.46751000	-31.57603000
22.79999882	0.00000000	-67.04601000	-31.53297000
22.99999881	0.00000000	-64.85605000	-31.15772000
23.19999879	0.00000000	-70.67544000	-30.41954000
23.39999878	0.00000000	-83.46456000	-30.00123000
23.59999877	0.00000000	-100.49830000	-29.58292000
23.79999876	0.00000000	-118.63930000	-28.83858000
23.99999875	0.00000000	-133.21240000	-28.51255000
24.19999873	0.00000000	-140.14520000	-28.88779000
24.39999872	0.00000000	-137.40160000	-30.04429000
24.59999871	0.00000000	-125.35060000	-31.57603000
24.79999870	0.00000000	-105.99160000	-33.15699000
24.99999869	0.00000000	-83.24310000	-34.68873000
25.19999867	0.00000000	-62.81372000	-35.85138000
25.39999866	0.00000000	-49.69242000	-36.17741000
25.59999865	0.00000000	-47.04109000	-35.38385000
25.79999864	0.00000000	-55.97318000	-33.02165000
25.99999863	0.00000000	-74.86466000	-29.58292000
26.19999862	0.00000000	-99.19414000	-25.68282000
26.39999860	0.00000000	-123.16070000	-22.23794000
26.59999859	0.00000000	-141.67690000	-19.91880000
26.79999858	0.00000000	-150.14760000	-19.59276000
26.99999857	0.00000000	-146.33360000	-21.59203000
27.19999856	0.00000000	-131.63140000	-26.27953000
27.39999854	0.00000000	-109.24580000	-33.24926000
27.59999853	0.00000000	-84.17199000	-40.92027000
27.79999852	0.00000000	-62.94906000	-47.46555000
27.99999851	0.00000000	-50.06767000	-50.90428000
28.19999850	0.00000000	-47.73622000	-50.44291000
28.39999848	0.00000000	-55.88090000	-45.37402000
28.59999847	0.00000000	-73.19143000	-36.09129000
28.79999846	0.00000000	-95.14641000	-24.84621000
28.99999845	0.00000000	-115.71730000	-13.31816000
29.19999844	0.00000000	-131.63140000	-4.49680100
29.39999843	0.00000000	-139.72070000	-1.42101400
29.59999841	0.00000000	-137.86290000	-4.16461600
29.79999840	0.00000000	-127.52830000	-13.12746000
29.99999839	0.00000000	-111.66340000	-27.01772000
30.19999838	0.00000000	-93.89148000	-42.45201000
30.39999837	0.00000000	-77.97736000	-56.34227000
30.59999835	0.00000000	-67.08907000	-65.16978000
30.79999834	0.00000000	-62.76451000	-66.75073000
30.99999833	0.00000000	-65.46505000	-60.90059000
31.19999832	0.00000000	-74.35408000	-48.49286000
31.39999831	0.00000000	-87.47539000	-31.48991000
31.59999829	0.00000000	-101.75930000	-13.78568000
31.79999828	0.00000000	-113.81030000	0.52288380
31.99999827	0.00000000	-121.57970000	8.23695900
32.19999826	0.00000000	-123.94810000	7.86171200
32.39999825	0.00000000	-120.46010000	-0.63976370
32.59999824	0.00000000	-112.40770000	-15.27436000
32.79999822	0.00000000	-101.57480000	-32.69562000
32.99999821	0.00000000	-90.77263000	-49.37254000
33.19999820	0.00000000	-82.21579000	-62.47539000
33.39999819	0.00000000	-77.55905000	-69.02682000
33.59999818	0.00000000	-77.51599000	-67.12598000
33.79999816	0.00000000	-81.74828000	-57.87401000
33.99999815	0.00000000	-89.05634000	-43.19635000
34.19999814	0.00000000	-97.57012000	-26.23647000
34.39999813	0.00000000	-105.29650000	-11.13435000
34.59999812	0.00000000	-110.69140000	-0.63976370
34.79999810	0.00000000	-112.22930000	3.58636800
34.99999809	0.00000000	-109.62110000	0.47982280
35.19999808	0.00000000	-104.22610000	-9.55339400
35.39999807	0.00000000	-97.70545000	-24.15108000
35.59999806	0.00000000	-91.52312000	-39.53002000
35.79999805	0.00000000	-87.65378000	-51.56250000
35.99999803	0.00000000	-86.44807000	-58.16314000
36.19999802	0.00000000	-88.02903000	-58.52608000
36.39999801	0.00000000	-92.21825000	-51.98080000
36.59999800	0.00000000	-97.61318000	-40.54502000
36.79999799	0.00000000	-102.60210000	-27.81127000
36.99999797	0.00000000	-106.04080000	-17.02756000
37.19999796	0.00000000	-106.41610000	-10.43922000
37.39999795	0.00000000	-103.80780000	-9.68872900
37.59999794	0.00000000	-99.56938000	-14.62229000
37.79999793	0.00000000	-94.91264000	-23.81890000
37.99999791	0.00000000	-90.68036000	-34.14124000
38.19999790	0.00000000	-87.93675000	-42.59350000
38.39999789	0.00000000	-87.19242000	-46.86885000
38.59999788	0.00000000	-88.36121000	-46.08144000
38.79999787	0.00000000	-91.84300000	-40.72957000
38.99999786	0.00000000	-96.40748000	-31.85900000
39.19999784	0.00000000	-100.68900000	-22.37328000
39.39999783	0.00000000	-103.85090000	-15.12672000
39.59999782	0.00000000	-105.76400000	-13.21973000
39.79999781	0.00000000	-106.17620000	-16.98450000
39.99999780	0.00000000	-104.60140000	-24.65551000
40.19999778	0.00000000	-101.89470000	-34.27042000
40.39999777	0.00000000	-97.94537000	-43.06102000
40.59999776	0.00000000	-93.38090000	-48.44980000
40.79999775	0.00000000	-89.51771000	-48.82505000
40.99999774	0.00000000	-87.51845000	-44.21752000
41.19999772	0.00000000	-87.10014000	-35.75910000
41.39999771	0.00000000	-87.93675000	-25.81816000
41.59999770	0.00000000	-90.68036000	-17.35974000
41.79999769	0.00000000	-94.86958000	-12.70915000
41.99999768	0.00000000	-99.10187000	-12.66609000
42.19999767	0.00000000	-102.26990000	-16.89222000
42.39999765	0.00000000	-104.22610000	-24.19414000
42.59999764	0.00000000	-105.01350000	-32.64640000
42.79999763	0.00000000	-104.18310000	-39.99138000
42.99999762	0.00000000	-101.93770000	-44.63582000
43.19999761	0.00000000	-98.82504000	-45.79847000
43.39999759	0.00000000	-96.07529000	-43.10408000
43.59999758	0.00000000	-93.38090000	-37.38312000
43.79999757	0.00000000	-91.47391000	-30.51181000
43.99999756	0.00000000	-91.42470000	-24.70472000
44.19999755	0.00000000	-92.08292000	-21.16757000
44.39999753	0.00000000	-92.91338000	-19.96801000
44.59999752	0.00000000	-93.66387000	-21.12451000
44.79999751	0.00000000	-94.45127000	-24.15108000
44.99999750	0.00000000	-94.82652000	-28.00197000
45.19999749	0.00000000	-94.91264000	-31.48991000
45.39999748	0.00000000	-95.38016000	-34.22736000
45.59999746	0.00000000	-96.96111000	-35.75910000
45.79999745	0.00000000	-99.66166000	-35.80217000
45.99999744	0.00000000	-102.68820000	-34.64567000
46.19999743	0.00000000	-105.01350000	-32.73868000
46.39999742	0.00000000	-105.76400000	-30.41954000
46.59999740	0.00000000	-104.97050000	-28.46333000
46.79999739	0.00000000	-102.17770000	-26.93159000
46.99999738	0.00000000	-97.52091000	-26.19340000
47.19999737	0.00000000	-91.70767000	-26.93159000
47.39999736	0.00000000	-85.98056000	-28.46333000
47.59999734	0.00000000	-82.12352000	-30.41954000
47.79999733	0.00000000	-81.37302000	-32.73868000
47.99999732	0.00000000	-83.75368000	-34.64567000
48.19999731	0.00000000	-89.60999000	-35.80217000
48.39999730	0.00000000	-98.03149000	-35.80217000
48.59999729	0.00000000	-106.50220000	-34.64567000
48.79999727	0.00000000	-112.69070000	-32.69562000
48.99999726	0.00000000	-115.39120000	-30.00123000
49.19999725	0.00000000	-113.81030000	-27.30684000
49.39999724	0.00000000	-107.99090000	-25.35064000
49.59999723	0.00000000	-99.15108000	-24.23720000
49.79999721	0.00000000	-89.51771000	-24.65551000
49.99999720	0.00000000	-81.84055000	-26.97465000
50.19999719	0.00000000	-77.93430000	-30.41954000
50.39999718	0.00000000	-78.72169000	-34.27042000
50.59999717	0.00000000	-83.70448000	-37.34006000
50.79999715	0.00000000	-91.84300000	-38.92101000
50.99999714	0.00000000	-101.06420000	-38.87795000
51.19999713	0.00000000	-109.11050000	-36.92175000
51.39999712	0.00000000	-113.34280000	-33.06471000
51.59999711	0.00000000	-112.64760000	-28.51255000
51.79999710	0.00000000	-108.04010000	-24.61245000
51.99999708	0.00000000	-100.73200000	-22.28100000
52.19999707	0.00000000	-92.63656000	-21.54281000
52.39999706	0.00000000	-86.11589000	-23.07455000
52.59999705	0.00000000	-82.63410000	-26.51329000
52.79999704	0.00000000	-83.42150000	-30.32726000
52.99999702	0.00000000	-87.98597000	-33.85211000
53.19999701	0.00000000	-94.86958000	-36.13435000
53.39999700	0.00000000	-101.80240000	-36.96481000
53.59999699	0.00000000	-106.79130000	-36.17741000
53.79999698	0.00000000	-108.73520000	-34.27042000
53.99999696	0.00000000	-106.83440000	-31.57603000
54.19999695	0.00000000	-102.26990000	-28.88164000
54.39999694	0.00000000	-96.45053000	-26.97465000
54.59999693	0.00000000	-90.68036000	-26.19340000
54.79999692	0.00000000	-86.49113000	-26.97465000
54.99999691	0.00000000	-85.33464000	-28.83858000
55.19999689	0.00000000	-87.61073000	-31.11466000
55.39999688	0.00000000	-92.17519000	-32.60334000
55.59999687	0.00000000	-97.57012000	-32.64640000
55.79999686	0.00000000	-102.22690000	-31.48991000
55.99999685	0.00000000	-105.29650000	-29.58292000
56.19999683	0.00000000	-106.04080000	-27.30684000
56.39999682	0.00000000	-103.75860000	-25.81816000
56.59999681	0.00000000	-99.56938000	-25.86122000
56.79999680	0.00000000	-94.96185000	-27.76821000
56.99999679	0.00000000	-91.05560000	-31.20078000
57.19999677	0.00000000	-88.77337000	-34.64567000
57.39999676	0.00000000	-88.36121000	-37.34006000
57.59999675	0.00000000	-90.26205000	-38.45349000
57.79999674	0.00000000	-93.28863000	-37.25394000
57.99999673	0.00000000	-96.45053000	-33.80905000
58.19999672	0.00000000	-99.52632000	-28.79552000
58.39999670	0.00000000	-101.80240000	-23.81890000
58.59999669	0.00000000	-102.22690000	-19.96186000
58.79999668	0.00000000	-101.10730000	-18.47318000
58.99999667	0.00000000	-99.19414000	-20.01107000
59.19999666	0.00000000	-96.86884000	-24.28026000
59.39999664	0.00000000	-94.96185000	-30.46260000
59.59999663	0.00000000	-93.75615000	-37.34006000
59.79999662	0.00000000	-93.38090000	-42.68578000
59.99999661	0.00000000	-93.75615000	-44.63582000
60.19999660	0.00000000	-94.86958000	-43.10408000
60.39999658	0.00000000	-96.03223000	-38.45349000
60.59999657	0.00000000	-96.82578000	-31.53297000
60.79999656	0.00000000	-97.52091000	-24.19414000
60.99999655	0.00000000	-97.14566000	-18.05487000
61.19999654	0.00000000	-95.70620000	-14.62229000
61.39999653	0.00000000	-94.96185000	-15.36048000
61.59999651	0.00000000	-94.86958000	-19.59276000
61.79999650	0.00000000	-94.91264000	-26.19340000
61.99999649	0.00000000	-95.33710000	-34.27042000
62.19999648	0.00000000	-96.45053000	-41.56618000
62.39999647	0.00000000	-97.61318000	-46.16756000
62.59999645	0.00000000	-98.40673000	-46.95497000
62.79999644	0.00000000	-99.14492000	-43.52239000
62.99999643	0.00000000	-99.10187000	-37.38312000
63.19999642	0.00000000	-97.93922000	-30.00123000
63.39999641	0.00000000	-96.07529000	-22.69931000
63.59999639	0.00000000	-94.17445000	-17.31053000
63.79999638	0.00000000	-93.38090000	-15.36048000
63.99999637	0.00000000	-93.28863000	-16.89222000
64.19999636	0.00000000	-93.38090000	-21.49975000
64.39999635	0.00000000	-94.17445000	-28.04503000
64.59999634	0.00000000	-96.07529000	-34.60261000
64.79999632	0.00000000	-97.93922000	-40.03444000
64.99999631	0.00000000	-99.14492000	-43.14714000
65.19999630	0.00000000	-99.52017000	-43.56545000
65.39999629	0.00000000	-99.14492000	-41.65846000
65.59999628	0.00000000	-97.98843000	-37.75836000
65.79999626	0.00000000	-96.45053000	-32.78174000
65.99999625	0.00000000	-94.91264000	-27.72515000
66.19999624	0.00000000	-93.79920000	-23.86196000
66.39999623	0.00000000	-93.79920000	-21.45669000
66.59999622	0.00000000	-94.91264000	-20.70620000
66.79999620	0.00000000	-96.45053000	-21.45669000
66.99999619	0.00000000	-97.98843000	-23.72662000
67.19999618	0.00000000	-99.10187000	-26.46407000
67.39999617	0.00000000	-99.05880000	-29.21383000
67.59999616	0.00000000	-97.56396000	-32.36343000
67.79999615	0.00000000	-95.24483000	-35.06397000
67.99999613	0.00000000	-92.95644000	-37.43233000
68.19999612	0.00000000	-91.01255000	-38.92101000
68.39999611	0.00000000	-90.30511000	-38.96407000
68.59999610	0.00000000	-91.05560000	-37.75836000
68.79999609	0.00000000	-93.42396000	-35.38385000
68.99999607	0.00000000	-96.86884000	-31.48376000
69.19999606	0.00000000	-100.73200000	-26.88238000
69.39999605	0.00000000	-103.80780000	-22.65625000
69.59999604	0.00000000	-105.29650000	-19.91880000
69.79999603	0.00000000	-104.50290000	-19.12524000
69.99999601	0.00000000	-101.02120000	-19.96186000
70.19999600	0.00000000	-96.03223000	-23.07455000
70.39999599	0.00000000	-90.63730000	-28.04503000
70.59999598	0.00000000	-86.35580000	-33.06471000
70.79999597	0.00000000	-84.07357000	-37.38312000
70.99999596	0.00000000	-84.07972000	-40.40969000
71.19999594	0.00000000	-87.19242000	-41.19709000
71.39999593	0.00000000	-92.17519000	-39.24704000
71.59999592	0.00000000	-98.03149000	-35.43307000
71.79999591	0.00000000	-103.80780000	-30.41954000
71.99999590	0.00000000	-107.99700000	-25.81816000
72.19999588	0.00000000	-109.20280000	-22.70546000
72.39999587	0.00000000	-107.29580000	-21.49975000
72.59999586	0.00000000	-103.43260000	-22.23794000
72.79999585	0.00000000	-97.94537000	-24.14493000
72.99999584	0.00000000	-91.84300000	-26.88853000
73.19999582	0.00000000	-86.82333000	-29.95201000
73.39999581	0.00000000	-84.49187000	-32.60334000
73.59999580	0.00000000	-84.82406000	-33.76599000
73.79999579	0.00000000	-87.51845000	-33.06471000
73.99999578	0.00000000	-91.75073000	-31.62524000
74.19999577	0.00000000	-96.40748000	-30.41954000
74.39999575	0.00000000	-100.68900000	-29.66904000
74.59999574	0.00000000	-103.76480000	-29.25689000
74.79999573	0.00000000	-104.92120000	-29.71826000
74.99999572	0.00000000	-103.76480000	-30.79478000
75.19999571	0.00000000	-100.73200000	-32.32037000
75.39999569	0.00000000	-96.91805000	-32.97859000
75.59999568	0.00000000	-93.75615000	-32.22810000
75.79999567	0.00000000	-91.42470000	-29.95201000
75.99999566	0.00000000	-89.89295000	-27.25763000
76.19999565	0.00000000	-90.26205000	-24.93233000
76.39999563	0.00000000	-91.70767000	-23.03149000
76.59999562	0.00000000	-93.28863000	-22.69931000
76.79999561	0.00000000	-94.82652000	-24.23720000
76.99999560	0.00000000	-95.98302000	-27.39296000
77.19999559	0.00000000	-96.40748000	-31.99434000
77.39999558	0.00000000	-96.45053000	-36.92175000
77.59999556	0.00000000	-96.45053000	-39.99138000
77.79999555	0.00000000	-96.49360000	-40.45890000
77.99999554	0.00000000	-96.86884000	-38.87795000
78.19999553	0.00000000	-97.61318000	-35.38385000
78.39999552	0.00000000	-97.98843000	-30.37647000
78.59999550	0.00000000	-98.03149000	-25.35679000
78.79999549	0.00000000	-97.98843000	-21.08145000
78.99999548	0.00000000	-97.52091000	-18.43012000
79.19999547	0.00000000	-95.98302000	-18.43012000
79.39999546	0.00000000	-93.70693000	-21.12451000
79.59999544	0.00000000	-91.79995000	-25.72589000
79.79999543	0.00000000	-90.63730000	-31.11466000
79.99999542	0.00000000	-90.63730000	-35.75910000
80.19999541	0.00000000	-91.79995000	-38.92101000
80.39999540	0.00000000	-93.75615000	-40.45890000
80.59999539	0.00000000	-96.45053000	-40.03444000
80.79999537	0.00000000	-99.10187000	-37.38312000
80.99999536	0.00000000	-100.68900000	-33.53223000
81.19999535	0.00000000	-101.06420000	-29.66904000
81.39999534	0.00000000	-100.27070000	-26.14419000
81.59999533	0.00000000	-97.94537000	-23.81890000
81.79999531	0.00000000	-94.91264000	-22.57013000
81.99999530	0.00000000	-92.21825000	-22.23794000
82.19999529	0.00000000	-90.63730000	-23.03149000
82.39999528	0.00000000	-90.26205000	-25.35064000
82.59999527	0.00000000	-91.01255000	-28.42027000
82.79999525	0.00000000	-92.91338000	-31.53297000
82.99999524	0.00000000	-94.82652000	-34.27042000
83.19999523	0.00000000	-96.40748000	-36.22662000
83.39999522	0.00000000	-97.61318000	-37.42618000
83.59999521	0.00000000	-98.31447000	-37.75836000
83.79999520	0.00000000	-98.35137000	-36.96481000
83.99999518	0.00000000	-97.20103000	-34.60261000
84.19999517	0.00000000	-96.11835000	-31.15772000
84.39999516	0.00000000	-95.28789000	-27.25763000
84.59999515	0.00000000	-94.91264000	-23.81890000
84.79999514	0.00000000	-94.86958000	-21.49975000
84.99999512	0.00000000	-94.86958000	-21.08145000
85.19999511	0.00000000	-94.86958000	-22.23794000
85.39999510	0.00000000	-94.82652000	-24.61245000
85.59999509	0.00000000	-94.45127000	-28.46333000
85.79999508	0.00000000	-93.70693000	-32.68946000
85.99999506	0.00000000	-93.38090000	-36.22662000
86.19999505	0.00000000	-93.70693000	-38.87795000
86.39999504	0.00000000	-94.49434000	-39.57308000
86.59999503	0.00000000	-95.28789000	-37.29700000
86.79999502	0.00000000	-96.49360000	-33.11393000
86.99999501	0.00000000	-97.93922000	-28.46333000
87.19999499	0.00000000	-98.72662000	-24.19414000
87.39999498	0.00000000	-98.36368000	-21.08145000
87.59999497	0.00000000	-97.61318000	-19.59276000
87.79999496	0.00000000	-96.40748000	-20.38632000
87.99999495	0.00000000	-94.86958000	-23.86196000
88.19999493	0.00000000	-93.33169000	-28.83858000
88.39999492	0.00000000	-92.21825000	-34.18430000
88.59999491	0.00000000	-92.17519000	-38.03519000
88.79999490	0.00000000	-92.95644000	-39.24704000
88.99999489	0.00000000	-94.12524000	-38.45349000
89.19999487	0.00000000	-96.03223000	-35.34079000
89.39999486	0.00000000	-97.56396000	-30.41954000
89.59999485	0.00000000	-98.36368000	-25.77510000
89.79999484	0.00000000	-98.72662000	-22.28100000
89.99999483	0.00000000	-97.93922000	-20.38632000
90.19999482	0.00000000	-96.49360000	-21.21678000
90.39999480	0.00000000	-95.28789000	-24.61245000
90.59999479	0.00000000	-94.49434000	-29.58292000
90.79999478	0.00000000	-93.70693000	-34.22736000
90.99999477	0.00000000	-93.38090000	-37.67224000
91.19999476	0.00000000	-93.70693000	-39.19783000
91.39999474	0.00000000	-94.45127000	-37.67224000
91.59999473	0.00000000	-94.82652000	-34.22736000
91.79999472	0.00000000	-94.86958000	-29.62598000
91.99999471	0.00000000	-94.86958000	-24.98770000
92.19999470	0.00000000	-94.86958000	-21.95497000
92.39999468	0.00000000	-94.86958000	-20.80462000
92.59999467	0.00000000	-94.86958000	-22.69931000
92.79999466	0.00000000	-94.96185000	-26.51329000
92.99999465	0.00000000	-95.70620000	-30.79478000
93.19999464	0.00000000	-97.19488000	-35.38385000
93.39999463	0.00000000	-97.93922000	-38.36737000
93.59999461	0.00000000	-97.98843000	-38.45349000
93.79999460	0.00000000	-97.56396000	-36.17741000
93.99999459	0.00000000	-96.40748000	-32.68946000
94.19999458	0.00000000	-94.82652000	-28.42027000
94.39999457	0.00000000	-92.91338000	-24.28026000
94.59999455	0.00000000	-91.01255000	-21.96112000
94.79999454	0.00000000	-90.26205000	-22.33022000
94.99999453	0.00000000	-90.59423000	-24.61245000
95.19999452	0.00000000	-91.79995000	-28.46333000
95.39999451	0.00000000	-93.75615000	-32.64640000
95.59999449	0.00000000	-96.49360000	-35.71604000
95.79999448	0.00000000	-99.52632000	-36.92175000
95.99999447	0.00000000	-101.85160000	-36.13435000
96.19999446	0.00000000	-102.60210000	-33.85211000
96.39999445	0.00000000	-101.80240000	-30.41954000
96.59999444	0.00000000	-99.10187000	-27.34990000
96.79999442	0.00000000	-95.28789000	-25.39985000
96.99999441	0.00000000	-91.75073000	-24.61245000
97.19999440	0.00000000	-88.68110000	-25.35064000
97.39999439	0.00000000	-86.73105000	-26.88853000
97.59999438	0.00000000	-86.76796000	-28.83858000
97.79999436	0.00000000	-88.26894000	-31.11466000
97.99999435	0.00000000	-91.42470000	-32.64640000
98.19999434	0.00000000	-95.24483000	-33.06471000
98.39999433	0.00000000	-99.15108000	-32.68946000
98.59999432	0.00000000	-102.22690000	-31.57603000
98.79999430	0.00000000	-103.76480000	-30.41954000
98.99999429	0.00000000	-103.38950000	-29.62598000
99.19999428	0.00000000	-101.06420000	-28.88779000
99.39999427	0.00000000	-97.61318000	-28.83858000
99.59999426	0.00000000	-93.70693000	-29.16461000
99.79999425	0.00000000	-90.26205000	-28.79552000
99.99999423	0.00000000	-87.89370000	-28.42027000
100.19999422	0.00000000	-87.14320000	-28.00197000
100.39999421	0.00000000	-87.89370000	-27.25763000
100.59999420	0.00000000	-90.21899000	-26.93159000
100.79999419	0.00000000	-93.28863000	-27.30684000
100.99999417	0.00000000	-96.40748000	-28.46333000
101.19999416	0.00000000	-99.10187000	-30.00123000
101.39999415	0.00000000	-100.68900000	-31.57603000
101.59999414	0.00000000	-101.10730000	-33.11393000
101.79999413	0.00000000	-100.73200000	-34.22736000
101.99999411	0.00000000	-99.52632000	-34.18430000
102.19999410	0.00000000	-97.56396000	-32.64640000
102.39999409	0.00000000	-94.86958000	-30.00123000
102.59999408	0.00000000	-92.21825000	-27.25763000
102.79999407	0.00000000	-90.63730000	-24.93233000
102.99999406	0.00000000	-90.21899000	-23.03149000
103.19999404	0.00000000	-90.59423000	-22.69931000
103.39999403	0.00000000	-91.75073000	-24.19414000
103.59999402	0.00000000	-93.33169000	-26.88853000
103.79999401	0.00000000	-95.28789000	-30.00123000
103.99999400	0.00000000	-97.56396000	-33.06471000
104.19999398	0.00000000	-99.05880000	-35.34079000
104.39999397	0.00000000	-99.10187000	-35.71604000
104.59999396	0.00000000	-97.98843000	-34.22736000
104.79999395	0.00000000	-96.45053000	-31.53297000
104.99999394	0.00000000	-94.91264000	-28.46333000
105.19999392	0.00000000	-93.70693000	-25.77510000
105.39999391	0.00000000	-92.91338000	-24.23720000
105.59999390	0.00000000	-92.17519000	-24.19414000
105.79999389	0.00000000	-92.21825000	-25.35064000
105.99999388	0.00000000	-93.33169000	-27.25763000
106.19999387	0.00000000	-94.82652000	-29.58292000
106.39999385	0.00000000	-95.98302000	-31.48991000
106.59999384	0.00000000	-96.40748000	-32.68946000
106.79999383	0.00000000	-96.40748000	-33.06471000
106.99999382	0.00000000	-96.03223000	-32.64640000
107.19999381	0.00000000	-95.24483000	-31.11466000
107.39999379	0.00000000	-94.49434000	-28.88164000
107.59999378	0.00000000	-93.70693000	-27.34990000
107.79999377	0.00000000	-93.38090000	-26.88238000
107.99999376	0.00000000	-93.70693000	-26.93159000
108.19999375	0.00000000	-94.49434000	-27.72515000
108.39999374	0.00000000	-95.24483000	-29.62598000
108.59999372	0.00000000	-96.07529000	-31.48991000
108.79999371	0.00000000	-96.78272000	-32.68946000
108.99999370	0.00000000	-97.19488000	-33.06471000
109.19999369	0.00000000	-96.78272000	-32.64640000
109.39999368	0.00000000	-96.03223000	-31.11466000
109.59999366	0.00000000	-94.86958000	-28.88164000
109.79999365	0.00000000	-93.70693000	-27.34990000
109.99999364	0.00000000	-92.95644000	-26.88238000
110.19999363	0.00000000	-92.54428000	-26.88238000
110.39999362	0.00000000	-92.95644000	-27.30684000
110.59999360	0.00000000	-93.70693000	-28.46333000
110.79999359	0.00000000	-94.86958000	-30.00123000
110.99999358	0.00000000	-95.98302000	-31.53297000
111.19999357	0.00000000	-96.40748000	-32.68946000
111.39999356	0.00000000	-96.45053000	-33.06471000
111.59999355	0.00000000	-96.40748000	-32.68946000
111.79999353	0.00000000	-96.03223000	-31.57603000
111.99999352	0.00000000	-95.24483000	-30.41954000
112.19999351	0.00000000	-94.49434000	-29.62598000
112.39999350	0.00000000	-93.70693000	-28.83858000
112.59999349	0.00000000	-93.33169000	-28.46333000
112.79999347	0.00000000	-93.33169000	-28.42027000
112.99999346	0.00000000	-93.70693000	-28.46333000
113.19999345	0.00000000	-94.45127000	-28.83858000
113.39999344	0.00000000	-94.82652000	-29.58292000
113.59999343	0.00000000	-94.86958000	-29.95817000
113.79999341	0.00000000	-94.86958000	-30.00123000
113.99999340	0.00000000	-94.86958000	-30.00123000
114.19999339	0.00000000	-94.86958000	-30.00123000
114.39999338	0.00000000	-94.82652000	-30.00123000
114.59999337	0.00000000	-94.49434000	-30.04429000
114.79999336	0.00000000	-94.12524000	-30.41954000
114.99999334	0.00000000	-94.49434000	-31.11466000
115.19999333	0.00000000	-94.82652000	-31.11466000
115.39999332	0.00000000	-94.86958000	-30.41954000
115.59999331	0.00000000	-94.86958000	-30.00123000
115.79999330	0.00000000	-94.82652000	-29.53371000
115.99999328	0.00000000	-94.49434000	-28.42027000
116.19999327	0.00000000	-94.12524000	-27.30684000
116.39999326	0.00000000	-94.49434000	-26.88238000
116.59999325	0.00000000	-94.82652000	-26.88238000
116.79999324	0.00000000	-94.86958000	-27.25763000
116.99999322	0.00000000	-94.86958000	-28.04503000
117.19999321	0.00000000	-94.82652000	-28.79552000
117.39999320	0.00000000	-94.45127000	-29.62598000
117.59999319	0.00000000	-93.70693000	-30.37647000
117.79999318	0.00000000	-93.33169000	-31.15772000
117.99999317	0.00000000	-93.28863000	-31.53297000
118.19999315	0.00000000	-93.28863000	-31.53297000
118.39999314	0.00000000	-93.33169000	-31.11466000
118.59999313	0.00000000	-93.75615000	-30.00123000
118.79999312	0.00000000	-94.86958000	-28.83858000
118.99999311	0.00000000	-95.98302000	-28.04503000
119.19999309	0.00000000	-96.40748000	-27.25763000
119.39999308	0.00000000	-96.45053000	-26.88238000
119.59999307	0.00000000	-96.40748000	-26.88238000
119.79999306	0.00000000	-95.98302000	-27.25763000
119.99999305	0.00000000	-94.82652000	-28.00197000
120.19999303	0.00000000	-93.28863000	-28.42027000
120.39999302	0.00000000	-91.79995000	-28.83858000
120.59999301	0.00000000	-91.01255000	-29.58292000
120.79999300	0.00000000	-91.33242000	-29.95817000
120.99999299	0.00000000	-91.70767000	-30.00123000
121.19999298	0.00000000	-92.17519000	-30.00123000
121.39999296	0.00000000	-93.33169000	-30.00123000
121.59999295	0.00000000	-94.86958000	-30.00123000
121.79999294	0.00000000	-96.40748000	-29.95817000
121.99999293	0.00000000	-97.52091000	-29.58292000
122.19999292	0.00000000	-97.56396000	-28.83858000
122.39999290	0.00000000	-96.82578000	-28.46333000
122.59999289	0.00000000	-96.03223000	-28.42027000
122.79999288	0.00000000	-94.86958000	-28.42027000
122.99999287	0.00000000	-93.70693000	-28.42027000
123.19999286	0.00000000	-92.91338000	-28.42027000
123.39999284	0.00000000	-92.12598000	-28.46333000
123.59999283	0.00000000	-91.75073000	-28.83858000
123.79999282	0.00000000	-91.75073000	-29.58292000
123.99999281	0.00000000	-92.12598000	-29.95817000
124.19999280	0.00000000	-92.91338000	-30.00123000
124.39999279	0.00000000	-93.66387000	-30.00123000
124.59999277	0.00000000	-94.53739000	-30.00123000
124.79999276	0.00000000	-95.62007000	-30.00123000
124.99999275	0.00000000	-96.77042000	-29.95817000
125.19999274	0.00000000	-96.78272000	-29.58292000
125.39999273	0.00000000	-96.45053000	-28.83858000
125.59999271	0.00000000	-96.03223000	-28.46333000
125.79999270	0.00000000	-95.24483000	-28.42027000
125.99999269	0.00000000	-94.45127000	-28.42027000
126.19999268	0.00000000	-93.28863000	-28.42027000
126.39999267	0.00000000	-92.17519000	-28.42027000
126.59999265	0.00000000	-91.75073000	-28.46333000
126.79999264	0.00000000	-91.75073000	-28.83858000
126.99999263	0.00000000	-92.17519000	-29.58292000
127.19999262	0.00000000	-93.33169000	-29.95817000
127.39999261	0.00000000	-94.82652000	-30.00123000
127.59999260	0.00000000	-95.98302000	-30.00123000
127.79999258	0.00000000	-96.40748000	-30.00123000
127.99999257	0.00000000	-96.40748000	-29.95817000
128.19999256	0.00000000	-96.03223000	-29.58292000
128.39999255	0.00000000	-95.24483000	-28.83858000
128.59999254	0.00000000	-94.45127000	-28.46333000
128.79999252	0.00000000	-93.28863000	-28.42027000
128.99999251	0.00000000	-92.17519000	-28.42027000
129.19999250	0.00000000	-91.79995000	-28.46333000
129.39999249	0.00000000	-92.12598000	-28.83858000
129.59999248	0.00000000	-92.91338000	-29.58292000
129.79999246	0.00000000	-93.70693000	-29.95817000
129.99999245	0.00000000	-94.86958000	-30.00123000
130.19999244	0.00000000	-95.98302000	-29.95817000
130.39999243	0.00000000	-96.35826000	-29.58292000
130.59999242	0.00000000	-96.03223000	-28.83858000
130.79999241	0.00000000	-95.24483000	-28.46333000
130.99999239	0.00000000	-94.49434000	-28.42027000
131.19999238	0.00000000	-93.66387000	-28.42027000
131.39999237	0.00000000	-92.95644000	-28.42027000
131.59999236	0.00000000	-92.54428000	-28.46333000
131.79999235	0.00000000	-92.91338000	-28.83858000
131.99999233	0.00000000	-93.28863000	-29.58292000
132.19999232	0.00000000	-93.70693000	-29.95817000
132.39999231	0.00000000	-94.45127000	-30.00123000
132.59999230	0.00000000	-94.82652000	-29.95817000
132.79999229	0.00000000	-94.86958000	-29.58292000
132.99999227	0.00000000	-94.86958000	-28.83858000
133.19999226	0.00000000	-94.82652000	-28.42027000
133.39999225	0.00000000	-94.45127000	-28.00197000
133.59999224	0.00000000	-93.70693000	-27.25763000
133.79999223	0.00000000	-93.38090000	-26.93159000
133.99999222	0.00000000	-93.70693000	-27.25763000
134.19999220	0.00000000	-94.40206000	-28.04503000
134.39999219	0.00000000	-94.40206000	-28.79552000
134.59999218	0.00000000	-93.70693000	-29.62598000
134.79999217	0.00000000	-93.33169000	-30.32726000
134.99999216	0.00000000	-93.28863000	-30.73942000
135.19999214	0.00000000	-93.28863000	-30.37647000
135.39999213	0.00000000	-93.28863000	-30.00123000
135.59999212	0.00000000	-93.28863000	-29.58292000
135.79999211	0.00000000	-93.28863000	-28.83858000
135.99999210	0.00000000	-93.33169000	-28.42027000
136.19999208	0.00000000	-93.70693000	-28.00197000
136.39999207	0.00000000	-94.45127000	-27.30684000
136.59999206	0.00000000	-94.82652000	-27.30684000
136.79999205	0.00000000	-94.86958000	-28.00197000
136.99999204	0.00000000	-94.82652000	-28.37721000
137.19999203	0.00000000	-94.45127000	-28.46333000
137.39999201	0.00000000	-93.66387000	-28.83858000
137.59999200	0.00000000	-92.91338000	-29.58292000
137.79999199	0.00000000	-92.12598000	-29.95817000
137.99999198	0.00000000	-91.79995000	-30.00123000
138.19999197	0.00000000	-92.17519000	-30.00123000
138.39999195	0.00000000	-93.28863000	-30.00123000
138.59999194	0.00000000	-94.40206000	-30.00123000
138.79999193	0.00000000	-94.86958000	-29.95817000
138.99999192	0.00000000	-95.24483000	-29.58292000
139.19999191	0.00000000	-95.61392000	-28.79552000
139.39999189	0.00000000	-95.20176000	-28.04503000
139.59999188	0.00000000	-94.49434000	-27.30684000
139.79999187	0.00000000	-93.70693000	-27.30684000
139.99999186	0.00000000	-93.33169000	-28.04503000
140.19999185	0.00000000	-93.28863000	-28.79552000
140.39999184	0.00000000	-93.28863000	-29.58292000
140.59999182	0.00000000	-93.28863000	-30.00123000
140.79999181	0.00000000	-93.33169000	-30.41954000
140.99999180	0.00000000	-93.70693000	-31.11466000
141.19999179	0.00000000	-94.45127000	-31.11466000
141.39999178	0.00000000	-94.82652000	-30.37647000
141.59999176	0.00000000	-94.82652000	-29.62598000
141.79999175	0.00000000	-94.45127000	-28.79552000
141.99999174	0.00000000	-93.70693000	-28.04503000
142.19999173	0.00000000	-93.33169000	-27.25763000
142.39999172	0.00000000	-93.28863000	-26.93159000
142.59999170	0.00000000	-93.28863000	-27.25763000
142.79999169	0.00000000	-93.28863000	-28.04503000
142.99999168	0.00000000	-93.33169000	-28.79552000
143.19999167	0.00000000	-93.70693000	-29.62598000
143.39999166	0.00000000	-94.45127000	-30.37647000
143.59999165	0.00000000	-94.82652000	-31.11466000
143.79999163	0.00000000	-94.82652000	-31.11466000
143.99999162	0.00000000	-94.45127000	-30.41954000
144.19999161	0.00000000	-93.70693000	-30.00123000
144.39999160	0.00000000	-93.33169000	-29.58292000
144.59999159	0.00000000	-93.28863000	-28.83858000
144.79999157	0.00000000	-93.28863000	-28.46333000
144.99999156	0.00000000	-93.28863000	-28.42027000
145.19999155	0.00000000	-93.28863000	-28.42027000
145.39999154	0.00000000	-93.33169000	-28.42027000
145.59999153	0.00000000	-93.70693000	-28.46333000
145.79999151	0.00000000	-94.45127000	-28.83858000
145.99999150	0.00000000	-94.82652000	-29.58292000
146.19999149	0.00000000	-94.82652000	-29.95817000
146.39999148	0.00000000	-94.45127000	-30.00123000
146.59999147	0.00000000	-93.70693000	-30.00123000
146.79999146	0.00000000	-93.33169000	-29.95817000
146.99999144	0.00000000	-93.28863000	-29.58292000
147.19999143	0.00000000	-93.28863000	-28.79552000
147.39999142	0.00000000	-93.28863000	-28.08809000
147.59999141	0.00000000	-93.24557000	-27.67593000
147.79999140	0.00000000	-92.95644000	-28.04503000
147.99999138	0.00000000	-92.91953000	-28.37721000
148.19999137	0.00000000	-93.70078000	-28.42027000
148.39999136	0.00000000	-93.99606000	-28.42027000
148.59999135	0.00000000	-94.07603000	-28.42027000
148.79999134	0.00000000	-93.66387000	-28.46333000
148.99999132	0.00000000	-93.33169000	-28.83858000
149.19999131	0.00000000	-93.28863000	-29.58292000
149.39999130	0.00000000	-93.28863000	-29.90895000
149.59999129	0.00000000	-93.24557000	-29.58292000
149.79999128	0.00000000	-92.91338000	-28.83858000
149.99999127	0.00000000	-92.54428000	-28.46333000
150.19999125	0.00000000	-92.91338000	-28.37721000
150.39999124	0.00000000	-93.24557000	-28.04503000
150.59999123	0.00000000	-93.28863000	-27.67593000
150.79999122	0.00000000	-93.28863000	-28.04503000
150.99999121	0.00000000	-93.28863000	-28.37721000
151.19999119	0.00000000	-93.28863000	-28.42027000
151.39999118	0.00000000	-93.28863000	-28.42027000
151.59999117	0.00000000	-93.28863000	-28.42027000
151.79999116	0.00000000	-93.28863000	-28.42027000
151.99999115	0.00000000	-93.28863000	-28.46333000
152.19999113	0.00000000	-93.28863000	-28.79552000
152.39999112	0.00000000	-93.24557000	-29.16461000
152.59999111	0.00000000	-92.87032000	-28.79552000
152.79999110	0.00000000	-92.12598000	-28.46333000
152.99999109	0.00000000	-91.79995000	-28.42027000
153.19999108	0.00000000	-92.12598000	-28.42027000
153.39999106	0.00000000	-92.87032000	-28.42027000
153.59999105	0.00000000	-93.24557000	-28.42027000
153.79999104	0.00000000	-93.33169000	-28.42027000
153.99999103	0.00000000	-93.70693000	-28.42027000
154.19999102	0.00000000	-94.45127000	-28.42027000
154.39999100	0.00000000	-94.82652000	-28.42027000
154.59999099	0.00000000	-94.82652000	-28.46333000
154.79999098	0.00000000	-94.45127000	-28.83858000
154.99999097	0.00000000	-93.70693000	-29.58292000
155.19999096	0.00000000	-93.28863000	-29.95817000
155.39999094	0.00000000	-92.87032000	-30.00123000
155.59999093	0.00000000	-92.12598000	-30.00123000
155.79999092	0.00000000	-91.79995000	-30.00123000
155.99999091	0.00000000	-92.12598000	-29.95817000
156.19999090	0.00000000	-92.87032000	-29.58292000
156.39999089	0.00000000	-93.24557000	-28.83858000
156.59999087	0.00000000	-93.28863000	-28.46333000
156.79999086	0.00000000	-93.33169000	-28.37721000
156.99999085	0.00000000	-93.70693000	-28.04503000
157.19999084	0.00000000	-94.40206000	-27.67593000
157.39999083	0.00000000	-94.40206000	-28.04503000
157.59999081	0.00000000	-93.70693000	-28.37721000
157.79999080	0.00000000	-93.33169000	-28.46333000
157.99999079	0.00000000	-93.24557000	-28.83858000
158.19999078	0.00000000	-92.87032000	-29.58292000
158.39999077	0.00000000	-92.12598000	-29.95817000
158.59999075	0.00000000	-91.79995000	-30.00123000
158.79999074	0.00000000	-92.12598000	-30.00123000
158.99999073	0.00000000	-92.87032000	-29.95817000
159.19999072	0.00000000	-93.24557000	-29.58292000
159.39999071	0.00000000	-93.28863000	-28.83858000
159.59999070	0.00000000	-93.28863000	-28.46333000
159.79999068	0.00000000	-93.28863000	-28.42027000
159.99999067	0.00000000	-93.33169000	-28.42027000
160.19999066	0.00000000	-93.66387000	-28.42027000
160.39999065	0.00000000	-94.03297000	-28.42027000
160.59999064	0.00000000	-93.66387000	-28.42027000
160.79999062	0.00000000	-93.33169000	-28.46333000
160.99999061	0.00000000	-93.28863000	-28.83858000
161.19999060	0.00000000	-93.28863000	-29.58292000
161.39999059	0.00000000	-93.28863000	-29.90895000
161.59999058	0.00000000	-93.28863000	-29.58292000
161.79999056	0.00000000	-93.24557000	-28.83858000
161.99999055	0.00000000	-92.91338000	-28.46333000
162.19999054	0.00000000	-92.54428000	-28.42027000
162.39999053	0.00000000	-92.91338000	-28.42027000
162.59999052	0.00000000	-93.24557000	-28.42027000
162.79999051	0.00000000	-93.28863000	-28.42027000
162.99999049	0.00000000	-93.28863000	-28.42027000
163.19999048	0.00000000	-93.28863000	-28.42027000
163.39999047	0.00000000	-93.33169000	-28.42027000
163.59999046	0.00000000	-93.66387000	-28.42027000
163.79999045	0.00000000	-94.03297000	-28.42027000
163.99999043	0.00000000	-93.66387000	-28.42027000
164.19999042	0.00000000	-93.33169000	-28.42027000
164.39999041	0.00000000	-93.24557000	-28.42027000
164.59999040	0.00000000	-92.87032000	-28.42027000
164.79999039	0.00000000	-92.12598000	-28.42027000
164.99999037	0.00000000	-91.75073000	-28.42027000
165.19999036	0.00000000	-91.70767000	-28.42027000
165.39999035	0.00000000	-91.75073000	-28.42027000
165.59999034	0.00000000	-92.12598000	-28.42027000
165.79999033	0.00000000	-92.87032000	-28.42027000
165.99999032	0.00000000	-93.24557000	-28.42027000
166.19999030	0.00000000	-93.28863000	-28.42027000
166.39999029	0.00000000	-93.33169000	-28.42027000
166.59999028	0.00000000	-93.66387000	-28.42027000
166.79999027	0.00000000	-94.03297000	-28.42027000
166.99999026	0.00000000	-93.66387000	-28.42027000
167.19999024	0.00000000	-93.33169000	-28.42027000
167.39999023	0.00000000	-93.24557000	-28.42027000
167.59999022	0.00000000	-92.91338000	-28.42027000
167.79999021	0.00000000	-92.50123000	-28.42027000
167.99999020	0.00000000	-92.49507000	-28.42027000
168.19999018	0.00000000	-92.08292000	-28.42027000
168.39999017	0.00000000	-91.79995000	-28.42027000
168.59999016	0.00000000	-92.12598000	-28.42027000
168.79999015	0.00000000	-92.87032000	-28.42027000
168.99999014	0.00000000	-93.24557000	-28.42027000
169.19999013	0.00000000	-93.28863000	-28.42027000
169.39999011	0.00000000	-93.28863000	-28.42027000
169.59999010	0.00000000	-93.28863000	-28.42027000
169.79999009	0.00000000	-93.28863000	-28.42027000
169.99999008	0.00000000	-93.28863000	-28.42027000
170.19999007	0.00000000	-93.28863000	-28.42027000
170.39999005	0.00000000	-93.28863000	-28.42027000
170.59999004	0.00000000	-93.28863000	-28.42027000
170.79999003	0.00000000	-93.28863000	-28.42027000
170.99999002	0.00000000	-93.28863000	-28.42027000
171.19999001	0.00000000	-93.28863000	-28.42027000
171.39998999	0.00000000	-93.28863000	-28.42027000
171.59998998	0.00000000	-93.28863000	-28.42027000
171.79998997	0.00000000	-93.28863000	-28.42027000
171.99998996	0.00000000	-93.28863000	-28.42027000
172.19998995	0.00000000	-93.28863000	-28.42027000
172.39998994	0.00000000	-93.28863000	-28.42027000
172.59998992	0.00000000	-93.28863000	-28.42027000
172.79998991	0.00000000	-93.28863000	-28.42027000
172.99998990	0.00000000	-93.28863000	-28.42027000
173.19998989	0.00000000	-93.28863000	-28.42027000
173.39998988	0.00000000	-93.28863000	-28.42027000
173.59998986	0.00000000	-93.28863000	-28.42027000
173.79998985	0.00000000	-93.28863000	-28.42027000
173.99998984	0.00000000	-93.28863000	-28.42027000
174.19998983	0.00000000	-93.28863000	-28.42027000
174.39998982	0.00000000	-93.24557000	-28.42027000
174.59998980	0.00000000	-92.91338000	-28.42027000
174.79998979	0.00000000	-92.54428000	-28.42027000
174.99998978	0.00000000	-92.91338000	-28.42027000
175.19998977	0.00000000	-93.19635000	-28.42027000
175.39998976	0.00000000	-92.91338000	-28.42027000
175.59998975	0.00000000	-92.54428000	-28.42027000
175.79998973	0.00000000	-92.91338000	-28.42027000
175.99998972	0.00000000	-93.24557000	-28.42027000
176.19998971	0.00000000	-93.24557000	-28.42027000
176.39998970	0.00000000	-92.87032000	-28.42027000
176.59998969	0.00000000	-92.17519000	-28.42027000
176.79998967	0.00000000	-92.17519000	-28.42027000
176.99998966	0.00000000	-92.87032000	-28.42027000
177.19998965	0.00000000	-93.19635000	-28.42027000
177.39998964	0.00000000	-92.87032000	-28.42027000
177.59998963	0.00000000	-92.17519000	-28.42027000
177.79998961	0.00000000	-92.17519000	-28.42027000
177.99998960	0.00000000	-92.87032000	-28.42027000
178.19998959	0.00000000	-93.24557000	-28.42027000
178.39998958	0.00000000	-93.24557000	-28.42027000
178.59998957	0.00000000	-92.87032000	-28.42027000
178.79998956	0.00000000	-92.12598000	-28.42027000
178.99998954	0.00000000	-91.75073000	-28.42027000
179.19998953	0.00000000	-91.70767000	-28.42027000
179.39998952	0.00000000	-91.70767000	-28.42027000
179.59998951	0.00000000	-91.75073000	-28.46333000
179.79998950	0.00000000	-92.08292000	-28.79552000
179.99998948	0.00000000	-92.45201000	-29.16461000
180.19998947	0.00000000	-92.12598000	-28.79552000
180.39998946	0.00000000	-92.17519000	-28.46333000
180.59998945	0.00000000	-92.82111000	-28.42027000
180.79998944	0.00000000	-92.87032000	-28.42027000
180.99998942	0.00000000	-92.54428000	-28.42027000
181.19998941	0.00000000	-92.87032000	-28.42027000
181.39998940	0.00000000	-92.87032000	-28.42027000
181.59998939	0.00000000	-92.54428000	-28.42027000
181.79998938	0.00000000	-92.87032000	-28.42027000
181.99998937	0.00000000	-92.82111000	-28.42027000
182.19998935	0.00000000	-92.12598000	-28.42027000
182.39998934	0.00000000	-91.75073000	-28.42027000
182.59998933	0.00000000	-91.70767000	-28.42027000
182.79998932	0.00000000	-91.70767000	-28.42027000
182.99998931	0.00000000	-91.70767000	-28.42027000
183.19998929	0.00000000	-91.70767000	-28.42027000
183.39998928	0.00000000	-91.70767000	-28.42027000
183.59998927	0.00000000	-91.75073000	-28.42027000
183.79998926	0.00000000	-92.12598000	-28.42027000
183.99998925	0.00000000	-92.87032000	-28.42027000
184.19998923	0.00000000	-93.24557000	-28.37721000
184.39998922	0.00000000	-93.28863000	-28.00197000
184.59998921	0.00000000	-93.28863000	-27.30684000
184.79998920	0.00000000	-93.24557000	-27.30684000
184.99998919	0.00000000	-92.87032000	-27.95275000
185.19998918	0.00000000	-92.12598000	-28.00197000
185.39998916	0.00000000	-91.75073000	-27.67593000
185.59998915	0.00000000	-91.70767000	-28.04503000
185.79998914	0.00000000	-91.70767000	-28.37721000
185.99998913	0.00000000	-91.70767000	-28.46333000
186.19998912	0.00000000	-91.70767000	-28.83858000
186.39998910	0.00000000	-91.70767000	-29.53371000
186.59998909	0.00000000	-91.70767000	-29.53371000
186.79998908	0.00000000	-91.75073000	-28.83858000
186.99998907	0.00000000	-92.12598000	-28.46333000
187.19998906	0.00000000	-92.87032000	-28.42027000
187.39998904	0.00000000	-93.24557000	-28.37721000
187.59998903	0.00000000	-93.28863000	-28.00197000
187.79998902	0.00000000	-93.28863000	-27.30684000
187.99998901	0.00000000	-93.24557000	-27.30684000
188.19998900	0.00000000	-92.87032000	-28.00197000
188.39998899	0.00000000	-92.12598000	-28.37721000
188.59998897	0.00000000	-91.79995000	-28.46333000
188.79998896	0.00000000	-92.08292000	-28.83858000
188.99998895	0.00000000	-92.45201000	-29.58292000
189.19998894	0.00000000	-92.08292000	-29.90895000
189.39998893	0.00000000	-91.75073000	-29.58292000
189.59998891	0.00000000	-91.75073000	-28.83858000
189.79998890	0.00000000	-92.12598000	-28.46333000
189.99998889	0.00000000	-92.87032000	-28.42027000
190.19998888	0.00000000	-93.24557000	-28.42027000
190.39998887	0.00000000	-93.28863000	-28.42027000
190.59998885	0.00000000	-93.24557000	-28.42027000
190.79998884	0.00000000	-92.87032000	-28.42027000
190.99998883	0.00000000	-92.17519000	-28.42027000
191.19998882	0.00000000	-92.12598000	-28.42027000
191.39998881	0.00000000	-92.45201000	-28.42027000
191.59998880	0.00000000	-92.08292000	-28.42027000
191.79998878	0.00000000	-91.75073000	-28.42027000
191.99998877	0.00000000	-91.70767000	-28.42027000
192.19998876	0.00000000	-91.70767000	-28.42027000
192.39998875	0.00000000	-91.70767000	-28.42027000
192.59998874	0.00000000	-91.70767000	-28.42027000
192.79998872	0.00000000	-91.75073000	-28.42027000
192.99998871	0.00000000	-92.12598000	-28.42027000
193.19998870	0.00000000	-92.82111000	-28.42027000
193.39998869	0.00000000	-92.87032000	-28.42027000
193.59998868	0.00000000	-92.50123000	-28.42027000
193.79998866	0.00000000	-92.49507000	-28.37721000
193.99998865	0.00000000	-92.08292000	-28.00197000
194.19998864	0.00000000	-91.75073000	-27.30684000
194.39998863	0.00000000	-91.70767000	-27.25763000
194.59998862	0.00000000	-91.70767000	-27.62672000
194.79998861	0.00000000	-91.70767000	-27.63287000
194.99998859	0.00000000	-91.70767000	-28.04503000
195.19998858	0.00000000	-91.70767000	-28.37721000
195.39998857	0.00000000	-91.70767000	-28.42027000
195.59998856	0.00000000	-91.70767000	-28.42027000
195.79998855	0.00000000	-91.70767000	-28.42027000
195.99998853	0.00000000	-91.70767000	-28.42027000
