Time	Channel A	Channel B	Channel C
(us)	(V)	(mV)	(mV)

-4.59999956	0.00000000	-101.19960000	-39.05635000
-4.39999957	0.00000000	-101.19960000	-39.43159000
-4.19999958	0.00000000	-101.19960000	-39.43159000
-3.99999959	0.00000000	-101.19960000	-39.09941000
-3.79999960	0.00000000	-101.19960000	-38.73031000
-3.59999962	0.00000000	-101.19960000	-39.09941000
-3.39999963	0.00000000	-101.19960000	-39.43159000
-3.19999964	0.00000000	-101.19960000	-39.47465000
-2.99999965	0.00000000	-101.19960000	-39.47465000
-2.79999966	0.00000000	-101.19960000	-39.47465000
-2.59999968	0.00000000	-101.19960000	-39.47465000
-2.39999969	0.00000000	-101.19960000	-39.47465000
-2.19999970	0.00000000	-101.19960000	-39.47465000
-1.99999971	0.00000000	-101.19960000	-39.47465000
-1.79999972	0.00000000	-101.19960000	-39.47465000
-1.59999973	0.00000000	-101.19960000	-39.47465000
-1.39999975	0.00000000	-101.19960000	-39.51771000
-1.19999976	0.00000000	-101.19960000	-39.84990000
-0.99999977	0.00000000	-101.19960000	-40.21899000
-0.79999978	0.00000000	-101.19960000	-39.84990000
-0.59999979	0.00000000	-101.19960000	-39.51771000
-0.39999981	0.15871060	-101.19960000	-39.47465000
-0.19999982	0.47736220	-101.24260000	-39.47465000
0.00000017	0.79601380	-101.57480000	-39.47465000
0.20000016	0.95533960	-101.98700000	-39.47465000
0.40000015	0.95533960	-101.99310000	-39.51771000
0.60000013	0.63668800	-102.40530000	-39.89296000
0.80000012	0.00000000	-102.73740000	-40.63730000
1.00000011	-0.95533960	-102.78050000	-41.01255000
1.20000010	-1.91129400	-102.78050000	-41.05561000
1.40000009	-2.70792300	-102.78050000	-41.01255000
1.60000008	-2.70792300	-102.78050000	-40.68036000
1.80000006	-2.07062000	-102.78050000	-40.26821000
2.00000005	-0.47736220	-102.78050000	-40.26205000
2.20000004	1.59264300	-102.78050000	-39.89296000
2.40000003	3.66326300	-102.78050000	-39.94217000
2.60000002	5.09719500	-102.78050000	-40.63730000
2.80000000	5.25652100	-102.78050000	-41.01255000
2.99999999	4.14124000	-102.78050000	-41.05561000
3.19999998	1.59264300	-102.78050000	-41.05561000
3.39999997	-1.75196900	-102.78050000	-41.05561000
3.59999996	-4.93786900	-102.78050000	-41.01255000
3.79999994	-7.32714100	-102.73740000	-40.63730000
3.99999993	-7.96444400	-102.36220000	-39.89296000
4.19999992	-6.53112700	-101.66710000	-39.51771000
4.39999991	-3.34522600	-101.61790000	-39.47465000
4.59999990	0.95533960	-101.98700000	-39.47465000
4.79999989	5.25652100	-101.99310000	-39.47465000
4.99999987	8.44242100	-102.40530000	-39.47465000
5.19999986	9.55770200	-102.73740000	-39.51771000
5.39999985	8.12377000	-102.78050000	-39.89296000
5.59999984	4.77854300	-102.78050000	-40.63730000
5.79999983	0.15871060	-102.78050000	-40.96333000
5.99999981	-4.61921700	-102.73740000	-40.63730000
6.19999980	-8.12377000	-102.36220000	-39.89296000
6.39999979	-9.39837600	-101.61790000	-39.51771000
6.59999978	-8.60174700	-101.29180000	-39.47465000
6.79999977	-5.57517200	-101.57480000	-39.43159000
6.99999975	-1.27399100	-101.98700000	-39.09941000
7.19999974	3.02657500	-101.95000000	-38.73031000
7.39999973	6.21247500	-102.03000000	-39.09941000
7.59999972	7.80511800	-101.95000000	-39.43159000
7.79999971	7.16781500	-102.03000000	-39.47465000
7.99999970	4.93786900	-101.99310000	-39.47465000
8.19999968	1.91129400	-102.40530000	-39.47465000
8.39999967	-1.27399100	-102.68820000	-39.47465000
8.59999966	-3.82258900	-102.40530000	-39.47465000
8.79999965	-5.09719500	-101.99310000	-39.47465000
8.99999964	-4.93786900	-101.98700000	-39.43159000
9.19999962	-3.66326300	-101.61790000	-39.09941000
9.39999961	-1.75196900	-101.61790000	-38.73031000
9.59999960	0.15871060	-101.94390000	-39.09941000
9.79999959	1.75196900	-101.61790000	-39.43159000
9.99999958	2.54859700	-101.61790000	-39.47465000
10.19999956	2.54859700	-101.98700000	-39.47465000
10.39999955	1.91129400	-101.95000000	-39.47465000
10.59999954	0.95533960	-102.03000000	-39.47465000
10.79999953	0.15871060	-101.95000000	-39.47465000
10.99999952	-0.47736220	-101.98700000	-39.47465000
11.19999951	-0.95533960	-101.61790000	-39.47465000
11.39999949	-0.95533960	-101.61790000	-39.47465000
11.59999948	-0.79601380	-101.98700000	-39.47465000
11.79999947	-0.63668800	-101.99310000	-39.47465000
11.99999946	-0.15871060	-102.36220000	-39.47465000
12.19999945	-0.15871060	-102.36220000	-39.47465000
12.39999943	0.00000000	-102.03620000	-39.47465000
12.59999942	0.00000000	-102.36220000	-39.47465000
12.79999941	0.00000000	-102.31300000	-39.47465000
12.99999940	0.00000000	-101.66710000	-39.47465000
13.19999939	0.15871060	-101.66710000	-39.47465000
13.39999937	0.00000000	-102.36220000	-39.47465000
13.59999936	0.00000000	-102.73740000	-39.47465000
13.79999935	0.00000000	-102.78050000	-39.47465000
13.99999934	0.00000000	-102.78050000	-39.51771000
14.19999933	-0.15871060	-102.78050000	-39.84990000
14.39999932	-0.15871060	-102.78050000	-40.21899000
14.59999930	-0.15871060	-102.78050000	-39.84990000
14.79999929	0.00000000	-102.78050000	-39.51771000
14.99999928	0.00000000	-102.78050000	-39.47465000
15.19999927	0.00000000	-102.78050000	-39.47465000
15.39999926	0.00000000	-102.78050000	-39.47465000
15.59999924	0.00000000	-102.78050000	-39.47465000
15.79999923	0.00000000	-102.78050000	-39.47465000
15.99999922	0.00000000	-102.78050000	-39.47465000
16.19999921	0.00000000	-102.78050000	-39.47465000
16.39999920	0.00000000	-102.73740000	-39.47465000
16.59999919	-0.15871060	-102.36220000	-39.47465000
16.79999917	0.00000000	-101.61790000	-39.47465000
16.99999916	0.00000000	-101.24260000	-39.47465000
17.19999915	0.00000000	-101.15650000	-39.47465000
17.39999914	0.00000000	-100.82430000	-39.47465000
17.59999913	0.00000000	-100.45520000	-39.47465000
17.79999911	0.00000000	-100.86740000	-39.51771000
17.99999910	0.00000000	-101.61790000	-39.84990000
18.19999909	0.00000000	-102.82360000	-40.21899000
18.39999908	0.00000000	-104.36150000	-39.84990000
18.59999907	0.00000000	-105.89940000	-39.51771000
18.79999905	0.00000000	-107.05590000	-39.47465000
18.99999904	0.00000000	-107.43110000	-39.47465000
19.19999903	0.00000000	-107.01280000	-39.47465000
19.39999902	0.00000000	-105.38880000	-39.47465000
19.59999901	0.00000000	-102.26990000	-39.47465000
19.79999900	0.00000000	-98.03149000	-39.47465000
19.99999898	0.00000000	-93.84227000	-39.47465000
20.19999897	0.00000000	-91.14788000	-39.47465000
20.39999896	0.00000000	-90.77263000	-39.47465000
20.59999895	0.00000000	-92.77190000	-39.47465000
20.79999894	0.00000000	-97.47169000	-39.47465000
20.99999892	0.00000000	-104.44760000	-39.47465000
21.19999891	0.00000000	-112.17400000	-39.47465000
21.39999890	0.00000000	-119.06370000	-39.47465000
21.59999889	0.00000000	-122.87770000	-39.47465000
21.79999888	0.00000000	-122.09030000	-39.47465000
21.99999886	0.00000000	-116.97220000	-39.47465000
22.19999885	0.00000000	-107.62180000	-39.47465000
22.39999884	0.00000000	-95.24483000	-39.47465000
22.59999883	0.00000000	-82.95399000	-39.47465000
22.79999882	0.00000000	-73.75123000	-39.47465000
22.99999881	0.00000000	-70.71850000	-39.47465000
23.19999879	0.00000000	-75.00000000	-39.43159000
23.39999878	0.00000000	-85.93134000	-39.00713000
23.59999877	0.00000000	-102.17150000	-37.93676000
23.79999876	0.00000000	-120.31250000	-37.19857000
23.99999875	0.00000000	-135.67910000	-37.51845000
24.19999873	0.00000000	-144.51280000	-37.85064000
24.39999872	0.00000000	-143.68230000	-37.98597000
24.59999871	0.00000000	-133.21240000	-38.77953000
24.79999870	0.00000000	-114.97290000	-40.68036000
24.99999869	0.00000000	-92.26131000	-42.54429000
25.19999867	0.00000000	-71.05068000	-43.74385000
25.39999866	0.00000000	-56.71136000	-44.11909000
25.59999865	0.00000000	-51.73474000	-43.70079000
25.79999864	0.00000000	-58.01550000	-42.07677000
25.99999863	0.00000000	-75.00000000	-39.00713000
26.19999862	0.00000000	-98.54208000	-35.15625000
26.39999860	0.00000000	-123.25290000	-31.66830000
26.59999859	0.00000000	-143.35010000	-28.97392000
26.79999858	0.00000000	-154.14610000	-27.86048000
26.99999857	0.00000000	-153.35260000	-29.10925000
27.19999856	0.00000000	-140.60650000	-33.01550000
27.39999854	0.00000000	-119.06370000	-39.60999000
27.59999853	0.00000000	-94.35285000	-47.28100000
27.79999852	0.00000000	-72.29945000	-54.24458000
27.99999851	0.00000000	-57.55413000	-58.85212000
28.19999850	0.00000000	-52.89739000	-59.96555000
28.39999848	0.00000000	-59.04281000	-56.76057000
28.59999847	0.00000000	-74.48942000	-49.00344000
28.79999846	0.00000000	-95.33710000	-37.80758000
28.99999845	0.00000000	-116.97220000	-25.86122000
29.19999844	0.00000000	-134.37500000	-15.82800000
29.39999843	0.00000000	-143.72540000	-10.10704000
29.59999841	0.00000000	-143.81770000	-10.57456000
29.79999840	0.00000000	-135.34690000	-17.95645000
29.99999839	0.00000000	-120.68770000	-31.05930000
30.19999838	0.00000000	-103.29110000	-46.90575000
30.39999837	0.00000000	-87.00172000	-61.95866000
30.59999835	0.00000000	-74.95078000	-73.16068000
30.79999834	0.00000000	-69.13755000	-77.71899000
30.99999833	0.00000000	-70.63238000	-74.23105000
31.19999832	0.00000000	-78.67863000	-63.03519000
31.39999831	0.00000000	-90.68036000	-46.81348000
31.59999829	0.00000000	-104.26920000	-28.97392000
31.79999828	0.00000000	-117.01530000	-12.80143000
31.99999827	0.00000000	-125.90430000	-2.03002000
32.19999826	0.00000000	-129.10920000	0.29527560
32.39999825	0.00000000	-126.83320000	-5.83784400
32.59999824	0.00000000	-120.22020000	-18.98376000
32.79999822	0.00000000	-110.17470000	-36.40502000
32.99999821	0.00000000	-99.00959000	-54.57677000
33.19999820	0.00000000	-89.70226000	-69.99876000
33.39999819	0.00000000	-83.88287000	-78.87549000
33.59999818	0.00000000	-82.67715000	-79.34301000
33.79999816	0.00000000	-86.11589000	-71.99802000
33.99999815	0.00000000	-92.68577000	-58.42765000
34.19999814	0.00000000	-101.19960000	-41.09867000
34.39999813	0.00000000	-109.62110000	-24.09572000
34.59999812	0.00000000	-115.43430000	-11.31275000
34.79999810	0.00000000	-117.43360000	-4.71825800
34.99999809	0.00000000	-115.90180000	-5.92396600
35.19999808	0.00000000	-111.29430000	-14.70842000
35.39999807	0.00000000	-104.77980000	-28.59867000
35.59999806	0.00000000	-98.58513000	-43.98376000
35.79999805	0.00000000	-93.93454000	-57.54798000
35.99999803	0.00000000	-91.65846000	-66.05560000
36.19999802	0.00000000	-92.81496000	-68.42396000
36.39999801	0.00000000	-96.96111000	-64.14861000
36.59999800	0.00000000	-102.36220000	-54.20152000
36.79999799	0.00000000	-107.38800000	-41.51698000
36.99999797	0.00000000	-111.24510000	-29.57677000
37.19999796	0.00000000	-112.73990000	-21.06914000
37.39999795	0.00000000	-111.24510000	-17.99951000
37.59999794	0.00000000	-107.48030000	-21.06914000
37.79999793	0.00000000	-103.19880000	-29.44143000
37.99999791	0.00000000	-99.23720000	-40.16978000
38.19999790	0.00000000	-95.42323000	-49.74778000
38.39999789	0.00000000	-93.19020000	-55.92396000
38.59999788	0.00000000	-93.93454000	-56.66830000
38.79999787	0.00000000	-96.96111000	-52.10999000
38.99999786	0.00000000	-101.19960000	-43.65773000
39.19999784	0.00000000	-105.47490000	-33.75369000
39.39999783	0.00000000	-108.96900000	-25.71973000
39.59999782	0.00000000	-111.33730000	-22.27485000
39.79999781	0.00000000	-112.08780000	-24.13878000
39.99999780	0.00000000	-111.29430000	-30.69020000
40.19999778	0.00000000	-108.59370000	-39.89296000
40.39999777	0.00000000	-104.73670000	-49.46481000
40.59999776	0.00000000	-100.82430000	-56.34227000
40.79999775	0.00000000	-96.96111000	-58.29847000
40.99999774	0.00000000	-94.26057000	-55.22883000
41.19999772	0.00000000	-93.42396000	-47.88385000
41.39999771	0.00000000	-93.84227000	-37.93676000
41.59999770	0.00000000	-95.79847000	-28.32185000
41.79999769	0.00000000	-99.23720000	-21.77042000
41.99999768	0.00000000	-102.73130000	-19.49434000
42.19999767	0.00000000	-105.89940000	-22.51476000
42.39999765	0.00000000	-108.55070000	-29.76132000
42.59999764	0.00000000	-109.75640000	-38.22588000
42.79999763	0.00000000	-109.38730000	-46.39517000
42.99999762	0.00000000	-108.21850000	-52.48523000
43.19999761	0.00000000	-105.89940000	-54.85359000
43.39999759	0.00000000	-103.24800000	-52.95275000
43.59999758	0.00000000	-101.24260000	-48.01919000
43.79999757	0.00000000	-99.70472000	-41.47392000
43.99999756	0.00000000	-98.91731000	-35.33464000
44.19999755	0.00000000	-99.23720000	-31.01624000
44.39999753	0.00000000	-99.56938000	-29.06619000
44.59999752	0.00000000	-99.61245000	-29.43528000
44.79999751	0.00000000	-99.61245000	-32.12967000
44.99999750	0.00000000	-99.65550000	-36.31274000
45.19999749	0.00000000	-100.03080000	-40.58809000
45.39999748	0.00000000	-100.86740000	-44.07603000
45.59999746	0.00000000	-102.12840000	-46.39517000
45.79999745	0.00000000	-104.87200000	-46.81348000
45.99999744	0.00000000	-108.63680000	-45.70005000
46.19999743	0.00000000	-111.71260000	-43.75000000
46.39999742	0.00000000	-113.29350000	-41.05561000
46.59999740	0.00000000	-113.25050000	-38.40428000
46.79999739	0.00000000	-111.20200000	-36.78026000
46.99999738	0.00000000	-106.54530000	-35.98671000
47.19999737	0.00000000	-99.98769000	-35.61762000
47.39999736	0.00000000	-93.46702000	-36.49114000
47.59999734	0.00000000	-88.44733000	-38.73031000
47.79999733	0.00000000	-86.54035000	-41.79380000
47.99999732	0.00000000	-88.12131000	-44.07603000
48.19999731	0.00000000	-93.19020000	-45.32480000
48.39999730	0.00000000	-101.28570000	-45.70005000
48.59999729	0.00000000	-110.17470000	-45.28174000
48.79999727	0.00000000	-117.85800000	-43.70079000
48.99999726	0.00000000	-122.45320000	-41.00639000
49.19999725	0.00000000	-122.04110000	-37.94291000
49.39999724	0.00000000	-117.10750000	-35.24852000
49.59999723	0.00000000	-108.92590000	-33.71063000
49.79999721	0.00000000	-99.28641000	-33.71063000
49.99999720	0.00000000	-90.07751000	-35.29158000
50.19999719	0.00000000	-84.30733000	-38.36122000
50.39999718	0.00000000	-83.51378000	-42.21210000
50.59999717	0.00000000	-87.33391000	-45.65698000
50.79999715	0.00000000	-95.04797000	-48.01919000
50.99999714	0.00000000	-104.26920000	-48.72662000
51.19999713	0.00000000	-112.78300000	-47.55782000
51.39999712	0.00000000	-118.55310000	-44.07603000
51.59999711	0.00000000	-120.13410000	-39.51771000
51.79999710	0.00000000	-117.43360000	-35.24852000
51.99999708	0.00000000	-111.29430000	-32.12967000
52.19999707	0.00000000	-103.19880000	-30.59793000
52.39999706	0.00000000	-95.51550000	-31.01624000
52.59999705	0.00000000	-90.12056000	-33.71063000
52.79999704	0.00000000	-88.58267000	-37.89370000
52.99999702	0.00000000	-91.23400000	-42.11983000
53.19999701	0.00000000	-97.00417000	-45.23868000
53.39999700	0.00000000	-104.26920000	-46.77042000
53.59999699	0.00000000	-110.78370000	-46.43824000
53.79999698	0.00000000	-114.27170000	-44.49434000
53.99999696	0.00000000	-114.36390000	-41.83686000
54.19999695	0.00000000	-111.62030000	-38.73031000
54.39999694	0.00000000	-106.63750000	-36.44808000
54.59999693	0.00000000	-100.49830000	-35.24852000
54.79999692	0.00000000	-95.55856000	-35.29158000
54.99999691	0.00000000	-93.19020000	-36.78026000
55.19999689	0.00000000	-93.93454000	-39.05635000
55.39999688	0.00000000	-96.96111000	-40.92027000
55.59999687	0.00000000	-101.24260000	-41.70152000
55.79999686	0.00000000	-105.85010000	-40.96333000
55.99999685	0.00000000	-109.66410000	-39.43159000
56.19999683	0.00000000	-111.20200000	-37.51845000
56.39999682	0.00000000	-110.13160000	-35.66683000
56.59999681	0.00000000	-107.43110000	-35.33464000
56.79999680	0.00000000	-103.89390000	-36.82332000
56.99999679	0.00000000	-99.70472000	-39.56077000
57.19999677	0.00000000	-96.30905000	-43.00566000
57.39999676	0.00000000	-95.51550000	-46.39517000
57.59999675	0.00000000	-96.96111000	-47.88385000
57.79999674	0.00000000	-99.66166000	-46.77042000
57.99999673	0.00000000	-102.73130000	-43.65773000
58.19999672	0.00000000	-105.43180000	-39.00713000
58.39999670	0.00000000	-107.01280000	-33.62450000
58.59999669	0.00000000	-107.38800000	-29.06619000
58.79999668	0.00000000	-106.63750000	-26.79011000
58.99999667	0.00000000	-104.73670000	-27.94660000
59.19999666	0.00000000	-102.82360000	-32.17273000
59.39999664	0.00000000	-101.24260000	-38.36122000
59.59999663	0.00000000	-100.12300000	-45.32480000
59.79999662	0.00000000	-100.12300000	-51.41486000
59.99999661	0.00000000	-101.24260000	-54.89665000
60.19999660	0.00000000	-102.78050000	-54.48449000
60.39999658	0.00000000	-104.26920000	-50.62130000
60.59999657	0.00000000	-105.05660000	-43.65773000
60.79999656	0.00000000	-104.69360000	-35.24852000
60.99999655	0.00000000	-103.94320000	-27.94660000
61.19999654	0.00000000	-102.78050000	-23.72047000
61.39999653	0.00000000	-101.61790000	-23.67741000
61.59999651	0.00000000	-100.86740000	-27.52830000
61.79999650	0.00000000	-100.49830000	-34.08588000
61.99999649	0.00000000	-101.28570000	-42.21210000
62.19999648	0.00000000	-102.78050000	-49.88312000
62.39999647	0.00000000	-104.36150000	-55.27190000
62.59999645	0.00000000	-105.94240000	-56.85285000
62.79999644	0.00000000	-107.43110000	-54.53371000
62.99999643	0.00000000	-108.17540000	-49.13878000
63.19999642	0.00000000	-107.38800000	-41.43085000
63.39999641	0.00000000	-105.47490000	-33.75369000
63.59999639	0.00000000	-102.78050000	-27.90354000
63.79999638	0.00000000	-100.12300000	-24.83391000
63.99999637	0.00000000	-98.54208000	-25.20915000
64.19999636	0.00000000	-98.16682000	-29.06619000
64.39999635	0.00000000	-98.91731000	-35.19931000
64.59999634	0.00000000	-100.86740000	-42.11983000
64.79999632	0.00000000	-103.15570000	-47.92691000
64.99999631	0.00000000	-105.52410000	-51.46407000
65.19999630	0.00000000	-107.38800000	-52.66363000
65.39999629	0.00000000	-108.17540000	-51.50713000
65.59999628	0.00000000	-107.38800000	-48.43750000
65.79999626	0.00000000	-105.52410000	-44.11909000
65.99999625	0.00000000	-103.19880000	-39.09941000
66.19999624	0.00000000	-101.28570000	-34.12894000
66.39999623	0.00000000	-100.12300000	-31.01624000
66.59999622	0.00000000	-100.12300000	-30.13656000
66.79999620	0.00000000	-101.24260000	-30.46260000
66.99999619	0.00000000	-102.78050000	-31.71137000
67.19999618	0.00000000	-104.31840000	-34.04282000
67.39999617	0.00000000	-105.47490000	-37.51845000
67.59999616	0.00000000	-105.80710000	-41.00639000
67.79999615	0.00000000	-105.01350000	-44.16830000
67.99999613	0.00000000	-102.73130000	-46.85654000
68.19999612	0.00000000	-100.12300000	-48.43750000
68.39999611	0.00000000	-98.54208000	-48.81274000
68.59999610	0.00000000	-98.16682000	-48.01919000
68.79999609	0.00000000	-99.00959000	-45.65698000
68.99999607	0.00000000	-101.71010000	-42.16904000
69.19999606	0.00000000	-105.52410000	-37.85064000
69.39999605	0.00000000	-108.96900000	-33.24926000
69.59999604	0.00000000	-111.29430000	-29.43528000
69.79999603	0.00000000	-111.66950000	-27.86048000
69.99999601	0.00000000	-110.08860000	-28.59867000
70.19999600	0.00000000	-106.55140000	-30.97318000
70.39999599	0.00000000	-101.19960000	-35.29158000
70.59999598	0.00000000	-95.89074000	-41.00639000
70.79999597	0.00000000	-92.72884000	-46.35211000
70.99999596	0.00000000	-91.93528000	-49.50787000
71.19999594	0.00000000	-93.14714000	-50.30142000
71.39999593	0.00000000	-97.00417000	-49.13878000
71.59999592	0.00000000	-102.40530000	-45.65698000
71.79999591	0.00000000	-107.80630000	-41.09867000
71.99999590	0.00000000	-112.45080000	-36.78026000
72.19999588	0.00000000	-114.73920000	-33.29232000
72.39999587	0.00000000	-114.40700000	-31.01624000
72.59999586	0.00000000	-111.71260000	-31.01624000
72.79999585	0.00000000	-107.43110000	-33.24926000
72.99999584	0.00000000	-102.40530000	-36.31274000
73.19999582	0.00000000	-97.37943000	-39.38238000
73.39999581	0.00000000	-93.93454000	-41.70152000
73.59999580	0.00000000	-92.72884000	-42.53814000
73.79999579	0.00000000	-93.88533000	-42.53814000
73.99999578	0.00000000	-96.96111000	-41.75073000
74.19999577	0.00000000	-101.24260000	-39.93602000
74.39999575	0.00000000	-105.85010000	-38.82259000
74.59999574	0.00000000	-109.71330000	-39.14247000
74.79999573	0.00000000	-111.62030000	-39.89296000
74.99999572	0.00000000	-111.33730000	-41.09867000
75.19999571	0.00000000	-109.38730000	-42.58735000
75.39999569	0.00000000	-106.72980000	-43.65773000
75.59999568	0.00000000	-103.57410000	-43.23941000
75.79999567	0.00000000	-100.91040000	-40.96333000
75.99999566	0.00000000	-98.96038000	-37.89370000
76.19999565	0.00000000	-98.58513000	-34.82406000
76.39999563	0.00000000	-99.66166000	-32.50492000
76.59999562	0.00000000	-101.15030000	-31.75443000
76.79999561	0.00000000	-102.36220000	-32.54798000
76.99999560	0.00000000	-103.15570000	-35.33464000
77.19999559	0.00000000	-103.89390000	-39.94217000
77.39999558	0.00000000	-103.94320000	-45.32480000
77.59999556	0.00000000	-103.57410000	-49.88312000
77.79999555	0.00000000	-103.61100000	-52.20226000
77.99999554	0.00000000	-103.61710000	-51.46407000
78.19999553	0.00000000	-104.40450000	-48.39444000
78.39999552	0.00000000	-105.47490000	-43.74385000
78.59999550	0.00000000	-105.89940000	-38.31200000
78.79999549	0.00000000	-105.89940000	-33.29232000
78.99999548	0.00000000	-105.47490000	-29.43528000
79.19999547	0.00000000	-104.26920000	-27.90354000
79.39999546	0.00000000	-102.36220000	-29.06004000
79.59999544	0.00000000	-100.08000000	-32.54798000
79.79999543	0.00000000	-98.58513000	-37.93676000
79.99999542	0.00000000	-98.49901000	-43.70079000
80.19999541	0.00000000	-99.28026000	-48.35138000
80.39999540	0.00000000	-100.49830000	-51.08883000
80.59999539	0.00000000	-102.86660000	-51.50713000
80.79999537	0.00000000	-105.85010000	-49.97539000
80.99999536	0.00000000	-108.17540000	-46.85654000
81.19999535	0.00000000	-108.96900000	-42.63041000
81.39999534	0.00000000	-108.59370000	-38.36122000
81.59999533	0.00000000	-107.01280000	-34.82406000
81.79999531	0.00000000	-104.36150000	-32.08661000
81.99999530	0.00000000	-101.66090000	-30.55487000
82.19999529	0.00000000	-99.70472000	-30.55487000
82.39999528	0.00000000	-98.54208000	-32.12967000
82.59999527	0.00000000	-98.54208000	-35.19931000
82.79999525	0.00000000	-99.70472000	-39.05635000
82.99999524	0.00000000	-101.61790000	-42.58735000
83.19999523	0.00000000	-103.89390000	-45.70005000
83.39999522	0.00000000	-105.43180000	-48.01919000
83.59999521	0.00000000	-105.89940000	-48.81274000
83.79999520	0.00000000	-105.94240000	-48.39444000
83.99999518	0.00000000	-105.89940000	-46.43824000
84.19999517	0.00000000	-105.52410000	-42.96260000
84.39999516	0.00000000	-104.73670000	-39.05635000
84.59999515	0.00000000	-103.98620000	-34.78100000
84.79999514	0.00000000	-103.19880000	-30.97318000
84.99999512	0.00000000	-102.82360000	-29.01698000
85.19999511	0.00000000	-102.73740000	-29.01698000
85.39999510	0.00000000	-102.36220000	-31.01624000
85.59999509	0.00000000	-101.61790000	-35.24852000
85.79999508	0.00000000	-101.24260000	-40.58809000
85.99999506	0.00000000	-101.19960000	-45.23868000
86.19999505	0.00000000	-101.24260000	-48.39444000
86.39999504	0.00000000	-101.71010000	-49.93233000
86.59999503	0.00000000	-103.19880000	-49.50787000
86.79999502	0.00000000	-105.10580000	-46.77042000
86.99999501	0.00000000	-106.27460000	-42.16289000
87.19999499	0.00000000	-107.10510000	-36.78026000
87.39999498	0.00000000	-107.43110000	-32.17273000
87.59999497	0.00000000	-107.05590000	-29.48450000
87.79999496	0.00000000	-105.85010000	-29.48450000
87.99999495	0.00000000	-103.94320000	-32.12967000
88.19999493	0.00000000	-101.66090000	-36.36196000
88.39999492	0.00000000	-100.08000000	-41.00639000
88.59999491	0.00000000	-99.32948000	-45.28174000
88.79999490	0.00000000	-99.33562000	-48.35138000
88.99999489	0.00000000	-100.86740000	-49.46481000
89.19999487	0.00000000	-102.73740000	-47.88385000
89.39999486	0.00000000	-104.36150000	-43.70079000
89.59999485	0.00000000	-105.89940000	-38.36122000
89.79999484	0.00000000	-107.01280000	-33.75369000
89.99999483	0.00000000	-107.01280000	-31.01624000
90.19999482	0.00000000	-105.89940000	-30.64099000
90.39999480	0.00000000	-104.36150000	-32.54798000
90.59999479	0.00000000	-102.82360000	-36.40502000
90.79999478	0.00000000	-101.66710000	-41.00639000
90.99999477	0.00000000	-101.24260000	-45.23868000
91.19999476	0.00000000	-101.24260000	-47.93307000
91.39999474	0.00000000	-101.61790000	-48.30216000
91.59999473	0.00000000	-102.36220000	-46.35211000
91.79999472	0.00000000	-102.73740000	-42.16289000
91.99999471	0.00000000	-102.82360000	-37.19857000
92.19999470	0.00000000	-103.15570000	-33.33538000
92.39999468	0.00000000	-103.52480000	-31.01624000
92.59999467	0.00000000	-103.19880000	-31.06545000
92.79999466	0.00000000	-103.24800000	-33.71063000
92.99999465	0.00000000	-103.98620000	-37.93676000
93.19999464	0.00000000	-104.73670000	-42.53814000
93.39999463	0.00000000	-105.52410000	-46.35211000
93.59999461	0.00000000	-105.85010000	-47.88385000
93.79999460	0.00000000	-105.52410000	-46.77042000
93.99999459	0.00000000	-104.69360000	-43.74385000
94.19999458	0.00000000	-103.52480000	-39.89296000
94.39999457	0.00000000	-101.57480000	-36.40502000
94.59999455	0.00000000	-99.70472000	-33.71063000
94.79999454	0.00000000	-98.49901000	-32.59719000
94.99999453	0.00000000	-98.16682000	-33.75369000
95.19999452	0.00000000	-98.96038000	-36.82332000
95.39999451	0.00000000	-101.28570000	-41.00639000
95.59999449	0.00000000	-104.31840000	-44.82037000
95.79999448	0.00000000	-107.10510000	-46.77042000
95.99999447	0.00000000	-109.43650000	-46.81348000
96.19999446	0.00000000	-111.29430000	-45.28174000
96.39999445	0.00000000	-111.24510000	-42.58735000
96.59999444	0.00000000	-108.96900000	-39.47465000
96.79999442	0.00000000	-105.52410000	-36.44808000
96.99999441	0.00000000	-101.61790000	-34.54724000
97.19999440	0.00000000	-98.16682000	-34.87328000
97.39999439	0.00000000	-95.79847000	-36.36196000
97.59999438	0.00000000	-95.04797000	-38.36122000
97.79999436	0.00000000	-95.84153000	-41.00639000
97.99999435	0.00000000	-98.58513000	-43.28247000
98.19999434	0.00000000	-102.78050000	-44.07603000
98.39999433	0.00000000	-107.01280000	-43.74385000
98.59999432	0.00000000	-110.17470000	-42.58735000
98.79999430	0.00000000	-112.08780000	-41.09867000
98.99999429	0.00000000	-112.45080000	-39.89296000
99.19999428	0.00000000	-110.54990000	-39.14247000
99.39999427	0.00000000	-107.48030000	-38.68725000
99.59999426	0.00000000	-103.94320000	-38.68110000
99.79999425	0.00000000	-100.08000000	-38.31200000
99.99999423	0.00000000	-97.00417000	-38.31200000
100.19999422	0.00000000	-95.46628000	-38.63804000
100.39999421	0.00000000	-95.79847000	-38.26894000
100.59999420	0.00000000	-97.74852000	-37.93676000
100.79999419	0.00000000	-100.40600000	-37.89370000
100.99999417	0.00000000	-103.56790000	-37.98597000
101.19999416	0.00000000	-106.27460000	-38.73031000
101.39999415	0.00000000	-108.63680000	-40.26205000
101.59999414	0.00000000	-110.13160000	-41.43085000
101.79999413	0.00000000	-110.13160000	-42.58735000
101.99999411	0.00000000	-108.63680000	-43.28247000
102.19999410	0.00000000	-106.31770000	-42.49508000
102.39999409	0.00000000	-103.98620000	-40.63730000
102.59999408	0.00000000	-101.61790000	-38.26894000
102.79999407	0.00000000	-99.70472000	-35.98671000
102.99999406	0.00000000	-98.54208000	-34.03666000
103.19999404	0.00000000	-98.54208000	-33.33538000
103.39999403	0.00000000	-99.66166000	-34.08588000
103.59999402	0.00000000	-101.24260000	-36.40502000
103.79999401	0.00000000	-103.19880000	-39.42544000
103.99999400	0.00000000	-105.47490000	-42.16904000
104.19999398	0.00000000	-107.01280000	-44.11909000
104.39999397	0.00000000	-107.43110000	-45.23868000
104.59999396	0.00000000	-107.05590000	-44.86343000
104.79999395	0.00000000	-105.89940000	-42.91954000
104.99999394	0.00000000	-104.36150000	-40.30511000
105.19999392	0.00000000	-102.82360000	-37.57381000
105.39999391	0.00000000	-101.66710000	-36.02977000
105.59999390	0.00000000	-101.24260000	-35.19931000
105.79999389	0.00000000	-101.24260000	-35.29158000
105.99999388	0.00000000	-101.66710000	-36.78026000
106.19999387	0.00000000	-102.82360000	-39.05635000
106.39999385	0.00000000	-104.31840000	-41.00639000
106.59999384	0.00000000	-105.47490000	-42.54429000
106.79999383	0.00000000	-105.85010000	-43.32554000
106.99999382	0.00000000	-105.47490000	-42.91338000
107.19999381	0.00000000	-104.36150000	-41.79380000
107.39999379	0.00000000	-103.24800000	-39.89296000
107.59999378	0.00000000	-102.82360000	-38.36122000
107.79999377	0.00000000	-102.78050000	-37.56152000
107.99999376	0.00000000	-102.82360000	-37.19857000
108.19999375	0.00000000	-103.24800000	-37.98597000
108.39999374	0.00000000	-104.36150000	-39.51771000
108.59999372	0.00000000	-105.52410000	-41.43085000
108.79999371	0.00000000	-106.27460000	-43.33169000
108.99999370	0.00000000	-106.68680000	-44.07603000
109.19999369	0.00000000	-106.27460000	-43.70079000
109.39999368	0.00000000	-105.52410000	-42.16904000
109.59999366	0.00000000	-104.31840000	-39.89296000
109.79999365	0.00000000	-102.82360000	-37.98597000
109.99999364	0.00000000	-101.66710000	-36.78026000
110.19999363	0.00000000	-101.29180000	-36.40502000
110.39999362	0.00000000	-101.66710000	-36.78026000
110.59999360	0.00000000	-102.82360000	-37.93676000
110.79999359	0.00000000	-104.31840000	-39.47465000
110.99999358	0.00000000	-105.47490000	-41.05561000
111.19999357	0.00000000	-105.89940000	-42.58735000
111.39999356	0.00000000	-105.94240000	-43.70079000
111.59999355	0.00000000	-105.89940000	-43.70079000
111.79999353	0.00000000	-105.47490000	-42.58735000
111.99999352	0.00000000	-104.36150000	-41.09867000
112.19999351	0.00000000	-103.24800000	-39.89296000
112.39999350	0.00000000	-102.82360000	-39.09941000
112.59999349	0.00000000	-102.78050000	-38.31200000
112.79999347	0.00000000	-102.82360000	-37.98597000
112.99999346	0.00000000	-103.19880000	-38.31200000
113.19999345	0.00000000	-103.94320000	-39.05635000
113.39999344	0.00000000	-104.31840000	-39.43159000
113.59999343	0.00000000	-104.36150000	-39.47465000
113.79999341	0.00000000	-104.36150000	-39.47465000
113.99999340	0.00000000	-104.36150000	-39.51771000
114.19999339	0.00000000	-104.36150000	-39.89296000
114.39999338	0.00000000	-104.31840000	-40.63730000
114.59999337	0.00000000	-103.94320000	-41.01255000
114.79999336	0.00000000	-103.19880000	-41.05561000
114.99999334	0.00000000	-102.82360000	-41.05561000
115.19999333	0.00000000	-102.78050000	-41.05561000
115.39999332	0.00000000	-102.78050000	-41.01255000
115.59999331	0.00000000	-102.78050000	-40.63730000
115.79999330	0.00000000	-102.82360000	-39.89296000
115.99999328	0.00000000	-103.19880000	-39.47465000
116.19999327	0.00000000	-103.94320000	-39.05635000
116.39999326	0.00000000	-104.31840000	-38.26894000
116.59999325	0.00000000	-104.36150000	-37.56152000
116.79999324	0.00000000	-104.36150000	-37.14936000
116.99999322	0.00000000	-104.36150000	-37.56152000
117.19999321	0.00000000	-104.31840000	-38.26894000
117.39999320	0.00000000	-103.94320000	-39.09941000
117.59999319	0.00000000	-103.15570000	-39.84990000
117.79999318	0.00000000	-102.40530000	-40.63730000
117.99999317	0.00000000	-101.66710000	-41.01255000
118.19999315	0.00000000	-101.66710000	-41.01255000
118.39999314	0.00000000	-102.40530000	-40.63730000
118.59999313	0.00000000	-103.19880000	-39.89296000
118.79999312	0.00000000	-104.36150000	-39.47465000
118.99999311	0.00000000	-105.52410000	-39.05635000
119.19999309	0.00000000	-106.27460000	-38.31200000
119.39999308	0.00000000	-106.68680000	-37.89370000
119.59999307	0.00000000	-106.27460000	-37.51845000
119.79999306	0.00000000	-105.56720000	-37.14936000
119.99999305	0.00000000	-104.69360000	-37.51845000
120.19999303	0.00000000	-103.56790000	-37.89370000
120.39999302	0.00000000	-102.03620000	-38.31200000
120.59999301	0.00000000	-101.24260000	-39.05635000
120.79999300	0.00000000	-100.82430000	-39.47465000
120.99999299	0.00000000	-100.49830000	-39.89296000
121.19999298	0.00000000	-101.28570000	-40.63730000
121.39999296	0.00000000	-102.78050000	-41.01255000
121.59999295	0.00000000	-104.31840000	-41.05561000
121.79999294	0.00000000	-105.52410000	-41.01255000
121.99999293	0.00000000	-106.27460000	-40.63730000
122.19999292	0.00000000	-106.68680000	-39.89296000
122.39999290	0.00000000	-106.27460000	-39.47465000
122.59999289	0.00000000	-105.56720000	-39.05635000
122.79999288	0.00000000	-104.73670000	-38.31200000
122.99999287	0.00000000	-103.98620000	-37.93676000
123.19999286	0.00000000	-103.15570000	-37.93676000
123.39999284	0.00000000	-102.40530000	-38.31200000
123.59999283	0.00000000	-101.66710000	-39.05635000
123.79999282	0.00000000	-101.66710000	-39.47465000
123.99999281	0.00000000	-102.36220000	-39.89296000
124.19999280	0.00000000	-102.78050000	-40.68036000
124.39999279	0.00000000	-103.19880000	-41.38164000
124.59999277	0.00000000	-103.98620000	-41.79380000
124.79999276	0.00000000	-104.73670000	-41.43085000
124.99999275	0.00000000	-105.52410000	-41.05561000
125.19999274	0.00000000	-105.89940000	-40.63730000
125.39999273	0.00000000	-105.94240000	-39.89296000
125.59999271	0.00000000	-105.89940000	-39.51771000
125.79999270	0.00000000	-105.47490000	-39.43159000
125.99999269	0.00000000	-104.36150000	-39.05635000
126.19999268	0.00000000	-103.19880000	-38.31200000
126.39999267	0.00000000	-102.44830000	-37.98597000
126.59999265	0.00000000	-102.03620000	-38.31200000
126.79999264	0.00000000	-102.40530000	-39.09941000
126.99999263	0.00000000	-102.78050000	-39.84990000
127.19999262	0.00000000	-103.19880000	-40.63730000
127.39999261	0.00000000	-103.98620000	-41.01255000
127.59999260	0.00000000	-104.73670000	-41.05561000
127.79999258	0.00000000	-105.56720000	-41.01255000
127.99999257	0.00000000	-106.27460000	-40.63730000
128.19999256	0.00000000	-106.63750000	-39.89296000
128.39999255	0.00000000	-105.85010000	-39.51771000
128.59999254	0.00000000	-104.40450000	-39.43159000
128.79999252	0.00000000	-103.19880000	-39.09941000
128.99999251	0.00000000	-102.40530000	-38.73031000
129.19999250	0.00000000	-101.66710000	-39.09941000
129.39999249	0.00000000	-101.71010000	-39.43159000
129.59999248	0.00000000	-102.78050000	-39.47465000
129.79999246	0.00000000	-103.94320000	-39.51771000
129.99999245	0.00000000	-104.73670000	-39.84990000
130.19999244	0.00000000	-105.52410000	-40.21899000
130.39999243	0.00000000	-105.89940000	-39.84990000
130.59999242	0.00000000	-105.89940000	-39.47465000
130.79999241	0.00000000	-105.47490000	-39.05635000
130.99999239	0.00000000	-104.36150000	-38.36122000
131.19999238	0.00000000	-103.24800000	-38.36122000
131.39999237	0.00000000	-102.82360000	-39.05635000
131.59999236	0.00000000	-102.78050000	-39.43159000
131.79999235	0.00000000	-102.78050000	-39.51771000
131.99999233	0.00000000	-102.82360000	-39.89296000
132.19999232	0.00000000	-103.19880000	-40.63730000
132.39999231	0.00000000	-103.94320000	-41.01255000
132.59999230	0.00000000	-104.36150000	-41.01255000
132.79999229	0.00000000	-104.73670000	-40.63730000
132.99999227	0.00000000	-105.10580000	-39.84990000
133.19999226	0.00000000	-104.73670000	-39.09941000
133.39999225	0.00000000	-104.40450000	-38.31200000
133.59999224	0.00000000	-104.31840000	-37.93676000
133.79999223	0.00000000	-103.98620000	-37.89370000
133.99999222	0.00000000	-103.61710000	-37.93676000
134.19999220	0.00000000	-103.98620000	-38.31200000
134.39999219	0.00000000	-104.31840000	-39.09941000
134.59999218	0.00000000	-104.36150000	-39.84990000
134.79999217	0.00000000	-104.31840000	-40.63730000
134.99999216	0.00000000	-103.94320000	-41.01255000
135.19999214	0.00000000	-103.19880000	-41.05561000
135.39999213	0.00000000	-102.82360000	-41.01255000
135.59999212	0.00000000	-102.78050000	-40.63730000
135.79999211	0.00000000	-102.82360000	-39.84990000
135.99999210	0.00000000	-103.19880000	-39.09941000
136.19999208	0.00000000	-103.98620000	-38.31200000
136.39999207	0.00000000	-104.73670000	-37.93676000
136.59999206	0.00000000	-105.52410000	-37.89370000
136.79999205	0.00000000	-105.85010000	-37.93676000
136.99999204	0.00000000	-105.52410000	-38.31200000
137.19999203	0.00000000	-104.73670000	-39.09941000
137.39999201	0.00000000	-103.98620000	-39.84990000
137.59999200	0.00000000	-103.19880000	-40.63730000
137.79999199	0.00000000	-102.82360000	-41.05561000
137.99999198	0.00000000	-102.78050000	-41.47392000
138.19999197	0.00000000	-102.82360000	-42.16904000
138.39999195	0.00000000	-103.19880000	-42.16904000
138.59999194	0.00000000	-103.98620000	-41.47392000
138.79999193	0.00000000	-104.73670000	-41.05561000
138.99999192	0.00000000	-105.52410000	-40.63730000
139.19999191	0.00000000	-105.85010000	-39.84990000
139.39999189	0.00000000	-105.56720000	-39.09941000
139.59999188	0.00000000	-105.15500000	-38.31200000
139.79999187	0.00000000	-105.10580000	-37.93676000
139.99999186	0.00000000	-104.31840000	-37.93676000
140.19999185	0.00000000	-103.24800000	-38.36122000
140.39999184	0.00000000	-102.82360000	-39.47465000
140.59999182	0.00000000	-102.82360000	-40.58809000
140.79999181	0.00000000	-103.19880000	-41.05561000
140.99999180	0.00000000	-103.94320000	-41.47392000
141.19999179	0.00000000	-104.31840000	-42.16904000
141.39999178	0.00000000	-104.40450000	-42.11983000
141.59999176	0.00000000	-104.73670000	-41.05561000
141.79999175	0.00000000	-105.10580000	-39.89296000
141.99999174	0.00000000	-104.73670000	-39.09941000
142.19999173	0.00000000	-104.40450000	-38.31200000
142.39999172	0.00000000	-104.31840000	-37.93676000
142.59999170	0.00000000	-103.98620000	-37.93676000
142.79999169	0.00000000	-103.61710000	-38.31200000
142.99999168	0.00000000	-103.98620000	-39.09941000
143.19999167	0.00000000	-104.31840000	-39.84990000
143.39999166	0.00000000	-104.36150000	-40.63730000
143.59999165	0.00000000	-104.36150000	-41.01255000
143.79999163	0.00000000	-104.36150000	-41.05561000
143.99999162	0.00000000	-104.36150000	-41.01255000
144.19999161	0.00000000	-104.31840000	-40.63730000
144.39999160	0.00000000	-103.94320000	-39.84990000
144.59999159	0.00000000	-103.19880000	-39.09941000
144.79999157	0.00000000	-102.82360000	-38.31200000
144.99999156	0.00000000	-102.82360000	-37.93676000
145.19999155	0.00000000	-103.15570000	-37.89370000
145.39999154	0.00000000	-103.56790000	-37.93676000
145.59999153	0.00000000	-103.57410000	-38.31200000
145.79999151	0.00000000	-103.98620000	-39.09941000
145.99999150	0.00000000	-104.31840000	-39.84990000
146.19999149	0.00000000	-104.36150000	-40.63730000
146.39999148	0.00000000	-104.36150000	-41.01255000
146.59999147	0.00000000	-104.31840000	-41.01255000
146.79999146	0.00000000	-103.94320000	-40.63730000
146.99999144	0.00000000	-103.19880000	-39.89296000
147.19999143	0.00000000	-102.82360000	-39.47465000
147.39999142	0.00000000	-102.78050000	-39.05635000
147.59999141	0.00000000	-102.82360000	-38.31200000
147.79999140	0.00000000	-103.19880000	-37.93676000
147.99999138	0.00000000	-103.94320000	-37.89370000
148.19999137	0.00000000	-104.31840000	-37.93676000
148.39999136	0.00000000	-104.36150000	-38.31200000
148.59999135	0.00000000	-104.36150000	-39.05635000
148.79999134	0.00000000	-104.36150000	-39.43159000
148.99999132	0.00000000	-104.36150000	-39.47465000
149.19999131	0.00000000	-104.31840000	-39.47465000
149.39999130	0.00000000	-103.94320000	-39.47465000
149.59999129	0.00000000	-103.19880000	-39.47465000
149.79999128	0.00000000	-102.82360000	-39.47465000
149.99999127	0.00000000	-102.78050000	-39.43159000
150.19999125	0.00000000	-102.78050000	-39.09941000
150.39999124	0.00000000	-102.82360000	-38.68725000
150.59999123	0.00000000	-103.19880000	-38.68110000
150.79999122	0.00000000	-103.94320000	-38.31200000
150.99999121	0.00000000	-104.31840000	-38.36122000
151.19999119	0.00000000	-104.36150000	-39.05635000
151.39999118	0.00000000	-104.36150000	-39.43159000
151.59999117	0.00000000	-104.36150000	-39.47465000
151.79999116	0.00000000	-104.36150000	-39.47465000
151.99999115	0.00000000	-104.36150000	-39.51771000
152.19999113	0.00000000	-104.36150000	-39.84990000
152.39999112	0.00000000	-104.31840000	-40.26205000
152.59999111	0.00000000	-103.98620000	-40.22515000
152.79999110	0.00000000	-103.57410000	-40.26205000
152.99999109	0.00000000	-103.61100000	-39.84990000
153.19999108	0.00000000	-103.57410000	-39.51771000
153.39999106	0.00000000	-103.98620000	-39.47465000
153.59999105	0.00000000	-104.31840000	-39.47465000
153.79999104	0.00000000	-104.36150000	-39.47465000
153.99999103	0.00000000	-104.36150000	-39.47465000
154.19999102	0.00000000	-104.40450000	-39.47465000
154.39999100	0.00000000	-104.73670000	-39.47465000
154.59999099	0.00000000	-105.10580000	-39.47465000
154.79999098	0.00000000	-104.73670000	-39.51771000
154.99999097	0.00000000	-104.40450000	-39.84990000
155.19999096	0.00000000	-104.36150000	-40.21899000
155.39999094	0.00000000	-104.31840000	-39.89296000
155.59999093	0.00000000	-103.94320000	-39.94217000
155.79999092	0.00000000	-103.24800000	-40.63730000
155.99999091	0.00000000	-103.24800000	-40.96333000
156.19999090	0.00000000	-103.94320000	-40.63730000
156.39999089	0.00000000	-104.31840000	-39.89296000
156.59999087	0.00000000	-104.40450000	-39.51771000
156.79999086	0.00000000	-104.73670000	-39.43159000
156.99999085	0.00000000	-105.14890000	-39.09941000
157.19999084	0.00000000	-105.11200000	-38.73031000
157.39999083	0.00000000	-105.14890000	-39.09941000
157.59999081	0.00000000	-104.73670000	-39.43159000
157.79999080	0.00000000	-104.40450000	-39.47465000
157.99999079	0.00000000	-104.36150000	-39.51771000
158.19999078	0.00000000	-104.36150000	-39.89296000
158.39999077	0.00000000	-104.31840000	-40.63730000
158.59999075	0.00000000	-103.94320000	-41.01255000
158.79999074	0.00000000	-103.19880000	-41.01255000
158.99999073	0.00000000	-102.87280000	-40.63730000
159.19999072	0.00000000	-103.19880000	-39.89296000
159.39999071	0.00000000	-103.94320000	-39.51771000
159.59999070	0.00000000	-104.31840000	-39.43159000
159.79999068	0.00000000	-104.36150000	-39.05635000
159.99999067	0.00000000	-104.36150000	-38.31200000
160.19999066	0.00000000	-104.36150000	-37.98597000
160.39999065	0.00000000	-104.36150000	-38.31200000
160.59999064	0.00000000	-104.36150000	-39.05635000
160.79999062	0.00000000	-104.36150000	-39.43159000
160.99999061	0.00000000	-104.36150000	-39.47465000
161.19999060	0.00000000	-104.36150000	-39.47465000
161.39999059	0.00000000	-104.31840000	-39.47465000
161.59999058	0.00000000	-103.94320000	-39.47465000
161.79999056	0.00000000	-103.24800000	-39.47465000
161.99999055	0.00000000	-103.19880000	-39.47465000
162.19999054	0.00000000	-103.52480000	-39.47465000
162.39999053	0.00000000	-103.15570000	-39.43159000
162.59999052	0.00000000	-102.87280000	-39.05635000
162.79999051	0.00000000	-103.19880000	-38.31200000
162.99999049	0.00000000	-103.94320000	-37.93676000
163.19999048	0.00000000	-104.31840000	-37.93676000
163.39999047	0.00000000	-104.40450000	-38.31200000
163.59999046	0.00000000	-104.73670000	-39.05635000
163.79999045	0.00000000	-105.10580000	-39.43159000
163.99999043	0.00000000	-104.73670000	-39.47465000
164.19999042	0.00000000	-104.40450000	-39.47465000
164.39999041	0.00000000	-104.36150000	-39.47465000
164.59999040	0.00000000	-104.36150000	-39.47465000
164.79999039	0.00000000	-104.31840000	-39.47465000
164.99999037	0.00000000	-103.94320000	-39.47465000
165.19999036	0.00000000	-103.19880000	-39.47465000
165.39999035	0.00000000	-102.87280000	-39.47465000
165.59999034	0.00000000	-103.15570000	-39.47465000
165.79999033	0.00000000	-103.56790000	-39.47465000
165.99999032	0.00000000	-103.57410000	-39.47465000
166.19999030	0.00000000	-103.98620000	-39.47465000
166.39999029	0.00000000	-104.31840000	-39.47465000
166.59999028	0.00000000	-104.40450000	-39.47465000
166.79999027	0.00000000	-104.73670000	-39.47465000
166.99999026	0.00000000	-105.10580000	-39.47465000
167.19999024	0.00000000	-104.73670000	-39.47465000
167.39999023	0.00000000	-104.45370000	-39.51771000
167.59999022	0.00000000	-104.69360000	-39.84990000
167.79999021	0.00000000	-104.73060000	-40.21899000
167.99999020	0.00000000	-103.94930000	-39.84990000
168.19999018	0.00000000	-103.65400000	-39.51771000
168.39999017	0.00000000	-103.57410000	-39.47465000
168.59999016	0.00000000	-103.98620000	-39.47465000
168.79999015	0.00000000	-104.31840000	-39.47465000
168.99999014	0.00000000	-104.36150000	-39.47465000
169.19999013	0.00000000	-104.36150000	-39.47465000
169.39999011	0.00000000	-104.36150000	-39.47465000
169.59999010	0.00000000	-104.36150000	-39.47465000
169.79999009	0.00000000	-104.40450000	-39.47465000
169.99999008	0.00000000	-104.73670000	-39.47465000
170.19999007	0.00000000	-105.10580000	-39.47465000
170.39999005	0.00000000	-104.73670000	-39.47465000
170.59999004	0.00000000	-104.40450000	-39.47465000
170.79999003	0.00000000	-104.36150000	-39.47465000
170.99999002	0.00000000	-104.36150000	-39.47465000
171.19999001	0.00000000	-104.36150000	-39.47465000
171.39998999	0.00000000	-104.36150000	-39.51771000
171.59998998	0.00000000	-104.36150000	-39.84990000
171.79998997	0.00000000	-104.36150000	-40.21899000
171.99998996	0.00000000	-104.36150000	-39.84990000
172.19998995	0.00000000	-104.36150000	-39.51771000
172.39998994	0.00000000	-104.36150000	-39.47465000
172.59998992	0.00000000	-104.36150000	-39.47465000
172.79998991	0.00000000	-104.36150000	-39.47465000
172.99998990	0.00000000	-104.36150000	-39.47465000
173.19998989	0.00000000	-104.36150000	-39.47465000
173.39998988	0.00000000	-104.36150000	-39.47465000
173.59998986	0.00000000	-104.36150000	-39.47465000
173.79998985	0.00000000	-104.36150000	-39.47465000
173.99998984	0.00000000	-104.36150000	-39.47465000
174.19998983	0.00000000	-104.36150000	-39.47465000
174.39998982	0.00000000	-104.36150000	-39.47465000
174.59998980	0.00000000	-104.36150000	-39.47465000
174.79998979	0.00000000	-104.36150000	-39.47465000
174.99998978	0.00000000	-104.36150000	-39.47465000
175.19998977	0.00000000	-104.36150000	-39.47465000
175.39998976	0.00000000	-104.36150000	-39.47465000
175.59998975	0.00000000	-104.36150000	-39.47465000
175.79998973	0.00000000	-104.36150000	-39.47465000
175.99998972	0.00000000	-104.31840000	-39.47465000
176.19998971	0.00000000	-103.98620000	-39.47465000
176.39998970	0.00000000	-103.61710000	-39.47465000
176.59998969	0.00000000	-103.98620000	-39.47465000
176.79998967	0.00000000	-104.31840000	-39.47465000
176.99998966	0.00000000	-104.36150000	-39.47465000
177.19998965	0.00000000	-104.36150000	-39.47465000
177.39998964	0.00000000	-104.36150000	-39.47465000
177.59998963	0.00000000	-104.36150000	-39.47465000
177.79998961	0.00000000	-104.36150000	-39.47465000
177.99998960	0.00000000	-104.36150000	-39.47465000
178.19998959	0.00000000	-104.36150000	-39.47465000
178.39998958	0.00000000	-104.36150000	-39.47465000
178.59998957	0.00000000	-104.36150000	-39.43159000
178.79998956	0.00000000	-104.36150000	-39.05635000
178.99998954	0.00000000	-104.36150000	-38.31200000
179.19998953	0.00000000	-104.31840000	-37.98597000
179.39998952	0.00000000	-103.98620000	-38.31200000
179.59998951	0.00000000	-103.61710000	-39.05635000
179.79998950	0.00000000	-103.98620000	-39.43159000
179.99998948	0.00000000	-104.31840000	-39.47465000
180.19998947	0.00000000	-104.36150000	-39.47465000
180.39998946	0.00000000	-104.36150000	-39.47465000
180.59998945	0.00000000	-104.36150000	-39.47465000
180.79998944	0.00000000	-104.36150000	-39.47465000
180.99998942	0.00000000	-104.36150000	-39.43159000
181.19998941	0.00000000	-104.36150000	-39.05635000
181.39998940	0.00000000	-104.36150000	-38.36122000
181.59998939	0.00000000	-104.36150000	-38.31200000
181.79998938	0.00000000	-104.36150000	-38.63804000
181.99998937	0.00000000	-104.36150000	-38.26894000
182.19998935	0.00000000	-104.36150000	-37.98597000
182.39998934	0.00000000	-104.36150000	-38.31200000
182.59998933	0.00000000	-104.36150000	-39.00713000
182.79998932	0.00000000	-104.36150000	-39.05635000
182.99998931	0.00000000	-104.36150000	-38.73031000
183.19998929	0.00000000	-104.36150000	-39.09941000
183.39998928	0.00000000	-104.36150000	-39.43159000
183.59998927	0.00000000	-104.36150000	-39.47465000
183.79998926	0.00000000	-104.36150000	-39.47465000
183.99998925	0.00000000	-104.36150000	-39.47465000
184.19998923	0.00000000	-104.36150000	-39.47465000
184.39998922	0.00000000	-104.36150000	-39.47465000
184.59998921	0.00000000	-104.36150000	-39.47465000
184.79998920	0.00000000	-104.31840000	-39.43159000
184.99998919	0.00000000	-103.98620000	-39.09941000
185.19998918	0.00000000	-103.61710000	-38.73031000
185.39998916	0.00000000	-103.98620000	-39.09941000
185.59998915	0.00000000	-104.31840000	-39.47465000
185.79998914	0.00000000	-104.36150000	-39.89296000
185.99998913	0.00000000	-104.36150000	-40.63730000
186.19998912	0.00000000	-104.36150000	-41.01255000
186.39998910	0.00000000	-104.36150000	-41.05561000
186.59998909	0.00000000	-104.36150000	-41.05561000
186.79998908	0.00000000	-104.36150000	-41.01255000
186.99998907	0.00000000	-104.36150000	-40.63730000
187.19998906	0.00000000	-104.36150000	-39.89296000
187.39998904	0.00000000	-104.40450000	-39.51771000
187.59998903	0.00000000	-104.73670000	-39.47465000
187.79998902	0.00000000	-105.10580000	-39.47465000
187.99998901	0.00000000	-104.73670000	-39.47465000
188.19998900	0.00000000	-104.40450000	-39.47465000
188.39998899	0.00000000	-104.36150000	-39.47465000
188.59998897	0.00000000	-104.36150000	-39.51771000
188.79998896	0.00000000	-104.36150000	-39.89296000
188.99998895	0.00000000	-104.36150000	-40.63730000
189.19998894	0.00000000	-104.36150000	-41.01255000
189.39998893	0.00000000	-104.36150000	-41.01255000
189.59998891	0.00000000	-104.36150000	-40.63730000
189.79998890	0.00000000	-104.36150000	-39.89296000
189.99998889	0.00000000	-104.36150000	-39.51771000
190.19998888	0.00000000	-104.36150000	-39.47465000
190.39998887	0.00000000	-104.36150000	-39.47465000
190.59998885	0.00000000	-104.36150000	-39.47465000
190.79998884	0.00000000	-104.36150000	-39.47465000
190.99998883	0.00000000	-104.36150000	-39.47465000
191.19998882	0.00000000	-104.36150000	-39.47465000
191.39998881	0.00000000	-104.36150000	-39.47465000
191.59998880	0.00000000	-104.36150000	-39.47465000
191.79998878	0.00000000	-104.36150000	-39.47465000
191.99998877	0.00000000	-104.36150000	-39.47465000
192.19998876	0.00000000	-104.36150000	-39.47465000
192.39998875	0.00000000	-104.36150000	-39.47465000
192.59998874	0.00000000	-104.36150000	-39.47465000
192.79998872	0.00000000	-104.36150000	-39.47465000
192.99998871	0.00000000	-104.36150000	-39.47465000
193.19998870	0.00000000	-104.36150000	-39.47465000
193.39998869	0.00000000	-104.36150000	-39.43159000
193.59998868	0.00000000	-104.36150000	-39.09941000
193.79998866	0.00000000	-104.36150000	-38.68725000
193.99998865	0.00000000	-104.36150000	-38.68110000
194.19998864	0.00000000	-104.36150000	-38.26894000
194.39998863	0.00000000	-104.36150000	-37.93676000
194.59998862	0.00000000	-104.31840000	-37.93676000
194.79998861	0.00000000	-103.94320000	-38.31200000
194.99998859	0.00000000	-103.24800000	-39.00713000
195.19998858	0.00000000	-103.24800000	-39.05635000
195.39998857	0.00000000	-103.94320000	-38.73031000
195.59998856	0.00000000	-104.31840000	-39.09941000
195.79998855	0.00000000	-104.36150000	-39.43159000
195.99998853	0.00000000	-104.36150000	-39.47465000
