Time	Channel A	Channel B	Channel C
(us)	(V)	(mV)	(mV)

-4.59999956	0.00000000	-100.03080000	-34.73794000
-4.39999957	0.00000000	-100.03080000	-34.73794000
-4.19999958	0.00000000	-100.35680000	-34.73794000
-3.99999959	0.00000000	-100.03080000	-34.73794000
-3.79999960	0.00000000	-100.03080000	-34.73794000
-3.59999962	0.00000000	-100.35680000	-34.69488000
-3.39999963	0.00000000	-100.03080000	-34.36269000
-3.19999964	0.00000000	-100.03080000	-33.95054000
-2.99999965	0.00000000	-100.35680000	-33.98745000
-2.79999966	0.00000000	-99.98769000	-33.95054000
-2.59999968	0.00000000	-99.65550000	-34.36269000
-2.39999969	0.00000000	-99.61245000	-34.69488000
-2.19999970	0.00000000	-99.65550000	-34.73794000
-1.99999971	0.00000000	-99.98769000	-34.73794000
-1.79999972	0.00000000	-100.35680000	-34.73794000
-1.59999973	0.00000000	-99.98769000	-34.73794000
-1.39999975	0.00000000	-99.65550000	-34.73794000
-1.19999976	0.00000000	-99.61245000	-34.69488000
-0.99999977	0.00000000	-99.61245000	-34.31963000
-0.79999978	0.00000000	-99.61245000	-33.57529000
-0.59999979	0.00000000	-99.61245000	-33.20005000
-0.39999981	0.15871060	-99.61245000	-33.15699000
-0.19999982	0.31803640	-99.61245000	-33.15699000
0.00000017	0.79601380	-99.61245000	-33.20005000
0.20000016	0.95533960	-99.61245000	-33.53223000
0.40000015	0.95533960	-99.61245000	-33.94439000
0.60000013	0.79601380	-99.61245000	-33.95054000
0.80000012	0.15871060	-99.61245000	-34.36269000
1.00000011	-0.79601380	-99.61245000	-34.69488000
1.20000010	-1.75196900	-99.61245000	-34.73794000
1.40000009	-2.54859700	-99.61245000	-34.73794000
1.60000008	-2.70792300	-99.61245000	-34.73794000
1.80000006	-2.22994600	-99.61245000	-34.69488000
2.00000005	-0.79601380	-99.61245000	-34.36269000
2.20000004	1.11466500	-99.61245000	-33.99360000
2.40000003	3.18590100	-99.61245000	-34.36269000
2.60000002	4.77854300	-99.61245000	-34.69488000
2.80000000	5.41584600	-99.61245000	-34.73794000
2.99999999	4.45989200	-99.65550000	-34.73794000
3.19999998	2.22994600	-99.98769000	-34.73794000
3.39999997	-0.95533960	-100.35680000	-34.73794000
3.59999996	-4.30056600	-99.98769000	-34.73794000
3.79999994	-7.00848900	-99.65550000	-34.69488000
3.99999993	-7.96444400	-99.61245000	-34.31963000
4.19999992	-7.00848900	-99.61245000	-33.57529000
4.39999991	-3.98191400	-99.61245000	-33.20005000
4.59999990	0.15871060	-99.61245000	-33.15699000
4.79999989	4.45989200	-99.61245000	-33.20005000
4.99999987	7.96444400	-99.61245000	-33.57529000
5.19999986	9.55770200	-99.65550000	-34.31963000
5.39999985	8.60174700	-99.98769000	-34.73794000
5.59999984	5.57517200	-100.35680000	-35.11319000
5.79999983	1.11466500	-100.03080000	-35.47613000
5.99999981	-3.50393700	-100.03080000	-35.11319000
6.19999980	-7.48646600	-100.35680000	-34.73794000
6.39999979	-9.39837600	-99.98769000	-34.31963000
6.59999978	-8.92039900	-99.65550000	-33.57529000
6.79999977	-6.21247500	-99.61245000	-33.20005000
6.99999975	-2.22994600	-99.61245000	-33.15699000
7.19999974	2.22994600	-99.61245000	-33.15699000
7.39999973	5.73449800	-99.61245000	-33.20005000
7.59999972	7.48646600	-99.61245000	-33.57529000
7.79999971	7.48646600	-99.61245000	-34.31963000
7.99999970	5.57517200	-99.61245000	-34.69488000
8.19999968	2.54859700	-99.61245000	-34.73794000
8.39999967	-0.79601380	-99.61245000	-34.73794000
8.59999966	-3.50393700	-99.61245000	-34.73794000
8.79999965	-4.93786900	-99.61245000	-34.73794000
8.99999964	-5.09719500	-99.61245000	-34.73794000
9.19999962	-3.98191400	-99.61245000	-34.73794000
9.39999961	-2.07062000	-99.61245000	-34.73794000
9.59999960	-0.15871060	-99.61245000	-34.73794000
9.79999959	1.43331700	-99.61245000	-34.73794000
9.99999958	2.38927200	-99.61245000	-34.73794000
10.19999956	2.54859700	-99.61245000	-34.73794000
10.39999955	2.07062000	-99.61245000	-34.73794000
10.59999954	1.27399100	-99.61245000	-34.73794000
10.79999953	0.31803640	-99.61245000	-34.73794000
10.99999952	-0.47736220	-99.65550000	-34.73794000
11.19999951	-0.79601380	-99.98769000	-34.73794000
11.39999949	-0.95533960	-100.35680000	-34.73794000
11.59999948	-0.79601380	-99.98769000	-34.73794000
11.79999947	-0.63668800	-99.65550000	-34.73794000
11.99999946	-0.31803640	-99.61245000	-34.73794000
12.19999945	-0.15871060	-99.61245000	-34.73794000
12.39999943	-0.15871060	-99.61245000	-34.73794000
12.59999942	0.00000000	-99.61245000	-34.73794000
12.79999941	0.00000000	-99.61245000	-34.73794000
12.99999940	0.00000000	-99.61245000	-34.73794000
13.19999939	0.00000000	-99.61245000	-34.73794000
13.39999937	0.00000000	-99.61245000	-34.73794000
13.59999936	0.00000000	-99.61245000	-34.73794000
13.79999935	0.00000000	-99.61245000	-34.73794000
13.99999934	0.00000000	-99.61245000	-34.69488000
14.19999933	-0.15871060	-99.61245000	-34.36269000
14.39999932	-0.15871060	-99.61245000	-33.99360000
14.59999930	-0.15871060	-99.61245000	-34.31963000
14.79999929	0.00000000	-99.61245000	-34.31963000
14.99999928	0.00000000	-99.61245000	-33.95054000
15.19999927	0.00000000	-99.61245000	-33.98745000
15.39999926	0.00000000	-99.61245000	-33.90748000
15.59999924	0.00000000	-99.61245000	-33.98745000
15.79999923	0.00000000	-99.61245000	-33.95054000
15.99999922	0.00000000	-99.61245000	-34.31963000
16.19999921	0.00000000	-99.61245000	-34.27042000
16.39999920	0.00000000	-99.61245000	-33.57529000
16.59999919	-0.15871060	-99.61245000	-33.20005000
16.79999917	0.00000000	-99.56938000	-33.15699000
16.99999916	0.00000000	-99.19414000	-33.15699000
17.19999915	0.00000000	-98.44980000	-33.15699000
17.39999914	0.00000000	-98.07455000	-33.20005000
17.59999913	0.00000000	-98.03149000	-33.53223000
17.79999911	0.00000000	-98.07455000	-33.94439000
17.99999910	0.00000000	-98.49901000	-33.90748000
18.19999909	0.00000000	-99.66166000	-33.94439000
18.39999908	0.00000000	-101.19960000	-33.57529000
18.59999907	0.00000000	-102.78050000	-33.62450000
18.79999905	0.00000000	-104.26920000	-34.27042000
18.99999904	0.00000000	-105.01350000	-34.31963000
19.19999903	0.00000000	-104.22610000	-33.99360000
19.39999902	0.00000000	-102.31300000	-34.36269000
19.59999901	0.00000000	-99.52632000	-34.69488000
19.79999900	0.00000000	-96.03223000	-34.73794000
19.99999898	0.00000000	-92.17519000	-34.73794000
20.19999897	0.00000000	-89.14246000	-34.73794000
20.39999896	0.00000000	-88.02903000	-34.73794000
20.59999895	0.00000000	-89.60999000	-34.73794000
20.79999894	0.00000000	-93.93454000	-34.73794000
20.99999892	0.00000000	-100.49830000	-34.73794000
21.19999891	0.00000000	-108.26160000	-34.73794000
21.39999890	0.00000000	-115.15750000	-34.73794000
21.59999889	0.00000000	-119.75890000	-34.73794000
21.79999888	0.00000000	-120.09100000	-34.73794000
21.99999886	0.00000000	-115.71730000	-34.73794000
22.19999885	0.00000000	-106.82210000	-34.73794000
22.39999884	0.00000000	-94.45743000	-34.73794000
22.59999883	0.00000000	-82.53568000	-34.73794000
22.79999882	0.00000000	-73.19143000	-34.73794000
22.99999881	0.00000000	-68.71924000	-34.73794000
23.19999879	0.00000000	-71.09375000	-34.69488000
23.39999878	0.00000000	-80.85629000	-34.31963000
23.59999877	0.00000000	-96.30905000	-33.57529000
23.79999876	0.00000000	-114.45000000	-33.15699000
23.99999875	0.00000000	-130.60410000	-32.78174000
24.19999873	0.00000000	-140.64960000	-32.41265000
24.39999872	0.00000000	-142.10140000	-32.82480000
24.59999871	0.00000000	-133.90750000	-33.62450000
24.79999870	0.00000000	-116.87990000	-35.19931000
24.99999869	0.00000000	-94.86958000	-37.43233000
25.19999867	0.00000000	-72.86540000	-38.96407000
25.39999866	0.00000000	-55.92396000	-39.38238000
25.59999865	0.00000000	-48.62204000	-38.96407000
25.79999864	0.00000000	-52.89739000	-37.38312000
25.99999863	0.00000000	-68.01795000	-34.64567000
26.19999862	0.00000000	-91.14788000	-31.15772000
26.39999860	0.00000000	-116.59690000	-27.30684000
26.59999859	0.00000000	-137.86290000	-24.23720000
26.79999858	0.00000000	-150.60900000	-22.69931000
26.99999857	0.00000000	-151.77160000	-23.16683000
27.19999856	0.00000000	-140.98180000	-26.32259000
27.39999854	0.00000000	-121.29670000	-32.12967000
27.59999853	0.00000000	-96.96111000	-39.47465000
27.79999852	0.00000000	-73.79429000	-46.81348000
27.99999851	0.00000000	-57.12967000	-52.53445000
28.19999850	0.00000000	-50.11073000	-54.76132000
28.39999848	0.00000000	-53.96776000	-52.02386000
28.59999847	0.00000000	-67.46432000	-44.63582000
28.79999846	0.00000000	-87.51845000	-33.80905000
28.99999845	0.00000000	-109.15350000	-21.45669000
29.19999844	0.00000000	-127.39300000	-10.71604000
29.39999843	0.00000000	-139.02560000	-4.16461600
29.59999841	0.00000000	-141.76920000	-3.83858300
29.79999840	0.00000000	-135.26080000	-10.02092000
29.99999839	0.00000000	-121.75810000	-21.67815000
30.19999838	0.00000000	-104.36150000	-36.73105000
30.39999837	0.00000000	-87.00172000	-52.20226000
30.59999835	0.00000000	-73.74507000	-64.52386000
30.79999834	0.00000000	-66.71382000	-71.02608000
30.99999833	0.00000000	-66.30167000	-69.40206000
31.19999832	0.00000000	-72.85925000	-59.41191000
31.39999831	0.00000000	-84.39960000	-43.61467000
31.59999829	0.00000000	-97.98843000	-25.81816000
31.79999828	0.00000000	-111.10970000	-9.55339400
31.99999827	0.00000000	-120.82920000	2.05462600
32.19999826	0.00000000	-125.15990000	6.65600300
32.39999825	0.00000000	-124.40940000	3.12500000
32.59999824	0.00000000	-118.55310000	-8.48302100
32.79999822	0.00000000	-108.59370000	-25.81816000
32.99999821	0.00000000	-97.37943000	-44.72810000
33.19999820	0.00000000	-87.69685000	-60.94365000
33.39999819	0.00000000	-81.09621000	-71.02608000
33.59999818	0.00000000	-79.14000000	-73.02534000
33.79999816	0.00000000	-81.79749000	-67.21825000
33.99999815	0.00000000	-87.93675000	-54.85359000
34.19999814	0.00000000	-96.07529000	-38.22588000
34.39999813	0.00000000	-104.18310000	-21.25984000
34.59999812	0.00000000	-110.73450000	-7.32652500
34.79999810	0.00000000	-113.81030000	0.38754920
34.99999809	0.00000000	-112.73990000	0.43061020
35.19999808	0.00000000	-108.50760000	-6.86515700
35.39999807	0.00000000	-102.36220000	-19.59276000
35.59999806	0.00000000	-95.79847000	-34.64567000
35.79999805	0.00000000	-90.81570000	-48.95423000
35.99999803	0.00000000	-88.44733000	-59.31963000
36.19999802	0.00000000	-89.23474000	-63.21973000
36.39999801	0.00000000	-92.63656000	-59.78715000
36.59999800	0.00000000	-97.65624000	-50.57824000
36.79999799	0.00000000	-102.64520000	-37.89370000
36.99999797	0.00000000	-106.59450000	-25.25221000
37.19999796	0.00000000	-108.79060000	-16.33243000
37.39999795	0.00000000	-108.45230000	-12.80143000
37.59999794	0.00000000	-105.01970000	-14.75763000
37.79999793	0.00000000	-100.82430000	-22.05339000
37.99999791	0.00000000	-96.45053000	-32.73868000
38.19999790	0.00000000	-92.26131000	-43.05487000
38.39999789	0.00000000	-89.60999000	-49.98154000
38.59999788	0.00000000	-89.60999000	-51.51329000
38.79999787	0.00000000	-92.26131000	-47.37327000
38.99999786	0.00000000	-96.45053000	-39.33932000
39.19999784	0.00000000	-100.73200000	-30.13656000
39.39999783	0.00000000	-104.26920000	-22.05339000
39.59999782	0.00000000	-107.01280000	-17.49508000
39.79999781	0.00000000	-108.50760000	-17.91339000
39.99999780	0.00000000	-108.08320000	-23.62820000
40.19999778	0.00000000	-105.43180000	-32.82480000
40.39999777	0.00000000	-101.57480000	-42.40895000
40.59999776	0.00000000	-97.70545000	-50.06767000
40.79999775	0.00000000	-94.17445000	-53.13730000
40.99999774	0.00000000	-91.84300000	-50.86122000
41.19999772	0.00000000	-90.63730000	-44.30979000
41.39999771	0.00000000	-90.68036000	-34.69488000
41.59999770	0.00000000	-92.26131000	-24.74778000
41.79999769	0.00000000	-95.33710000	-17.40280000
41.99999768	0.00000000	-99.19414000	-14.33317000
42.19999767	0.00000000	-102.68820000	-16.24631000
42.39999765	0.00000000	-105.38880000	-22.74852000
42.59999764	0.00000000	-106.59450000	-31.53297000
42.79999763	0.00000000	-106.27460000	-40.03444000
42.99999762	0.00000000	-105.47490000	-46.25984000
43.19999761	0.00000000	-103.85090000	-49.32948000
43.39999759	0.00000000	-101.19960000	-48.58514000
43.59999758	0.00000000	-98.49901000	-43.98991000
43.79999757	0.00000000	-96.54281000	-37.51845000
43.99999756	0.00000000	-95.33710000	-30.93012000
44.19999755	0.00000000	-94.91264000	-25.90428000
44.39999753	0.00000000	-94.86958000	-23.16683000
44.59999752	0.00000000	-94.86958000	-23.12377000
44.79999751	0.00000000	-94.86958000	-25.39985000
44.99999750	0.00000000	-94.91264000	-28.88779000
45.19999749	0.00000000	-95.28789000	-33.11393000
45.39999748	0.00000000	-96.16756000	-36.96481000
45.59999746	0.00000000	-97.75467000	-39.29626000
45.79999745	0.00000000	-100.86740000	-40.12672000
45.99999744	0.00000000	-104.26920000	-39.33932000
46.19999743	0.00000000	-107.05590000	-37.43233000
46.39999742	0.00000000	-108.92590000	-34.73794000
46.59999740	0.00000000	-109.28890000	-32.08661000
46.79999739	0.00000000	-107.29580000	-30.51181000
46.99999738	0.00000000	-103.38340000	-30.04429000
47.19999737	0.00000000	-97.52091000	-30.04429000
47.39999736	0.00000000	-90.63730000	-30.51181000
47.59999734	0.00000000	-84.91018000	-32.04355000
47.79999733	0.00000000	-82.21579000	-34.36269000
47.99999732	0.00000000	-83.37843000	-36.64493000
48.19999731	0.00000000	-88.02903000	-38.58883000
48.39999730	0.00000000	-95.42323000	-39.33932000
48.59999729	0.00000000	-104.31220000	-38.96407000
48.79999727	0.00000000	-112.73990000	-37.38312000
48.99999726	0.00000000	-118.13480000	-34.68873000
49.19999725	0.00000000	-118.87920000	-31.62524000
49.39999724	0.00000000	-115.01600000	-28.93085000
49.59999723	0.00000000	-106.92050000	-27.39296000
49.79999721	0.00000000	-96.91805000	-27.34990000
49.99999720	0.00000000	-87.65378000	-28.55561000
50.19999719	0.00000000	-81.09621000	-30.93012000
50.39999718	0.00000000	-79.14000000	-34.78100000
50.59999717	0.00000000	-81.84055000	-38.92101000
50.79999715	0.00000000	-88.40427000	-41.65846000
50.99999714	0.00000000	-97.65624000	-42.45201000
51.19999713	0.00000000	-106.87750000	-41.65846000
51.39999712	0.00000000	-113.81030000	-38.92101000
51.59999711	0.00000000	-116.50470000	-34.69488000
51.79999710	0.00000000	-114.22860000	-30.09350000
51.99999708	0.00000000	-108.12620000	-26.23647000
52.19999707	0.00000000	-100.03080000	-24.32948000
52.39999706	0.00000000	-92.35358000	-24.69857000
52.59999705	0.00000000	-86.91559000	-27.34990000
52.79999704	0.00000000	-85.00246000	-31.20078000
52.99999702	0.00000000	-86.91559000	-35.06397000
53.19999701	0.00000000	-92.26131000	-38.54576000
53.39999700	0.00000000	-99.15108000	-40.45890000
53.59999699	0.00000000	-105.29650000	-40.50196000
53.79999698	0.00000000	-109.20280000	-38.96407000
53.99999696	0.00000000	-109.99630000	-36.31274000
54.19999695	0.00000000	-108.04010000	-33.57529000
54.39999694	0.00000000	-103.43260000	-31.29306000
54.59999693	0.00000000	-97.33636000	-29.76747000
54.79999692	0.00000000	-92.35358000	-30.13656000
54.99999691	0.00000000	-89.60999000	-31.57603000
55.19999689	0.00000000	-89.60999000	-33.15699000
55.39999688	0.00000000	-92.30437000	-34.68873000
55.59999687	0.00000000	-96.86884000	-35.75910000
55.79999686	0.00000000	-101.85160000	-35.38385000
55.99999685	0.00000000	-105.34570000	-33.53223000
56.19999683	0.00000000	-106.92670000	-31.66830000
56.39999682	0.00000000	-106.50220000	-30.46260000
56.59999681	0.00000000	-103.85090000	-30.13656000
56.79999680	0.00000000	-99.98769000	-30.93012000
56.99999679	0.00000000	-96.16756000	-33.29232000
57.19999677	0.00000000	-93.05486000	-36.68799000
57.39999676	0.00000000	-91.93528000	-40.12672000
57.59999675	0.00000000	-92.63656000	-41.99065000
57.79999674	0.00000000	-94.96185000	-41.61540000
57.99999673	0.00000000	-97.98843000	-38.87795000
58.19999672	0.00000000	-100.73200000	-34.27042000
58.39999670	0.00000000	-102.64520000	-28.88779000
58.59999669	0.00000000	-103.43260000	-24.28026000
58.79999668	0.00000000	-102.64520000	-21.59203000
58.99999667	0.00000000	-100.78120000	-21.63509000
59.19999666	0.00000000	-98.49901000	-24.74778000
59.39999664	0.00000000	-96.96111000	-30.51181000
59.59999663	0.00000000	-96.49360000	-37.43233000
59.79999662	0.00000000	-96.49360000	-43.56545000
59.99999661	0.00000000	-96.91805000	-47.42249000
60.19999660	0.00000000	-98.03149000	-47.79773000
60.39999658	0.00000000	-99.14492000	-44.68504000
60.59999657	0.00000000	-99.61245000	-38.50270000
60.79999656	0.00000000	-99.94463000	-30.41954000
60.99999655	0.00000000	-99.88927000	-22.74852000
61.19999654	0.00000000	-98.40673000	-17.40280000
61.39999653	0.00000000	-96.91805000	-16.24631000
61.59999651	0.00000000	-96.11835000	-19.67889000
61.79999650	0.00000000	-95.70620000	-26.19340000
61.99999649	0.00000000	-96.16756000	-34.31963000
62.19999648	0.00000000	-97.28715000	-42.03371000
62.39999647	0.00000000	-99.23720000	-47.84079000
62.59999645	0.00000000	-101.10730000	-50.48597000
62.79999644	0.00000000	-102.31300000	-48.95423000
62.99999643	0.00000000	-102.68820000	-43.56545000
63.19999642	0.00000000	-102.26990000	-35.89444000
63.39999641	0.00000000	-100.73200000	-27.76821000
63.59999639	0.00000000	-98.40673000	-21.21063000
63.79999638	0.00000000	-96.11835000	-17.35974000
63.99999637	0.00000000	-94.17445000	-17.35974000
64.19999636	0.00000000	-93.42396000	-21.12451000
64.39999635	0.00000000	-93.79920000	-26.88853000
64.59999634	0.00000000	-95.38016000	-33.15699000
64.79999632	0.00000000	-98.03149000	-39.33932000
64.99999631	0.00000000	-100.73200000	-44.35285000
65.19999630	0.00000000	-102.64520000	-46.63509000
65.39999629	0.00000000	-103.43260000	-45.92765000
65.59999628	0.00000000	-102.68820000	-42.49508000
65.79999626	0.00000000	-101.15030000	-37.89370000
65.99999625	0.00000000	-99.19414000	-33.20005000
66.19999624	0.00000000	-96.91805000	-28.93085000
66.39999623	0.00000000	-95.42323000	-25.81816000
66.59999622	0.00000000	-95.38016000	-24.19414000
66.79999620	0.00000000	-96.49360000	-23.81890000
66.99999619	0.00000000	-98.03149000	-24.65551000
67.19999618	0.00000000	-99.56938000	-27.30684000
67.39999617	0.00000000	-100.68900000	-30.78248000
67.59999616	0.00000000	-100.68900000	-33.95054000
67.79999615	0.00000000	-99.56938000	-37.47539000
67.99999613	0.00000000	-97.98843000	-40.54502000
68.19999612	0.00000000	-96.07529000	-42.49508000
68.39999611	0.00000000	-94.17445000	-43.28247000
68.59999610	0.00000000	-93.46702000	-42.49508000
68.79999609	0.00000000	-94.21751000	-40.54502000
68.99999607	0.00000000	-96.58587000	-37.38312000
69.19999606	0.00000000	-99.98769000	-33.11393000
69.39999605	0.00000000	-103.51870000	-28.51255000
69.59999604	0.00000000	-106.13930000	-24.65551000
69.79999603	0.00000000	-107.33270000	-22.74852000
69.99999601	0.00000000	-106.09010000	-23.07455000
70.19999600	0.00000000	-103.05730000	-25.44291000
70.39999599	0.00000000	-98.36368000	-29.30610000
70.59999598	0.00000000	-93.42396000	-34.36269000
70.79999597	0.00000000	-89.51771000	-39.33932000
70.99999596	0.00000000	-87.61073000	-43.19635000
71.19999594	0.00000000	-88.02903000	-44.72810000
71.39999593	0.00000000	-91.14788000	-43.61467000
71.59999592	0.00000000	-96.49975000	-40.54502000
71.79999591	0.00000000	-102.26990000	-36.26968000
71.99999590	0.00000000	-106.92670000	-31.66830000
72.19999588	0.00000000	-109.66410000	-27.76821000
72.39999587	0.00000000	-110.03940000	-25.48597000
72.59999586	0.00000000	-108.08320000	-25.03076000
72.79999585	0.00000000	-103.80780000	-26.59941000
72.99999584	0.00000000	-98.08070000	-29.25689000
73.19999582	0.00000000	-92.67962000	-32.73868000
73.39999581	0.00000000	-89.14246000	-35.71604000
73.59999580	0.00000000	-87.56152000	-36.96481000
73.79999579	0.00000000	-87.98597000	-36.59571000
73.99999578	0.00000000	-90.68036000	-35.51919000
74.19999577	0.00000000	-94.91264000	-33.95054000
74.39999575	0.00000000	-99.52632000	-32.87401000
74.59999574	0.00000000	-103.43260000	-32.46186000
74.79999573	0.00000000	-105.71480000	-33.24926000
74.99999572	0.00000000	-106.17620000	-34.73794000
75.19999571	0.00000000	-104.64440000	-36.22662000
75.39999569	0.00000000	-102.31300000	-36.96481000
75.59999568	0.00000000	-99.19414000	-36.22662000
75.79999567	0.00000000	-95.79847000	-34.64567000
75.99999566	0.00000000	-93.84227000	-32.27731000
76.19999565	0.00000000	-93.38090000	-28.83858000
76.39999563	0.00000000	-93.75615000	-25.86122000
76.59999562	0.00000000	-94.91264000	-24.65551000
76.79999561	0.00000000	-96.40748000	-25.44291000
76.99999560	0.00000000	-97.56396000	-27.81127000
77.19999559	0.00000000	-97.98843000	-32.08661000
77.39999558	0.00000000	-98.03149000	-37.42618000
77.59999556	0.00000000	-98.03149000	-42.03371000
77.79999555	0.00000000	-98.07455000	-44.72810000
77.99999554	0.00000000	-98.44980000	-44.72810000
78.19999553	0.00000000	-99.23720000	-42.03371000
78.39999552	0.00000000	-99.98769000	-37.42618000
78.59999550	0.00000000	-100.78120000	-31.99434000
78.79999549	0.00000000	-101.10730000	-26.97465000
78.99999548	0.00000000	-100.73200000	-23.07455000
79.19999547	0.00000000	-99.52632000	-21.16757000
79.39999546	0.00000000	-97.61318000	-21.59203000
79.59999544	0.00000000	-95.28789000	-24.65551000
79.79999543	0.00000000	-93.42396000	-29.66904000
79.99999542	0.00000000	-92.63656000	-35.07013000
80.19999541	0.00000000	-93.42396000	-40.12672000
80.39999540	0.00000000	-95.28789000	-43.57160000
80.59999539	0.00000000	-97.65624000	-44.77116000
80.79999537	0.00000000	-99.98769000	-43.65773000
80.99999536	0.00000000	-102.31300000	-40.96333000
81.19999535	0.00000000	-103.80780000	-37.43233000
81.39999534	0.00000000	-103.80780000	-33.15699000
81.59999533	0.00000000	-102.31300000	-28.93085000
81.79999531	0.00000000	-99.98769000	-25.81816000
81.99999530	0.00000000	-97.65624000	-24.23720000
82.19999529	0.00000000	-95.33710000	-24.23720000
82.39999528	0.00000000	-93.79920000	-25.77510000
82.59999527	0.00000000	-93.42396000	-28.51255000
82.79999525	0.00000000	-94.17445000	-31.99434000
82.99999524	0.00000000	-96.07529000	-35.89444000
83.19999523	0.00000000	-97.98843000	-39.38238000
83.39999522	0.00000000	-99.56938000	-42.11983000
83.59999521	0.00000000	-100.73200000	-43.61467000
83.79999520	0.00000000	-101.10730000	-43.23941000
83.99999518	0.00000000	-100.78120000	-40.92027000
84.19999517	0.00000000	-99.98769000	-37.43233000
84.39999516	0.00000000	-99.23720000	-33.15699000
84.59999515	0.00000000	-98.44980000	-28.88779000
84.79999514	0.00000000	-98.07455000	-25.44291000
84.99999512	0.00000000	-98.03149000	-23.49901000
85.19999511	0.00000000	-98.03149000	-23.86196000
85.39999510	0.00000000	-97.98843000	-25.77510000
85.59999509	0.00000000	-97.61318000	-28.97392000
85.79999508	0.00000000	-96.86884000	-33.62450000
85.99999506	0.00000000	-96.49360000	-38.96407000
86.19999505	0.00000000	-96.49360000	-43.14714000
86.39999504	0.00000000	-96.86884000	-44.77116000
86.59999503	0.00000000	-97.69931000	-43.98376000
86.79999502	0.00000000	-98.82504000	-41.28322000
86.99999501	0.00000000	-100.40600000	-36.64493000
87.19999499	0.00000000	-101.53170000	-31.61909000
87.39999498	0.00000000	-102.31300000	-26.97465000
87.59999497	0.00000000	-102.22690000	-23.54207000
87.79999496	0.00000000	-100.73200000	-22.79158000
87.99999495	0.00000000	-98.44980000	-24.65551000
88.19999493	0.00000000	-96.49360000	-28.51255000
88.39999492	0.00000000	-94.91264000	-33.15699000
88.59999491	0.00000000	-93.79920000	-37.80142000
88.79999490	0.00000000	-93.79920000	-41.61540000
88.99999489	0.00000000	-94.96185000	-43.10408000
89.19999487	0.00000000	-96.82578000	-41.56618000
89.39999486	0.00000000	-98.77583000	-37.42618000
89.59999485	0.00000000	-99.94463000	-32.41265000
89.79999484	0.00000000	-100.78120000	-28.13730000
89.99999483	0.00000000	-101.10730000	-24.65551000
90.19999482	0.00000000	-100.73200000	-23.20989000
90.39999480	0.00000000	-99.56938000	-24.69857000
90.59999479	0.00000000	-98.07455000	-28.51255000
90.79999478	0.00000000	-96.86884000	-33.11393000
90.99999477	0.00000000	-96.07529000	-37.38312000
91.19999476	0.00000000	-95.33710000	-40.45275000
91.39999474	0.00000000	-95.38016000	-41.57234000
91.59999473	0.00000000	-96.40748000	-40.03444000
91.79999472	0.00000000	-97.19488000	-36.22662000
91.99999471	0.00000000	-97.24409000	-31.61909000
92.19999470	0.00000000	-97.65624000	-27.34990000
92.39999468	0.00000000	-97.98843000	-24.32333000
92.59999467	0.00000000	-98.03149000	-23.58514000
92.79999466	0.00000000	-98.03149000	-25.86122000
92.99999465	0.00000000	-98.07455000	-30.04429000
93.19999464	0.00000000	-98.49901000	-34.64567000
93.39999463	0.00000000	-99.61245000	-38.50270000
93.59999461	0.00000000	-100.68900000	-40.40969000
93.79999460	0.00000000	-100.68900000	-40.03444000
93.99999459	0.00000000	-99.56938000	-37.38312000
94.19999458	0.00000000	-98.03149000	-33.57529000
94.39999457	0.00000000	-96.45053000	-30.08735000
94.59999455	0.00000000	-94.86958000	-27.34990000
94.79999454	0.00000000	-93.38090000	-25.86122000
94.99999453	0.00000000	-92.63656000	-26.27953000
95.19999452	0.00000000	-93.42396000	-28.97392000
95.39999451	0.00000000	-95.33710000	-33.15699000
95.59999449	0.00000000	-98.08070000	-37.34006000
95.79999448	0.00000000	-101.15030000	-40.03444000
95.99999447	0.00000000	-103.85090000	-40.45890000
96.19999446	0.00000000	-105.38880000	-38.96407000
96.39999445	0.00000000	-105.38880000	-36.26968000
96.59999444	0.00000000	-103.80780000	-33.15699000
96.79999442	0.00000000	-100.68900000	-30.08735000
96.99999441	0.00000000	-96.49975000	-27.81127000
97.19999440	0.00000000	-92.63656000	-27.43602000
97.39999439	0.00000000	-90.26205000	-28.93085000
97.59999438	0.00000000	-89.09940000	-31.57603000
97.79999436	0.00000000	-89.51771000	-34.27042000
97.99999435	0.00000000	-91.84300000	-36.22662000
98.19999434	0.00000000	-95.33710000	-37.38312000
98.39999433	0.00000000	-99.56938000	-37.38312000
98.59999432	0.00000000	-103.43260000	-36.26968000
98.79999430	0.00000000	-105.76400000	-34.73794000
98.99999429	0.00000000	-106.55140000	-33.20005000
99.19999428	0.00000000	-105.34570000	-32.04355000
99.39999427	0.00000000	-102.31300000	-31.61909000
99.59999426	0.00000000	-98.44980000	-31.57603000
99.79999425	0.00000000	-94.91264000	-31.57603000
99.99999423	0.00000000	-91.79995000	-31.57603000
100.19999422	0.00000000	-89.51771000	-31.57603000
100.39999421	0.00000000	-89.14246000	-31.57603000
100.59999420	0.00000000	-90.63730000	-31.57603000
100.79999419	0.00000000	-93.33169000	-31.57603000
100.99999417	0.00000000	-96.45053000	-31.61909000
101.19999416	0.00000000	-99.52632000	-32.04355000
101.39999415	0.00000000	-101.89470000	-33.20005000
101.59999414	0.00000000	-103.11270000	-34.68873000
101.79999413	0.00000000	-103.85090000	-35.89444000
101.99999411	0.00000000	-103.38950000	-36.59571000
102.19999410	0.00000000	-101.10730000	-36.54650000
102.39999409	0.00000000	-98.08070000	-34.64567000
102.59999408	0.00000000	-95.38016000	-32.04355000
102.79999407	0.00000000	-93.75615000	-30.04429000
102.99999406	0.00000000	-92.95644000	-28.46333000
103.19999404	0.00000000	-92.59350000	-27.34990000
103.39999403	0.00000000	-93.38090000	-27.39296000
103.59999402	0.00000000	-94.86958000	-28.93085000
103.79999401	0.00000000	-96.49360000	-31.62524000
103.99999400	0.00000000	-98.40673000	-34.68873000
104.19999398	0.00000000	-100.31370000	-37.38312000
104.39999397	0.00000000	-101.10730000	-38.92101000
104.59999396	0.00000000	-101.15650000	-38.92101000
104.79999395	0.00000000	-100.73200000	-37.38312000
104.99999394	0.00000000	-99.56938000	-34.73794000
105.19999392	0.00000000	-98.03149000	-32.04355000
105.39999391	0.00000000	-96.49360000	-30.08735000
105.59999390	0.00000000	-95.33710000	-28.93085000
105.79999389	0.00000000	-94.96185000	-28.93085000
105.99999388	0.00000000	-95.33710000	-30.08735000
106.19999387	0.00000000	-96.49360000	-31.99434000
106.39999385	0.00000000	-97.98843000	-34.31963000
106.59999384	0.00000000	-99.14492000	-36.17741000
106.79999383	0.00000000	-99.52017000	-36.96481000
106.99999382	0.00000000	-99.19414000	-36.22662000
107.19999381	0.00000000	-98.40673000	-34.73794000
107.39999379	0.00000000	-97.61318000	-33.15699000
107.59999378	0.00000000	-96.49360000	-31.62524000
107.79999377	0.00000000	-95.75541000	-30.46260000
107.99999376	0.00000000	-96.07529000	-30.09350000
108.19999375	0.00000000	-96.45053000	-30.46260000
108.39999374	0.00000000	-96.91805000	-31.62524000
108.59999372	0.00000000	-98.03149000	-33.15699000
108.79999371	0.00000000	-99.14492000	-34.68873000
108.99999370	0.00000000	-99.56938000	-35.80217000
109.19999369	0.00000000	-99.56938000	-35.80217000
109.39999368	0.00000000	-99.14492000	-34.68873000
109.59999366	0.00000000	-97.98843000	-33.15699000
109.79999365	0.00000000	-96.49360000	-31.57603000
109.99999364	0.00000000	-95.33710000	-30.04429000
110.19999363	0.00000000	-94.96185000	-28.93085000
110.39999362	0.00000000	-95.33710000	-28.93085000
110.59999360	0.00000000	-96.45053000	-30.04429000
110.79999359	0.00000000	-97.61318000	-31.57603000
110.99999358	0.00000000	-98.40673000	-33.15699000
111.19999357	0.00000000	-99.19414000	-34.68873000
111.39999356	0.00000000	-99.56938000	-35.85138000
111.59999355	0.00000000	-99.56938000	-36.22047000
111.79999353	0.00000000	-99.19414000	-35.85138000
111.99999352	0.00000000	-98.40673000	-34.68873000
112.19999351	0.00000000	-97.65624000	-33.20005000
112.39999350	0.00000000	-96.86884000	-32.04355000
112.59999349	0.00000000	-96.49360000	-31.61909000
112.79999347	0.00000000	-96.45053000	-31.57603000
112.99999346	0.00000000	-96.49360000	-31.57603000
113.19999345	0.00000000	-96.86884000	-31.61909000
113.39999344	0.00000000	-97.65624000	-31.99434000
113.59999343	0.00000000	-98.36368000	-32.73868000
113.79999341	0.00000000	-98.77583000	-33.11393000
113.99999340	0.00000000	-98.40673000	-33.15699000
114.19999339	0.00000000	-98.07455000	-33.20005000
114.39999338	0.00000000	-97.98843000	-33.57529000
114.59999337	0.00000000	-97.61318000	-34.31963000
114.79999336	0.00000000	-96.86884000	-34.69488000
114.99999334	0.00000000	-96.49360000	-34.73794000
115.19999333	0.00000000	-96.45053000	-34.73794000
115.39999332	0.00000000	-96.49360000	-34.73794000
115.59999331	0.00000000	-96.86884000	-34.69488000
115.79999330	0.00000000	-97.61318000	-34.31963000
115.99999328	0.00000000	-97.98843000	-33.53223000
116.19999327	0.00000000	-98.03149000	-32.78174000
116.39999326	0.00000000	-98.03149000	-31.99434000
116.59999325	0.00000000	-98.07455000	-31.61909000
116.79999324	0.00000000	-98.40673000	-31.57603000
116.99999322	0.00000000	-98.77583000	-31.61909000
117.19999321	0.00000000	-98.36368000	-31.99434000
117.39999320	0.00000000	-97.65624000	-32.78174000
117.59999319	0.00000000	-96.82578000	-33.53223000
117.79999318	0.00000000	-96.07529000	-34.31963000
117.99999317	0.00000000	-95.28789000	-34.69488000
118.19999315	0.00000000	-94.96185000	-34.73794000
118.39999314	0.00000000	-95.28789000	-34.69488000
118.59999313	0.00000000	-96.07529000	-34.27042000
118.79999312	0.00000000	-96.86884000	-33.15699000
118.99999311	0.00000000	-98.03149000	-32.04355000
119.19999309	0.00000000	-99.14492000	-31.61909000
119.39999308	0.00000000	-99.56938000	-31.57603000
119.59999307	0.00000000	-99.56938000	-31.57603000
119.79999306	0.00000000	-99.14492000	-31.57603000
119.99999305	0.00000000	-97.98843000	-31.57603000
120.19999303	0.00000000	-96.49360000	-31.57603000
120.39999302	0.00000000	-95.28789000	-31.61909000
120.59999301	0.00000000	-94.49434000	-31.99434000
120.79999300	0.00000000	-93.75615000	-32.73868000
120.99999299	0.00000000	-93.79920000	-33.11393000
121.19999298	0.00000000	-94.91264000	-33.15699000
121.39999296	0.00000000	-96.45053000	-33.15699000
121.59999295	0.00000000	-97.98843000	-33.15699000
121.79999294	0.00000000	-99.14492000	-33.15699000
121.99999293	0.00000000	-99.56938000	-33.11393000
122.19999292	0.00000000	-99.61245000	-32.73868000
122.39999290	0.00000000	-99.56938000	-31.99434000
122.59999289	0.00000000	-99.19414000	-31.61909000
122.79999288	0.00000000	-98.40673000	-31.53297000
122.99999287	0.00000000	-97.61318000	-31.20078000
123.19999286	0.00000000	-96.45053000	-30.83784000
123.39999284	0.00000000	-95.33710000	-31.20078000
123.59999283	0.00000000	-94.91264000	-31.57603000
123.79999282	0.00000000	-94.86958000	-31.99434000
123.99999281	0.00000000	-94.91264000	-32.73868000
124.19999280	0.00000000	-95.28789000	-33.11393000
124.39999279	0.00000000	-96.11835000	-33.20005000
124.59999277	0.00000000	-97.20103000	-33.53223000
124.79999276	0.00000000	-98.40059000	-33.90133000
124.99999275	0.00000000	-98.78198000	-33.48917000
125.19999274	0.00000000	-99.19414000	-32.78174000
125.39999273	0.00000000	-99.14492000	-31.99434000
125.59999271	0.00000000	-98.44980000	-31.61909000
125.79999270	0.00000000	-98.03149000	-31.57603000
125.99999269	0.00000000	-97.56396000	-31.57603000
126.19999268	0.00000000	-96.45053000	-31.57603000
126.39999267	0.00000000	-95.33710000	-31.57603000
126.59999265	0.00000000	-94.91264000	-31.61909000
126.79999264	0.00000000	-94.86958000	-31.99434000
126.99999263	0.00000000	-94.91264000	-32.73868000
127.19999262	0.00000000	-95.33710000	-33.11393000
127.39999261	0.00000000	-96.49360000	-33.15699000
127.59999260	0.00000000	-97.98843000	-33.15699000
127.79999258	0.00000000	-99.14492000	-33.15699000
127.99999257	0.00000000	-99.56938000	-33.15699000
128.19999256	0.00000000	-99.56938000	-33.11393000
128.39999255	0.00000000	-99.14492000	-32.73868000
128.59999254	0.00000000	-97.98843000	-31.99434000
128.79999252	0.00000000	-96.49360000	-31.61909000
128.99999251	0.00000000	-95.33710000	-31.61909000
129.19999250	0.00000000	-94.91264000	-31.99434000
129.39999249	0.00000000	-94.91264000	-32.73868000
129.59999248	0.00000000	-95.28789000	-33.11393000
129.79999246	0.00000000	-96.07529000	-33.15699000
129.99999245	0.00000000	-96.86884000	-33.15699000
130.19999244	0.00000000	-98.03149000	-33.15699000
130.39999243	0.00000000	-99.14492000	-33.15699000
130.59999242	0.00000000	-99.52017000	-33.11393000
130.79999241	0.00000000	-99.14492000	-32.73868000
130.99999239	0.00000000	-97.98843000	-31.99434000
131.19999238	0.00000000	-96.49360000	-31.66830000
131.39999237	0.00000000	-95.33710000	-31.99434000
131.59999236	0.00000000	-94.91264000	-32.73868000
131.79999235	0.00000000	-94.91264000	-33.11393000
131.99999233	0.00000000	-95.28789000	-33.20005000
132.19999232	0.00000000	-96.07529000	-33.57529000
132.39999231	0.00000000	-96.82578000	-34.31963000
132.59999230	0.00000000	-97.61318000	-34.64567000
132.79999229	0.00000000	-97.98843000	-34.31963000
132.99999227	0.00000000	-98.03149000	-33.53223000
133.19999226	0.00000000	-97.98843000	-32.73868000
133.39999225	0.00000000	-97.65624000	-31.62524000
133.59999224	0.00000000	-97.24409000	-30.88090000
133.79999223	0.00000000	-97.23794000	-31.20078000
133.99999222	0.00000000	-96.82578000	-31.53297000
134.19999220	0.00000000	-96.49360000	-31.61909000
134.39999219	0.00000000	-96.45053000	-31.99434000
134.59999218	0.00000000	-96.45053000	-32.78174000
134.79999217	0.00000000	-96.45053000	-33.53223000
134.99999216	0.00000000	-96.45053000	-34.31963000
135.19999214	0.00000000	-96.45053000	-34.64567000
135.39999213	0.00000000	-96.45053000	-34.31963000
135.59999212	0.00000000	-96.45053000	-33.53223000
135.79999211	0.00000000	-96.45053000	-32.78174000
135.99999210	0.00000000	-96.45053000	-31.99434000
136.19999208	0.00000000	-96.49360000	-31.57603000
136.39999207	0.00000000	-96.86884000	-31.20078000
136.59999206	0.00000000	-97.65624000	-30.83784000
136.79999205	0.00000000	-98.36368000	-31.20078000
136.99999204	0.00000000	-98.72662000	-31.53297000
137.19999203	0.00000000	-97.98843000	-31.61909000
137.39999201	0.00000000	-96.86884000	-31.99434000
137.59999200	0.00000000	-96.07529000	-32.78174000
137.79999199	0.00000000	-95.28789000	-33.53223000
137.99999198	0.00000000	-94.91264000	-34.31963000
138.19999197	0.00000000	-94.91264000	-34.64567000
138.39999195	0.00000000	-95.28789000	-34.31963000
138.59999194	0.00000000	-96.07529000	-33.57529000
138.79999193	0.00000000	-96.82578000	-33.15699000
138.99999192	0.00000000	-97.61318000	-32.73868000
139.19999191	0.00000000	-97.98843000	-31.99434000
139.39999189	0.00000000	-97.98843000	-31.61909000
139.59999188	0.00000000	-97.61318000	-31.53297000
139.79999187	0.00000000	-96.86884000	-31.15772000
139.99999186	0.00000000	-96.45053000	-30.46260000
140.19999185	0.00000000	-96.03223000	-30.51181000
140.39999184	0.00000000	-95.28789000	-31.57603000
140.59999182	0.00000000	-94.96185000	-32.73868000
140.79999181	0.00000000	-95.28789000	-33.53223000
140.99999180	0.00000000	-96.03223000	-34.31963000
141.19999179	0.00000000	-96.45053000	-34.69488000
141.39999178	0.00000000	-96.86884000	-34.69488000
141.59999176	0.00000000	-97.56396000	-34.27042000
141.79999175	0.00000000	-97.56396000	-33.15699000
141.99999174	0.00000000	-96.86884000	-32.04355000
142.19999173	0.00000000	-96.49360000	-31.57603000
142.39999172	0.00000000	-96.45053000	-31.15772000
142.59999170	0.00000000	-96.45053000	-30.46260000
142.79999169	0.00000000	-96.45053000	-30.51181000
142.99999168	0.00000000	-96.45053000	-31.57603000
143.19999167	0.00000000	-96.45053000	-32.68946000
143.39999166	0.00000000	-96.45053000	-33.15699000
143.59999165	0.00000000	-96.45053000	-33.57529000
143.79999163	0.00000000	-96.45053000	-34.27042000
143.99999162	0.00000000	-96.45053000	-34.27042000
144.19999161	0.00000000	-96.45053000	-33.57529000
144.39999160	0.00000000	-96.45053000	-33.15699000
144.59999159	0.00000000	-96.40748000	-32.73868000
144.79999157	0.00000000	-96.07529000	-31.99434000
144.99999156	0.00000000	-95.70620000	-31.61909000
145.19999155	0.00000000	-96.07529000	-31.57603000
145.39999154	0.00000000	-96.45053000	-31.61909000
145.59999153	0.00000000	-96.86884000	-31.99434000
145.79999151	0.00000000	-97.61318000	-32.78174000
145.99999150	0.00000000	-97.98843000	-33.53223000
146.19999149	0.00000000	-98.03149000	-34.31963000
146.39999148	0.00000000	-97.98843000	-34.69488000
146.59999147	0.00000000	-97.61318000	-34.69488000
146.79999146	0.00000000	-96.86884000	-34.31963000
146.99999144	0.00000000	-96.49360000	-33.53223000
147.19999143	0.00000000	-96.45053000	-32.78174000
147.39999142	0.00000000	-96.45053000	-31.99434000
147.59999141	0.00000000	-96.45053000	-31.61909000
147.79999140	0.00000000	-96.45053000	-31.57603000
147.99999138	0.00000000	-96.49360000	-31.57603000
148.19999137	0.00000000	-96.86884000	-31.57603000
148.39999136	0.00000000	-97.61318000	-31.57603000
148.59999135	0.00000000	-97.98843000	-31.61909000
148.79999134	0.00000000	-97.98843000	-31.99434000
148.99999132	0.00000000	-97.61318000	-32.73868000
149.19999131	0.00000000	-96.86884000	-33.11393000
149.39999130	0.00000000	-96.49360000	-33.15699000
149.59999129	0.00000000	-96.40748000	-33.15699000
149.79999128	0.00000000	-96.03223000	-33.11393000
149.99999127	0.00000000	-95.28789000	-32.73868000
150.19999125	0.00000000	-94.96185000	-31.99434000
150.39999124	0.00000000	-95.28789000	-31.61909000
150.59999123	0.00000000	-96.03223000	-31.57603000
150.79999122	0.00000000	-96.40748000	-31.57603000
150.99999121	0.00000000	-96.45053000	-31.57603000
151.19999119	0.00000000	-96.45053000	-31.57603000
151.39999118	0.00000000	-96.45053000	-31.57603000
151.59999117	0.00000000	-96.45053000	-31.57603000
151.79999116	0.00000000	-96.45053000	-31.57603000
151.99999115	0.00000000	-96.45053000	-31.57603000
152.19999113	0.00000000	-96.45053000	-31.57603000
152.39999112	0.00000000	-96.40748000	-31.57603000
152.59999111	0.00000000	-96.03223000	-31.57603000
152.79999110	0.00000000	-95.28789000	-31.57603000
152.99999109	0.00000000	-94.91264000	-31.57603000
153.19999108	0.00000000	-94.91264000	-31.57603000
153.39999106	0.00000000	-95.28789000	-31.57603000
153.59999105	0.00000000	-96.03223000	-31.57603000
153.79999104	0.00000000	-96.40748000	-31.57603000
153.99999103	0.00000000	-96.49360000	-31.57603000
154.19999102	0.00000000	-96.86884000	-31.57603000
154.39999100	0.00000000	-97.56396000	-31.57603000
154.59999099	0.00000000	-97.56396000	-31.57603000
154.79999098	0.00000000	-96.86884000	-31.57603000
154.99999097	0.00000000	-96.49360000	-31.61909000
155.19999096	0.00000000	-96.45053000	-31.99434000
155.39999094	0.00000000	-96.40748000	-32.73868000
155.59999093	0.00000000	-96.03223000	-33.11393000
155.79999092	0.00000000	-95.28789000	-33.15699000
155.99999091	0.00000000	-94.91264000	-33.11393000
156.19999090	0.00000000	-94.86958000	-32.73868000
156.39999089	0.00000000	-94.91264000	-31.99434000
156.59999087	0.00000000	-95.33710000	-31.61909000
156.79999086	0.00000000	-96.40748000	-31.57603000
156.99999085	0.00000000	-97.19488000	-31.57603000
157.19999084	0.00000000	-97.20103000	-31.57603000
157.39999083	0.00000000	-97.23794000	-31.57603000
157.59999081	0.00000000	-96.82578000	-31.57603000
157.79999080	0.00000000	-96.49360000	-31.57603000
157.99999079	0.00000000	-96.45053000	-31.61909000
158.19999078	0.00000000	-96.45053000	-31.99434000
158.39999077	0.00000000	-96.40748000	-32.73868000
158.59999075	0.00000000	-96.03223000	-33.06471000
158.79999074	0.00000000	-95.28789000	-32.78174000
158.99999073	0.00000000	-94.96185000	-32.36959000
159.19999072	0.00000000	-95.28789000	-32.36343000
159.39999071	0.00000000	-96.03223000	-31.95128000
159.59999070	0.00000000	-96.40748000	-31.61909000
159.79999068	0.00000000	-96.45053000	-31.53297000
159.99999067	0.00000000	-96.45053000	-31.15772000
160.19999066	0.00000000	-96.45053000	-30.46260000
160.39999065	0.00000000	-96.45053000	-30.46260000
160.59999064	0.00000000	-96.45053000	-31.15772000
160.79999062	0.00000000	-96.45053000	-31.57603000
160.99999061	0.00000000	-96.45053000	-31.99434000
161.19999060	0.00000000	-96.45053000	-32.73868000
161.39999059	0.00000000	-96.45053000	-33.11393000
161.59999058	0.00000000	-96.40748000	-33.15699000
161.79999056	0.00000000	-96.03223000	-33.15699000
161.99999055	0.00000000	-95.28789000	-33.11393000
162.19999054	0.00000000	-94.91264000	-32.73868000
162.39999053	0.00000000	-94.91264000	-31.99434000
162.59999052	0.00000000	-95.28789000	-31.61909000
162.79999051	0.00000000	-96.03223000	-31.57603000
162.99999049	0.00000000	-96.40748000	-31.57603000
163.19999048	0.00000000	-96.45053000	-31.57603000
163.39999047	0.00000000	-96.45053000	-31.57603000
163.59999046	0.00000000	-96.45053000	-31.61909000
163.79999045	0.00000000	-96.45053000	-31.99434000
163.99999043	0.00000000	-96.45053000	-32.73868000
164.19999042	0.00000000	-96.45053000	-33.11393000
164.39999041	0.00000000	-96.45053000	-33.15699000
164.59999040	0.00000000	-96.40748000	-33.11393000
164.79999039	0.00000000	-96.07529000	-32.78174000
164.99999037	0.00000000	-95.66313000	-32.36959000
165.19999036	0.00000000	-95.65698000	-32.36343000
165.39999035	0.00000000	-95.28789000	-31.95128000
165.59999034	0.00000000	-95.33710000	-31.61909000
165.79999033	0.00000000	-95.98302000	-31.57603000
165.99999032	0.00000000	-96.03223000	-31.57603000
166.19999030	0.00000000	-95.70620000	-31.57603000
166.39999029	0.00000000	-96.07529000	-31.57603000
166.59999028	0.00000000	-96.40748000	-31.57603000
166.79999027	0.00000000	-96.45053000	-31.57603000
166.99999026	0.00000000	-96.45053000	-31.57603000
167.19999024	0.00000000	-96.45053000	-31.57603000
167.39999023	0.00000000	-96.45053000	-31.57603000
167.59999022	0.00000000	-96.40748000	-31.57603000
167.79999021	0.00000000	-96.03223000	-31.57603000
167.99999020	0.00000000	-95.28789000	-31.57603000
168.19999018	0.00000000	-94.91264000	-31.57603000
168.39999017	0.00000000	-94.86958000	-31.57603000
168.59999016	0.00000000	-94.86958000	-31.57603000
168.79999015	0.00000000	-94.91264000	-31.57603000
168.99999014	0.00000000	-95.28789000	-31.57603000
169.19999013	0.00000000	-96.03223000	-31.57603000
169.39999011	0.00000000	-96.40748000	-31.57603000
169.59999010	0.00000000	-96.45053000	-31.57603000
169.79999009	0.00000000	-96.45053000	-31.57603000
169.99999008	0.00000000	-96.45053000	-31.57603000
170.19999007	0.00000000	-96.40748000	-31.57603000
170.39999005	0.00000000	-96.07529000	-31.61909000
170.59999004	0.00000000	-95.66313000	-31.95128000
170.79999003	0.00000000	-95.65698000	-32.32037000
170.99999002	0.00000000	-95.24483000	-31.95128000
171.19999001	0.00000000	-94.91264000	-31.61909000
171.39998999	0.00000000	-94.86958000	-31.61909000
171.59998998	0.00000000	-94.86958000	-31.95128000
171.79998997	0.00000000	-94.86958000	-32.36343000
171.99998996	0.00000000	-94.91264000	-32.32653000
172.19998995	0.00000000	-95.28789000	-32.40649000
172.39998994	0.00000000	-96.03223000	-32.36959000
172.59998992	0.00000000	-96.40748000	-32.73868000
172.79998991	0.00000000	-96.45053000	-32.68946000
172.99998990	0.00000000	-96.45053000	-31.99434000
173.19998989	0.00000000	-96.45053000	-31.66830000
173.39998988	0.00000000	-96.45053000	-31.95128000
173.59998986	0.00000000	-96.40748000	-32.32037000
173.79998985	0.00000000	-96.03223000	-31.95128000
173.99998984	0.00000000	-95.33710000	-31.61909000
174.19998983	0.00000000	-95.33710000	-31.61909000
174.39998982	0.00000000	-95.98302000	-31.95128000
174.59998980	0.00000000	-96.03223000	-32.36343000
174.79998979	0.00000000	-95.70620000	-32.36959000
174.99998978	0.00000000	-96.07529000	-32.73868000
175.19998977	0.00000000	-96.40748000	-32.73868000
175.39998976	0.00000000	-96.45053000	-32.36959000
175.59998975	0.00000000	-96.40748000	-32.36343000
175.79998973	0.00000000	-96.03223000	-31.95128000
175.99998972	0.00000000	-95.33710000	-31.61909000
176.19998971	0.00000000	-95.33710000	-31.57603000
176.39998970	0.00000000	-95.98302000	-31.57603000
176.59998969	0.00000000	-96.03223000	-31.57603000
176.79998967	0.00000000	-95.70620000	-31.61909000
176.99998966	0.00000000	-96.07529000	-31.99434000
177.19998965	0.00000000	-96.40748000	-32.68946000
177.39998964	0.00000000	-96.45053000	-32.73868000
177.59998963	0.00000000	-96.45053000	-32.41265000
177.79998961	0.00000000	-96.45053000	-32.78174000
177.99998960	0.00000000	-96.45053000	-33.06471000
178.19998959	0.00000000	-96.45053000	-32.73868000
178.39998958	0.00000000	-96.45053000	-31.99434000
178.59998957	0.00000000	-96.45053000	-31.61909000
178.79998956	0.00000000	-96.45053000	-31.57603000
178.99998954	0.00000000	-96.45053000	-31.57603000
179.19998953	0.00000000	-96.40748000	-31.57603000
179.39998952	0.00000000	-96.03223000	-31.57603000
179.59998951	0.00000000	-95.28789000	-31.57603000
179.79998950	0.00000000	-94.91264000	-31.57603000
179.99998948	0.00000000	-94.91264000	-31.57603000
180.19998947	0.00000000	-95.28789000	-31.61909000
180.39998946	0.00000000	-95.98302000	-31.95128000
180.59998945	0.00000000	-95.98302000	-32.32037000
180.79998944	0.00000000	-95.33710000	-31.95128000
180.99998942	0.00000000	-95.33710000	-31.61909000
181.19998941	0.00000000	-95.98302000	-31.57603000
181.39998940	0.00000000	-95.98302000	-31.57603000
181.59998939	0.00000000	-95.33710000	-31.57603000
181.79998938	0.00000000	-95.28789000	-31.57603000
181.99998937	0.00000000	-95.61392000	-31.57603000
182.19998935	0.00000000	-95.24483000	-31.57603000
182.39998934	0.00000000	-94.91264000	-31.57603000
182.59998933	0.00000000	-94.86958000	-31.57603000
182.79998932	0.00000000	-94.86958000	-31.57603000
182.99998931	0.00000000	-94.86958000	-31.57603000
183.19998929	0.00000000	-94.86958000	-31.57603000
183.39998928	0.00000000	-94.86958000	-31.57603000
183.59998927	0.00000000	-94.86958000	-31.57603000
183.79998926	0.00000000	-94.91264000	-31.57603000
183.99998925	0.00000000	-95.28789000	-31.57603000
184.19998923	0.00000000	-95.98302000	-31.57603000
184.39998922	0.00000000	-96.03223000	-31.57603000
184.59998921	0.00000000	-95.70620000	-31.53297000
184.79998920	0.00000000	-96.03223000	-31.15772000
184.99998919	0.00000000	-95.98302000	-30.46260000
185.19998918	0.00000000	-95.28789000	-30.46260000
185.39998916	0.00000000	-94.91264000	-31.15772000
185.59998915	0.00000000	-94.86958000	-31.53297000
185.79998914	0.00000000	-94.86958000	-31.57603000
185.99998913	0.00000000	-94.86958000	-31.61909000
186.19998912	0.00000000	-94.86958000	-31.95128000
186.39998910	0.00000000	-94.86958000	-32.36343000
186.59998909	0.00000000	-94.86958000	-32.32653000
186.79998908	0.00000000	-94.91264000	-32.36343000
186.99998907	0.00000000	-95.28789000	-31.95128000
187.19998906	0.00000000	-96.03223000	-31.57603000
187.39998904	0.00000000	-96.40748000	-31.20078000
187.59998903	0.00000000	-96.40748000	-30.79478000
187.79998902	0.00000000	-96.07529000	-30.78248000
187.99998901	0.00000000	-95.66313000	-30.41954000
188.19998900	0.00000000	-95.65698000	-30.46260000
188.39998899	0.00000000	-95.24483000	-31.15772000
188.59998897	0.00000000	-94.91264000	-31.53297000
188.79998896	0.00000000	-94.86958000	-31.61909000
188.99998895	0.00000000	-94.86958000	-31.95128000
189.19998894	0.00000000	-94.86958000	-32.36343000
189.39998893	0.00000000	-94.86958000	-32.32653000
189.59998891	0.00000000	-94.86958000	-32.36343000
189.79998890	0.00000000	-94.91264000	-31.95128000
189.99998889	0.00000000	-95.24483000	-31.61909000
190.19998888	0.00000000	-95.65698000	-31.57603000
190.39998887	0.00000000	-95.62007000	-31.57603000
190.59998885	0.00000000	-95.65698000	-31.57603000
190.79998884	0.00000000	-95.24483000	-31.57603000
190.99998883	0.00000000	-94.91264000	-31.57603000
191.19998882	0.00000000	-94.86958000	-31.57603000
191.39998881	0.00000000	-94.86958000	-31.57603000
191.59998880	0.00000000	-94.86958000	-31.57603000
191.79998878	0.00000000	-94.86958000	-31.61909000
191.99998877	0.00000000	-94.86958000	-31.95128000
192.19998876	0.00000000	-94.86958000	-32.32037000
192.39998875	0.00000000	-94.86958000	-31.99434000
192.59998874	0.00000000	-94.86958000	-31.99434000
192.79998872	0.00000000	-94.86958000	-32.32037000
192.99998871	0.00000000	-94.91264000	-31.95128000
193.19998870	0.00000000	-95.28789000	-31.61909000
193.39998869	0.00000000	-95.98302000	-31.57603000
193.59998868	0.00000000	-96.03223000	-31.57603000
193.79998866	0.00000000	-95.66313000	-31.57603000
193.99998865	0.00000000	-95.65698000	-31.57603000
194.19998864	0.00000000	-95.24483000	-31.57603000
194.39998863	0.00000000	-94.91264000	-31.57603000
194.59998862	0.00000000	-94.86958000	-31.57603000
194.79998861	0.00000000	-94.86958000	-31.57603000
194.99998859	0.00000000	-94.86958000	-31.57603000
195.19998858	0.00000000	-94.86958000	-31.57603000
195.39998857	0.00000000	-94.86958000	-31.57603000
195.59998856	0.00000000	-94.86958000	-31.57603000
195.79998855	0.00000000	-94.91264000	-31.57603000
195.99998853	0.00000000	-95.28789000	-31.57603000
