Time	Channel A	Channel B	Channel C
(us)	(V)	(mV)	(mV)

-4.49999956	0.00000000	-95.28789000	-31.57603000
-4.29999957	0.00000000	-95.65698000	-31.57603000
-4.09999958	0.00000000	-95.62007000	-31.57603000
-3.89999959	0.00000000	-95.65698000	-31.57603000
-3.69999960	0.00000000	-95.28789000	-31.61909000
-3.49999962	0.00000000	-95.28789000	-31.95128000
-3.29999963	0.00000000	-95.65698000	-32.32037000
-3.09999964	0.00000000	-95.62007000	-31.95128000
-2.89999965	0.00000000	-95.65698000	-31.61909000
-2.69999966	0.00000000	-95.28789000	-31.57603000
-2.49999968	0.00000000	-95.33710000	-31.57603000
-2.29999969	0.00000000	-96.03223000	-31.61909000
-2.09999970	0.00000000	-96.35826000	-31.95128000
-1.89999971	0.00000000	-96.07529000	-32.32037000
-1.69999972	0.00000000	-95.70620000	-31.95128000
-1.49999973	0.00000000	-96.03223000	-31.61909000
-1.29999975	0.00000000	-95.98302000	-31.57603000
-1.09999976	0.00000000	-95.33710000	-31.57603000
-0.89999977	0.00000000	-95.28789000	-31.57603000
-0.69999978	0.00000000	-95.61392000	-31.57603000
-0.49999979	0.00000000	-95.24483000	-31.57603000
-0.29999981	0.15871060	-94.91264000	-31.57603000
-0.09999982	0.63668800	-94.86958000	-31.57603000
0.10000017	0.95533960	-94.86958000	-31.57603000
0.30000016	1.11466500	-94.91264000	-31.57603000
0.50000015	0.95533960	-95.24483000	-31.57603000
0.70000013	0.47736220	-95.65698000	-31.57603000
0.90000012	-0.31803640	-95.66313000	-31.57603000
1.10000011	-1.27399100	-96.03223000	-31.57603000
1.30000010	-2.22994600	-95.98302000	-31.57603000
1.50000009	-2.70792300	-95.28789000	-31.57603000
1.70000008	-2.54859700	-94.91264000	-31.57603000
1.90000006	-1.59264300	-94.86958000	-31.57603000
2.10000005	0.00000000	-94.86958000	-31.53297000
2.30000004	2.07062000	-94.86958000	-31.20078000
2.50000003	4.14124000	-94.86958000	-30.83784000
2.70000002	5.25652100	-94.86958000	-31.20078000
2.90000000	5.09719500	-94.86958000	-31.53297000
3.09999999	3.50393700	-94.91264000	-31.57603000
3.29999998	0.63668800	-95.28789000	-31.57603000
3.49999997	-2.70792300	-95.98302000	-31.57603000
3.69999996	-5.89382400	-95.98302000	-31.57603000
3.89999994	-7.64579200	-95.28789000	-31.53297000
4.09999993	-7.80511800	-94.91264000	-31.15772000
4.29999992	-5.73449800	-94.86958000	-30.46260000
4.49999991	-2.07062000	-94.86958000	-30.46260000
4.69999990	2.38927200	-94.91264000	-31.15772000
4.89999989	6.37180100	-95.24483000	-31.53297000
5.09999987	8.92039900	-95.61392000	-31.57603000
5.29999986	9.39837600	-95.24483000	-31.57603000
5.49999985	7.32714100	-94.91264000	-31.61909000
5.69999984	3.50393700	-94.86958000	-31.95128000
5.89999983	-1.27399100	-94.86958000	-32.32037000
6.09999981	-5.73449800	-94.86958000	-31.95128000
6.29999980	-8.60174700	-94.86958000	-31.57603000
6.49999979	-9.39837600	-94.86958000	-31.15772000
6.69999978	-7.80511800	-94.86958000	-30.41954000
6.89999977	-4.30056600	-94.86958000	-30.09350000
7.09999975	0.00000000	-94.86958000	-30.41954000
7.29999974	3.98191400	-94.86958000	-31.15772000
7.49999973	6.84916400	-94.86958000	-31.53297000
7.69999972	7.80511800	-94.91264000	-31.61909000
7.89999971	6.69045300	-95.24483000	-31.99434000
8.09999970	4.14124000	-95.61392000	-32.68946000
8.29999968	0.95533960	-95.24483000	-32.73868000
8.49999967	-2.22994600	-94.91264000	-32.36959000
8.69999966	-4.30056600	-94.86958000	-32.36343000
8.89999965	-5.25652100	-94.86958000	-31.95128000
9.09999964	-4.61921700	-94.86958000	-31.61909000
9.29999962	-3.18590100	-94.86958000	-31.57603000
9.49999961	-1.11466500	-94.86958000	-31.57603000
9.69999960	0.79601380	-94.86958000	-31.57603000
9.89999959	2.07062000	-94.86958000	-31.57603000
10.09999958	2.54859700	-94.86958000	-31.57603000
10.29999956	2.38927200	-94.91264000	-31.57603000
10.49999955	1.59264300	-95.24483000	-31.57603000
10.69999954	0.79601380	-95.65698000	-31.57603000
10.89999953	0.00000000	-95.62007000	-31.57603000
11.09999952	-0.63668800	-95.65698000	-31.57603000
11.29999951	-0.95533960	-95.24483000	-31.57603000
11.49999949	-0.95533960	-94.91264000	-31.57603000
11.69999948	-0.79601380	-94.86958000	-31.57603000
11.89999947	-0.47736220	-94.86958000	-31.57603000
12.09999946	-0.15871060	-94.86958000	-31.57603000
12.29999945	-0.15871060	-94.86958000	-31.57603000
12.49999943	-0.15871060	-94.86958000	-31.57603000
12.69999942	0.00000000	-94.86958000	-31.57603000
12.89999941	0.00000000	-94.86958000	-31.57603000
13.09999940	0.00000000	-94.86958000	-31.57603000
13.29999939	0.15871060	-94.86958000	-31.57603000
13.49999937	0.00000000	-94.86958000	-31.57603000
13.69999936	0.00000000	-94.91264000	-31.57603000
13.89999935	0.00000000	-95.24483000	-31.57603000
14.09999934	-0.15871060	-95.61392000	-31.57603000
14.29999933	-0.15871060	-95.24483000	-31.57603000
14.49999932	-0.15871060	-94.91264000	-31.57603000
14.69999930	0.00000000	-94.86958000	-31.57603000
14.89999929	0.00000000	-94.86958000	-31.53297000
15.09999928	0.00000000	-94.86958000	-31.20078000
15.29999927	0.00000000	-94.86958000	-30.83784000
15.49999926	0.15871060	-94.86958000	-31.20078000
15.69999924	0.00000000	-94.91264000	-31.53297000
15.89999923	0.00000000	-95.24483000	-31.57603000
16.09999922	0.00000000	-95.61392000	-31.57603000
16.29999921	0.00000000	-95.24483000	-31.57603000
16.49999920	-0.15871060	-94.91264000	-31.57603000
16.69999919	0.00000000	-94.86958000	-31.57603000
16.89999917	0.00000000	-94.82652000	-31.57603000
17.09999916	0.00000000	-94.45127000	-31.57603000
17.29999915	0.00000000	-93.70693000	-31.57603000
17.49999914	0.00000000	-93.33169000	-31.57603000
17.69999913	0.00000000	-93.33169000	-31.57603000
17.89999911	0.00000000	-93.70693000	-31.57603000
18.09999910	0.00000000	-94.53739000	-31.57603000
18.29999909	0.00000000	-95.70620000	-31.57603000
18.49999908	0.00000000	-97.61318000	-31.57603000
18.69999907	0.00000000	-99.14492000	-31.57603000
18.89999905	0.00000000	-99.94463000	-31.57603000
19.09999904	0.00000000	-100.31370000	-31.57603000
19.29999903	0.00000000	-99.43405000	-31.57603000
19.49999902	0.00000000	-97.14566000	-31.57603000
19.69999901	0.00000000	-93.62081000	-31.57603000
19.89999900	0.00000000	-89.79453000	-31.57603000
20.09999898	0.00000000	-86.26968000	-31.53297000
20.29999897	0.00000000	-84.03050000	-31.20078000
20.49999896	0.00000000	-83.70448000	-30.83784000
20.69999895	0.00000000	-86.49113000	-31.20078000
20.89999894	0.00000000	-92.26131000	-31.53297000
21.09999892	0.00000000	-99.61245000	-31.57603000
21.29999891	0.00000000	-106.96970000	-31.57603000
21.49999890	0.00000000	-112.73990000	-31.57603000
21.69999889	0.00000000	-115.39120000	-31.57603000
21.89999888	0.00000000	-113.71800000	-31.57603000
22.09999886	0.00000000	-107.11120000	-31.57603000
22.29999885	0.00000000	-96.27214000	-31.57603000
22.49999884	0.00000000	-83.89517000	-31.57603000
22.69999883	0.00000000	-72.30561000	-31.57603000
22.89999882	0.00000000	-64.34547000	-31.57603000
23.09999881	0.00000000	-63.23203000	-31.53297000
23.29999879	0.00000000	-69.83267000	-31.15772000
23.49999878	0.00000000	-82.67715000	-30.41954000
23.69999877	0.00000000	-100.08000000	-30.00123000
23.89999876	0.00000000	-118.12870000	-29.62598000
24.09999875	0.00000000	-131.63140000	-29.25689000
24.29999873	0.00000000	-137.40160000	-29.66904000
24.49999872	0.00000000	-133.86440000	-30.41954000
24.69999871	0.00000000	-121.02610000	-31.62524000
24.89999870	0.00000000	-101.29800000	-33.15699000
25.09999869	0.00000000	-78.54330000	-34.68873000
25.29999867	0.00000000	-58.53223000	-35.85138000
25.49999866	0.00000000	-46.57357000	-36.17741000
25.69999865	0.00000000	-45.41092000	-35.38385000
25.89999864	0.00000000	-55.50566000	-33.06471000
26.09999863	0.00000000	-74.81544000	-29.95201000
26.29999862	0.00000000	-99.15108000	-26.42101000
26.49999860	0.00000000	-122.69320000	-22.61319000
26.69999859	0.00000000	-140.09600000	-20.01107000
26.89999858	0.00000000	-147.44710000	-20.01107000
27.09999857	0.00000000	-143.17180000	-22.74852000
27.29999856	0.00000000	-128.09420000	-27.81127000
27.49999854	0.00000000	-105.33960000	-34.78100000
27.69999853	0.00000000	-80.63483000	-42.11983000
27.89999852	0.00000000	-59.73794000	-48.30216000
28.09999851	0.00000000	-46.99188000	-52.06693000
28.29999850	0.00000000	-45.41092000	-51.60556000
28.49999848	0.00000000	-54.99508000	-46.16756000
28.69999847	0.00000000	-72.73006000	-36.87869000
28.89999846	0.00000000	-94.35899000	-25.26452000
29.09999845	0.00000000	-114.88070000	-13.73647000
29.29999844	0.00000000	-130.00120000	-5.23499000
29.49999843	0.00000000	-137.02630000	-1.83932100
29.69999841	0.00000000	-134.75020000	-4.58292300
29.89999840	0.00000000	-124.36640000	-13.96407000
30.09999839	0.00000000	-108.50150000	-28.18651000
30.29999838	0.00000000	-90.72958000	-44.39591000
30.49999837	0.00000000	-74.81544000	-58.24926000
30.69999835	0.00000000	-63.97022000	-66.79995000
30.89999834	0.00000000	-60.02091000	-68.23942000
31.09999833	0.00000000	-63.46579000	-61.68799000
31.29999832	0.00000000	-72.73006000	-48.16683000
31.49999831	0.00000000	-85.89443000	-31.15772000
31.69999829	0.00000000	-100.17840000	-13.73647000
31.89999828	0.00000000	-112.18630000	0.52288380
32.09999827	0.00000000	-119.62350000	8.23695900
32.29999826	0.00000000	-121.57970000	7.81250000
32.49999825	0.00000000	-118.13480000	-1.05807100
32.69999824	0.00000000	-109.99630000	-16.43085000
32.89999822	0.00000000	-99.19414000	-34.22736000
33.09999821	0.00000000	-87.98597000	-50.91043000
33.29999820	0.00000000	-79.09695000	-63.68110000
33.49999819	0.00000000	-74.39714000	-69.82037000
33.69999818	0.00000000	-74.35408000	-67.86417000
33.89999816	0.00000000	-78.63557000	-57.83095000
34.09999815	0.00000000	-86.31274000	-42.07677000
34.29999814	0.00000000	-95.52164000	-24.69857000
34.49999813	0.00000000	-103.24800000	-9.60260800
34.69999812	0.00000000	-107.94780000	0.47982280
34.89999810	0.00000000	-109.15350000	3.58636800
35.09999809	0.00000000	-106.83440000	-0.63976370
35.29999808	0.00000000	-101.85160000	-11.04823000
35.49999807	0.00000000	-95.24483000	-25.35679000
35.69999806	0.00000000	-88.77337000	-40.36663000
35.89999805	0.00000000	-84.17199000	-52.71899000
36.09999803	0.00000000	-83.37843000	-59.27657000
36.29999802	0.00000000	-85.93749000	-58.95053000
36.49999801	0.00000000	-90.21899000	-52.02386000
36.69999800	0.00000000	-95.24483000	-40.54502000
36.89999799	0.00000000	-100.27070000	-27.81127000
37.09999797	0.00000000	-103.67250000	-17.02756000
37.29999796	0.00000000	-104.45990000	-10.48228000
37.49999795	0.00000000	-102.17770000	-10.10704000
37.69999794	0.00000000	-97.98843000	-15.77879000
37.89999793	0.00000000	-93.33169000	-25.35064000
38.09999791	0.00000000	-89.05634000	-35.71604000
38.29999790	0.00000000	-85.98056000	-44.17446000
38.49999789	0.00000000	-84.86712000	-48.35752000
38.69999788	0.00000000	-86.35580000	-46.86885000
38.89999787	0.00000000	-89.79453000	-40.36663000
39.09999786	0.00000000	-93.66387000	-31.15772000
39.29999784	0.00000000	-97.61318000	-21.63509000
39.49999783	0.00000000	-101.06420000	-15.13287000
39.69999782	0.00000000	-103.38950000	-13.96407000
39.89999781	0.00000000	-103.76480000	-17.77805000
40.09999780	0.00000000	-102.22690000	-25.86122000
40.29999778	0.00000000	-99.15108000	-35.80832000
40.49999777	0.00000000	-95.24483000	-44.63582000
40.69999776	0.00000000	-91.37549000	-50.02460000
40.89999775	0.00000000	-87.89370000	-50.35064000
41.09999774	0.00000000	-85.93749000	-45.37402000
41.29999772	0.00000000	-85.51919000	-36.17741000
41.49999771	0.00000000	-86.31274000	-25.86122000
41.69999770	0.00000000	-88.68110000	-17.35974000
41.89999769	0.00000000	-92.12598000	-12.70915000
42.09999768	0.00000000	-96.03223000	-12.70915000
42.29999767	0.00000000	-99.47710000	-17.31053000
42.49999765	0.00000000	-101.85160000	-25.35064000
42.69999764	0.00000000	-102.60210000	-34.22736000
42.89999763	0.00000000	-101.85160000	-41.94144000
43.09999762	0.00000000	-99.56938000	-46.95497000
43.29999761	0.00000000	-96.86884000	-47.70546000
43.49999759	0.00000000	-94.49434000	-44.30979000
43.69999758	0.00000000	-92.17519000	-37.80758000
43.89999757	0.00000000	-90.63730000	-30.55487000
44.09999756	0.00000000	-90.16978000	-24.70472000
44.29999755	0.00000000	-90.16978000	-21.21678000
44.49999753	0.00000000	-90.54502000	-20.38632000
44.69999752	0.00000000	-91.28937000	-22.28100000
44.89999751	0.00000000	-91.66460000	-25.68282000
45.09999750	0.00000000	-91.75073000	-29.58292000
45.29999749	0.00000000	-92.21825000	-33.06471000
45.49999748	0.00000000	-93.75615000	-35.80217000
45.69999746	0.00000000	-96.07529000	-37.34006000
45.89999745	0.00000000	-98.40673000	-37.34006000
46.09999744	0.00000000	-100.82430000	-35.80217000
46.29999743	0.00000000	-103.06350000	-33.15699000
46.49999742	0.00000000	-104.54600000	-30.46260000
46.69999740	0.00000000	-103.67250000	-28.51255000
46.89999739	0.00000000	-100.22150000	-27.30684000
47.09999738	0.00000000	-94.78345000	-26.93159000
47.29999737	0.00000000	-88.58882000	-27.30684000
47.49999736	0.00000000	-82.81864000	-28.46333000
47.69999734	0.00000000	-79.01083000	-30.04429000
47.89999733	0.00000000	-78.63557000	-31.99434000
48.09999732	0.00000000	-81.74828000	-34.27042000
48.29999731	0.00000000	-87.98597000	-35.75910000
48.49999730	0.00000000	-96.45053000	-35.80217000
48.69999729	0.00000000	-104.92120000	-34.64567000
48.89999727	0.00000000	-111.06670000	-32.69562000
49.09999726	0.00000000	-113.39200000	-29.95201000
49.29999725	0.00000000	-111.06670000	-26.88853000
49.49999724	0.00000000	-104.87820000	-24.23720000
49.69999723	0.00000000	-95.98917000	-23.12377000
49.89999721	0.00000000	-86.35580000	-24.23720000
50.09999720	0.00000000	-78.67863000	-26.88853000
50.29999719	0.00000000	-74.82160000	-30.04429000
50.49999718	0.00000000	-75.93503000	-33.53223000
50.69999717	0.00000000	-81.32996000	-36.96481000
50.89999715	0.00000000	-89.43159000	-38.87795000
51.09999714	0.00000000	-98.68356000	-38.87795000
51.29999713	0.00000000	-106.36690000	-36.92175000
51.49999712	0.00000000	-110.64840000	-33.11393000
51.69999711	0.00000000	-110.64840000	-28.88779000
51.89999710	0.00000000	-106.40990000	-25.35064000
52.09999708	0.00000000	-99.10187000	-22.65625000
52.29999707	0.00000000	-90.68036000	-21.58587000
52.49999706	0.00000000	-83.75368000	-23.12377000
52.69999705	0.00000000	-80.25959000	-26.88238000
52.89999704	0.00000000	-80.63483000	-31.11466000
53.09999702	0.00000000	-84.82406000	-34.64567000
53.29999701	0.00000000	-91.33242000	-37.34006000
53.49999700	0.00000000	-97.89616000	-38.45349000
53.69999699	0.00000000	-103.29720000	-37.34006000
53.89999698	0.00000000	-105.94860000	-34.68873000
54.09999696	0.00000000	-104.83510000	-31.62524000
54.29999695	0.00000000	-100.64590000	-28.93085000
54.49999694	0.00000000	-94.86958000	-27.39296000
54.69999693	0.00000000	-89.09940000	-27.34990000
54.89999692	0.00000000	-84.86712000	-28.51255000
55.09999691	0.00000000	-83.37843000	-30.41954000
55.29999689	0.00000000	-85.24236000	-32.64640000
55.49999688	0.00000000	-89.79453000	-33.80905000
55.69999687	0.00000000	-94.82652000	-33.43996000
55.89999686	0.00000000	-99.47710000	-32.27731000
56.09999685	0.00000000	-102.92200000	-29.95201000
56.29999683	0.00000000	-103.67250000	-27.34990000
56.49999682	0.00000000	-101.80240000	-25.86122000
56.69999681	0.00000000	-97.94537000	-26.23647000
56.89999680	0.00000000	-93.33169000	-28.55561000
57.09999679	0.00000000	-89.14246000	-31.99434000
57.29999677	0.00000000	-86.78026000	-35.85138000
57.49999676	0.00000000	-86.72489000	-38.87795000
57.69999675	0.00000000	-87.89370000	-40.03444000
57.89999674	0.00000000	-90.63730000	-38.82874000
58.09999673	0.00000000	-94.40206000	-35.34079000
58.29999672	0.00000000	-97.47784000	-29.95201000
58.49999670	0.00000000	-99.05880000	-24.23720000
58.69999669	0.00000000	-99.10187000	-20.01107000
58.89999668	0.00000000	-97.93922000	-18.47318000
59.09999667	0.00000000	-96.03223000	-20.05413000
59.29999666	0.00000000	-93.75615000	-24.69857000
59.49999664	0.00000000	-92.21825000	-31.62524000
59.69999663	0.00000000	-91.75073000	-38.87795000
59.89999662	0.00000000	-91.75073000	-44.26673000
60.09999661	0.00000000	-92.12598000	-46.21678000
60.29999660	0.00000000	-92.91338000	-44.68504000
60.49999658	0.00000000	-93.66387000	-39.99138000
60.69999657	0.00000000	-94.45127000	-32.64640000
60.89999656	0.00000000	-94.77731000	-24.23720000
61.09999655	0.00000000	-94.45127000	-17.35974000
61.29999654	0.00000000	-93.66387000	-14.24705000
61.49999653	0.00000000	-92.91338000	-15.36048000
61.69999651	0.00000000	-92.17519000	-20.01107000
61.89999650	0.00000000	-92.21825000	-27.34990000
62.09999649	0.00000000	-93.33169000	-35.80217000
62.29999648	0.00000000	-94.82652000	-43.10408000
62.49999647	0.00000000	-96.03223000	-47.37327000
62.69999645	0.00000000	-96.82578000	-47.74852000
62.89999644	0.00000000	-97.56396000	-44.30979000
63.09999643	0.00000000	-97.47784000	-37.71530000
63.29999642	0.00000000	-95.98302000	-29.66904000
63.49999641	0.00000000	-93.66387000	-21.96112000
63.69999639	0.00000000	-91.37549000	-16.94144000
63.89999638	0.00000000	-89.43159000	-15.31742000
64.09999637	0.00000000	-88.68110000	-16.84916000
64.29999636	0.00000000	-89.05634000	-21.12451000
64.49999635	0.00000000	-90.63730000	-27.30684000
64.69999634	0.00000000	-93.28863000	-34.22736000
64.89999632	0.00000000	-95.98302000	-39.99138000
65.09999631	0.00000000	-97.89616000	-43.14714000
65.29999630	0.00000000	-98.68356000	-43.56545000
65.49999629	0.00000000	-97.89616000	-41.65846000
65.69999628	0.00000000	-96.03223000	-37.80142000
65.89999626	0.00000000	-93.70693000	-33.15699000
66.09999625	0.00000000	-91.79995000	-28.51255000
66.29999624	0.00000000	-90.63730000	-24.61245000
66.49999623	0.00000000	-90.63730000	-22.23794000
66.69999622	0.00000000	-91.75073000	-21.08145000
66.89999620	0.00000000	-93.33169000	-21.45669000
67.09999619	0.00000000	-95.24483000	-23.35753000
67.29999618	0.00000000	-97.10260000	-25.68282000
67.49999617	0.00000000	-97.47784000	-28.51255000
67.69999616	0.00000000	-96.35826000	-31.95128000
67.89999615	0.00000000	-94.40206000	-35.47613000
68.09999613	0.00000000	-91.70767000	-38.17667000
68.29999612	0.00000000	-89.05634000	-40.12672000
68.49999611	0.00000000	-87.56152000	-40.45890000
68.69999610	0.00000000	-87.93675000	-38.92101000
68.89999609	0.00000000	-90.26205000	-35.85138000
69.09999607	0.00000000	-93.75615000	-31.95128000
69.29999606	0.00000000	-97.98843000	-28.04503000
69.49999605	0.00000000	-101.80240000	-24.15108000
69.69999604	0.00000000	-103.71550000	-21.12451000
69.89999603	0.00000000	-103.29720000	-19.96801000
70.09999601	0.00000000	-100.22150000	-21.12451000
70.29999600	0.00000000	-95.20176000	-24.23720000
70.49999599	0.00000000	-89.79453000	-28.88779000
70.69999598	0.00000000	-84.77485000	-34.27042000
70.89999597	0.00000000	-81.74828000	-38.87795000
71.09999596	0.00000000	-81.70521000	-41.61540000
71.29999594	0.00000000	-84.39960000	-42.03371000
71.49999593	0.00000000	-89.09940000	-40.45275000
71.69999592	0.00000000	-95.24483000	-36.92175000
71.89999591	0.00000000	-101.38410000	-31.57603000
72.09999590	0.00000000	-105.29650000	-26.27953000
72.29999588	0.00000000	-106.87750000	-23.12377000
72.49999587	0.00000000	-106.04080000	-22.28100000
72.69999586	0.00000000	-102.17770000	-23.03149000
72.89999585	0.00000000	-96.40748000	-25.35064000
73.09999584	0.00000000	-90.21899000	-28.37721000
73.29999582	0.00000000	-84.82406000	-31.11466000
73.49999581	0.00000000	-81.74828000	-33.02165000
73.69999580	0.00000000	-81.70521000	-33.85211000
73.89999579	0.00000000	-84.35654000	-33.48917000
74.09999578	0.00000000	-88.63803000	-32.73868000
74.29999577	0.00000000	-93.66387000	-31.57603000
74.49999575	0.00000000	-98.68356000	-30.51181000
74.69999574	0.00000000	-102.13460000	-30.51181000
74.89999573	0.00000000	-103.34030000	-31.62524000
75.09999572	0.00000000	-102.17770000	-33.11393000
75.29999571	0.00000000	-99.15108000	-34.22736000
75.49999569	0.00000000	-95.28789000	-34.22736000
75.69999568	0.00000000	-91.79995000	-33.06471000
75.89999567	0.00000000	-89.09940000	-31.06545000
76.09999566	0.00000000	-87.93675000	-28.00197000
76.29999565	0.00000000	-88.63803000	-24.61245000
76.49999563	0.00000000	-90.12672000	-22.69931000
76.69999562	0.00000000	-91.66460000	-22.65625000
76.89999561	0.00000000	-92.87032000	-24.28026000
77.09999560	0.00000000	-93.66387000	-27.76821000
77.29999559	0.00000000	-94.40206000	-32.78174000
77.49999558	0.00000000	-94.45127000	-37.75836000
77.69999556	0.00000000	-94.12524000	-41.61540000
77.89999555	0.00000000	-94.49434000	-43.10408000
78.09999554	0.00000000	-94.82652000	-41.56618000
78.29999553	0.00000000	-94.91264000	-37.34006000
78.49999552	0.00000000	-95.28789000	-31.57603000
78.69999550	0.00000000	-95.98302000	-25.77510000
78.89999549	0.00000000	-95.93995000	-21.12451000
79.09999548	0.00000000	-94.82652000	-18.43012000
79.29999547	0.00000000	-93.24557000	-18.43012000
79.49999546	0.00000000	-91.33242000	-21.12451000
79.69999544	0.00000000	-89.38238000	-25.72589000
79.89999543	0.00000000	-88.26279000	-31.15772000
80.09999542	0.00000000	-87.85063000	-36.17741000
80.29999541	0.00000000	-88.72416000	-40.03444000
80.49999540	0.00000000	-91.01255000	-41.61540000
80.69999539	0.00000000	-94.45127000	-40.87721000
80.89999537	0.00000000	-97.47784000	-38.54576000
81.09999536	0.00000000	-99.05880000	-34.69488000
81.29999535	0.00000000	-99.10187000	-30.46260000
81.49999534	0.00000000	-97.93922000	-26.93159000
81.69999533	0.00000000	-95.98302000	-24.19414000
81.89999531	0.00000000	-93.28863000	-22.61319000
82.09999530	0.00000000	-90.63730000	-22.23794000
82.29999529	0.00000000	-89.05634000	-23.03149000
82.49999528	0.00000000	-88.63803000	-25.35064000
82.69999527	0.00000000	-89.01328000	-28.42027000
82.89999525	0.00000000	-90.21899000	-31.57603000
83.09999524	0.00000000	-92.08292000	-34.68873000
83.29999523	0.00000000	-94.03297000	-37.38312000
83.49999522	0.00000000	-95.20176000	-38.92101000
83.69999521	0.00000000	-95.98302000	-38.96407000
83.89999520	0.00000000	-95.93995000	-37.75836000
84.09999518	0.00000000	-94.86958000	-35.43307000
84.29999517	0.00000000	-93.75615000	-31.90822000
84.49999516	0.00000000	-93.33169000	-28.04503000
84.69999515	0.00000000	-93.24557000	-24.19414000
84.89999514	0.00000000	-92.91338000	-21.54281000
85.09999512	0.00000000	-92.54428000	-21.12451000
85.29999511	0.00000000	-92.87032000	-22.61319000
85.49999510	0.00000000	-92.82111000	-25.39985000
85.69999509	0.00000000	-92.12598000	-29.25689000
85.89999508	0.00000000	-91.75073000	-33.90133000
86.09999506	0.00000000	-91.70767000	-37.71530000
86.29999505	0.00000000	-91.75073000	-40.08366000
86.49999504	0.00000000	-92.17519000	-40.45890000
86.69999503	0.00000000	-93.33169000	-38.87795000
86.89999502	0.00000000	-94.82652000	-35.38385000
87.09999501	0.00000000	-95.98302000	-30.41954000
87.29999499	0.00000000	-96.40748000	-25.81816000
87.49999498	0.00000000	-96.40748000	-22.70546000
87.69999497	0.00000000	-95.98302000	-21.54281000
87.89999496	0.00000000	-94.77731000	-22.70546000
88.09999495	0.00000000	-92.91338000	-25.81816000
88.29999493	0.00000000	-91.01255000	-30.37647000
88.49999492	0.00000000	-90.21899000	-35.01476000
88.69999491	0.00000000	-90.16978000	-38.09055000
88.89999490	0.00000000	-90.59423000	-39.65920000
89.09999489	0.00000000	-91.75073000	-38.82874000
89.29999487	0.00000000	-93.28863000	-35.80217000
89.49999486	0.00000000	-94.82652000	-31.53297000
89.69999485	0.00000000	-95.98302000	-26.93159000
89.89999484	0.00000000	-96.35826000	-23.12377000
90.09999483	0.00000000	-96.03223000	-21.58587000
90.29999482	0.00000000	-95.20176000	-22.70546000
90.49999480	0.00000000	-94.07603000	-25.77510000
90.69999479	0.00000000	-92.54428000	-30.04429000
90.89999478	0.00000000	-91.79995000	-34.60261000
91.09999477	0.00000000	-91.70767000	-38.03519000
91.29999476	0.00000000	-91.70767000	-38.82874000
91.49999474	0.00000000	-91.75073000	-37.34006000
91.69999473	0.00000000	-92.12598000	-34.22736000
91.89999472	0.00000000	-92.82111000	-30.00123000
92.09999471	0.00000000	-92.87032000	-25.77510000
92.29999470	0.00000000	-92.54428000	-22.70546000
92.49999468	0.00000000	-92.91338000	-21.58587000
92.69999467	0.00000000	-93.28863000	-23.12377000
92.89999466	0.00000000	-93.70693000	-26.93159000
93.09999465	0.00000000	-94.49434000	-31.53297000
93.29999464	0.00000000	-95.24483000	-35.75910000
93.49999463	0.00000000	-95.98302000	-38.45349000
93.69999461	0.00000000	-95.98302000	-38.82874000
93.89999460	0.00000000	-95.20176000	-36.92175000
94.09999459	0.00000000	-94.03297000	-33.06471000
94.29999458	0.00000000	-92.08292000	-28.51255000
94.49999457	0.00000000	-90.21899000	-24.65551000
94.69999455	0.00000000	-89.01328000	-22.74852000
94.89999454	0.00000000	-88.58882000	-23.07455000
95.09999453	0.00000000	-88.63803000	-25.39985000
95.29999452	0.00000000	-89.47465000	-28.83858000
95.49999451	0.00000000	-91.79995000	-32.68946000
95.69999449	0.00000000	-94.82652000	-35.71604000
95.89999448	0.00000000	-97.56396000	-36.92175000
96.09999447	0.00000000	-99.47710000	-36.17741000
96.29999446	0.00000000	-100.22150000	-34.22736000
96.49999445	0.00000000	-99.05880000	-31.15772000
96.69999444	0.00000000	-96.35826000	-27.72515000
96.89999442	0.00000000	-92.87032000	-25.44291000
97.09999441	0.00000000	-89.01328000	-24.61245000
97.29999440	0.00000000	-85.93749000	-25.39985000
97.49999439	0.00000000	-84.35654000	-27.25763000
97.69999438	0.00000000	-84.35654000	-29.58292000
97.89999436	0.00000000	-85.93749000	-31.48991000
98.09999435	0.00000000	-89.05634000	-32.68946000
98.29999434	0.00000000	-93.24557000	-33.06471000
98.49999433	0.00000000	-97.14566000	-32.68946000
98.69999432	0.00000000	-99.85236000	-31.53297000
98.89999430	0.00000000	-101.42720000	-30.08735000
99.09999429	0.00000000	-101.01500000	-29.30610000
99.29999428	0.00000000	-99.10187000	-29.62598000
99.49999427	0.00000000	-95.98302000	-29.95817000
99.69999426	0.00000000	-92.12598000	-30.00123000
99.89999425	0.00000000	-88.63803000	-30.00123000
100.09999423	0.00000000	-85.93749000	-29.95817000
100.29999422	0.00000000	-84.77485000	-29.58292000
100.49999421	0.00000000	-85.51919000	-28.83858000
100.69999420	0.00000000	-87.47539000	-28.46333000
100.89999419	0.00000000	-90.54502000	-28.46333000
101.09999417	0.00000000	-94.03297000	-28.88779000
101.29999416	0.00000000	-96.73351000	-30.04429000
101.49999415	0.00000000	-98.72662000	-31.57603000
101.69999414	0.00000000	-99.47710000	-33.11393000
101.89999413	0.00000000	-99.10187000	-34.22736000
102.09999411	0.00000000	-97.56396000	-34.22736000
102.29999410	0.00000000	-95.24483000	-33.06471000
102.49999409	0.00000000	-92.91338000	-31.11466000
102.69999408	0.00000000	-90.54502000	-28.42027000
102.89999407	0.00000000	-88.63803000	-25.77510000
103.09999406	0.00000000	-87.47539000	-24.19414000
103.29999404	0.00000000	-87.51845000	-23.86196000
103.49999403	0.00000000	-89.01328000	-25.03076000
103.69999402	0.00000000	-91.28937000	-28.08809000
103.89999401	0.00000000	-93.24557000	-31.48991000
104.09999400	0.00000000	-94.82652000	-34.22736000
104.29999398	0.00000000	-95.98302000	-35.80217000
104.49999397	0.00000000	-96.35826000	-36.17741000
104.69999396	0.00000000	-95.98302000	-35.38385000
104.89999395	0.00000000	-94.82652000	-33.06471000
105.09999394	0.00000000	-93.28863000	-30.04429000
105.29999392	0.00000000	-91.75073000	-27.30684000
105.49999391	0.00000000	-90.59423000	-25.39985000
105.69999390	0.00000000	-90.21899000	-24.61245000
105.89999389	0.00000000	-90.54502000	-25.39985000
106.09999388	0.00000000	-91.33242000	-27.25763000
106.29999387	0.00000000	-92.12598000	-29.58292000
106.49999385	0.00000000	-93.28863000	-31.53297000
106.69999384	0.00000000	-94.35899000	-33.06471000
106.89999383	0.00000000	-94.40206000	-33.80905000
107.09999382	0.00000000	-93.66387000	-33.06471000
107.29999381	0.00000000	-92.91338000	-31.57603000
107.49999379	0.00000000	-92.08292000	-30.00123000
107.69999378	0.00000000	-91.33242000	-28.46333000
107.89999377	0.00000000	-90.59423000	-27.34990000
108.09999376	0.00000000	-90.63730000	-27.34990000
108.29999375	0.00000000	-91.75073000	-28.46333000
108.49999374	0.00000000	-93.24557000	-30.00123000
108.69999372	0.00000000	-94.40206000	-31.53297000
108.89999371	0.00000000	-94.82652000	-32.68946000
109.09999370	0.00000000	-94.82652000	-33.06471000
109.29999369	0.00000000	-94.40206000	-32.68946000
109.49999368	0.00000000	-93.24557000	-31.53297000
109.69999366	0.00000000	-91.75073000	-30.00123000
109.89999365	0.00000000	-90.59423000	-28.46333000
110.09999364	0.00000000	-90.16978000	-27.30684000
110.29999363	0.00000000	-90.16978000	-26.93159000
110.49999362	0.00000000	-90.59423000	-27.30684000
110.69999360	0.00000000	-91.75073000	-28.46333000
110.89999359	0.00000000	-93.24557000	-30.00123000
111.09999358	0.00000000	-94.40206000	-31.53297000
111.29999357	0.00000000	-94.82652000	-32.68946000
111.49999356	0.00000000	-94.82652000	-33.06471000
111.69999355	0.00000000	-94.40206000	-32.73868000
111.89999353	0.00000000	-93.28863000	-31.95128000
112.09999352	0.00000000	-92.12598000	-31.15772000
112.29999351	0.00000000	-91.33242000	-30.00123000
112.49999350	0.00000000	-90.54502000	-28.88779000
112.69999349	0.00000000	-90.21899000	-28.46333000
112.89999347	0.00000000	-90.54502000	-28.42027000
113.09999346	0.00000000	-91.33242000	-28.46333000
113.29999345	0.00000000	-92.08292000	-28.83858000
113.49999344	0.00000000	-92.87032000	-29.58292000
113.69999343	0.00000000	-93.24557000	-29.95817000
113.89999341	0.00000000	-93.28863000	-30.00123000
114.09999340	0.00000000	-93.28863000	-30.00123000
114.29999339	0.00000000	-93.24557000	-30.00123000
114.49999338	0.00000000	-92.87032000	-30.04429000
114.69999337	0.00000000	-92.12598000	-30.41954000
114.89999336	0.00000000	-91.75073000	-31.15772000
115.09999334	0.00000000	-91.70767000	-31.53297000
115.29999333	0.00000000	-91.70767000	-31.57603000
115.49999332	0.00000000	-91.70767000	-31.53297000
115.69999331	0.00000000	-91.75073000	-31.15772000
115.89999330	0.00000000	-92.12598000	-30.37647000
116.09999328	0.00000000	-92.87032000	-29.62598000
116.29999327	0.00000000	-93.24557000	-28.83858000
116.49999326	0.00000000	-93.28863000	-28.46333000
116.69999325	0.00000000	-93.28863000	-28.42027000
116.89999324	0.00000000	-93.28863000	-28.46333000
117.09999322	0.00000000	-93.24557000	-28.83858000
117.29999321	0.00000000	-92.87032000	-29.62598000
117.49999320	0.00000000	-92.08292000	-30.37647000
117.69999319	0.00000000	-91.33242000	-31.20078000
117.89999318	0.00000000	-90.54502000	-31.90822000
118.09999317	0.00000000	-90.21899000	-32.32037000
118.29999315	0.00000000	-90.54502000	-31.95128000
118.49999314	0.00000000	-91.33242000	-31.57603000
118.69999313	0.00000000	-92.12598000	-31.15772000
118.89999312	0.00000000	-93.28863000	-30.37647000
119.09999311	0.00000000	-94.40206000	-29.62598000
119.29999309	0.00000000	-94.82652000	-28.83858000
119.49999308	0.00000000	-94.82652000	-28.46333000
119.69999307	0.00000000	-94.45127000	-28.42027000
119.89999306	0.00000000	-93.66387000	-28.46333000
120.09999305	0.00000000	-92.87032000	-28.83858000
120.29999303	0.00000000	-91.66460000	-29.58292000
120.49999302	0.00000000	-90.16978000	-30.00123000
120.69999301	0.00000000	-89.01328000	-30.41954000
120.89999300	0.00000000	-88.63803000	-31.15772000
121.09999299	0.00000000	-89.01328000	-31.53297000
121.29999298	0.00000000	-90.16978000	-31.57603000
121.49999296	0.00000000	-91.70767000	-31.57603000
121.69999295	0.00000000	-93.24557000	-31.53297000
121.89999294	0.00000000	-94.40206000	-31.15772000
122.09999293	0.00000000	-94.82652000	-30.41954000
122.29999292	0.00000000	-94.82652000	-30.00123000
122.49999290	0.00000000	-94.45127000	-29.58292000
122.69999289	0.00000000	-93.66387000	-28.83858000
122.89999288	0.00000000	-92.87032000	-28.46333000
123.09999287	0.00000000	-91.70767000	-28.42027000
123.29999286	0.00000000	-90.59423000	-28.46333000
123.49999284	0.00000000	-90.16978000	-28.83858000
123.69999283	0.00000000	-90.12672000	-29.62598000
123.89999282	0.00000000	-90.12672000	-30.37647000
124.09999281	0.00000000	-90.16978000	-31.15772000
124.29999280	0.00000000	-90.59423000	-31.53297000
124.49999279	0.00000000	-91.70767000	-31.53297000
124.69999277	0.00000000	-92.82111000	-31.15772000
124.89999276	0.00000000	-93.28863000	-30.41954000
125.09999275	0.00000000	-93.66387000	-30.00123000
125.29999274	0.00000000	-94.03297000	-29.58292000
125.49999273	0.00000000	-93.66387000	-28.83858000
125.69999271	0.00000000	-93.28863000	-28.46333000
125.89999270	0.00000000	-92.87032000	-28.42027000
126.09999269	0.00000000	-92.08292000	-28.42027000
126.29999268	0.00000000	-91.28937000	-28.42027000
126.49999267	0.00000000	-90.16978000	-28.46333000
126.69999265	0.00000000	-89.47465000	-28.83858000
126.89999264	0.00000000	-90.16978000	-29.58292000
127.09999263	0.00000000	-91.24016000	-29.95817000
127.29999262	0.00000000	-91.70767000	-30.00123000
127.49999261	0.00000000	-92.17519000	-30.00123000
127.69999260	0.00000000	-93.28863000	-30.00123000
127.89999258	0.00000000	-94.40206000	-30.00123000
128.09999257	0.00000000	-94.77731000	-30.00123000
128.29999256	0.00000000	-94.40206000	-29.95817000
128.49999255	0.00000000	-93.24557000	-29.58292000
128.69999254	0.00000000	-91.75073000	-28.83858000
128.89999252	0.00000000	-90.59423000	-28.46333000
129.09999251	0.00000000	-90.16978000	-28.46333000
129.29999250	0.00000000	-90.12672000	-28.83858000
129.49999249	0.00000000	-90.16978000	-29.58292000
129.69999248	0.00000000	-90.59423000	-29.95817000
129.89999246	0.00000000	-91.70767000	-30.00123000
130.09999245	0.00000000	-92.87032000	-30.00123000
130.29999244	0.00000000	-93.62081000	-30.00123000
130.49999243	0.00000000	-94.03297000	-30.00123000
130.69999242	0.00000000	-93.62081000	-29.95817000
130.89999241	0.00000000	-92.91338000	-29.58292000
131.09999239	0.00000000	-92.08292000	-28.88779000
131.29999238	0.00000000	-91.33242000	-28.88779000
131.49999237	0.00000000	-90.54502000	-29.58292000
131.69999236	0.00000000	-90.21899000	-30.00123000
131.89999235	0.00000000	-90.54502000	-30.41954000
132.09999233	0.00000000	-91.33242000	-31.15772000
132.29999232	0.00000000	-92.08292000	-31.53297000
132.49999231	0.00000000	-92.87032000	-31.57603000
132.69999230	0.00000000	-93.24557000	-31.53297000
132.89999229	0.00000000	-93.28863000	-31.11466000
133.09999227	0.00000000	-93.24557000	-30.00123000
133.29999226	0.00000000	-92.87032000	-28.88779000
133.49999225	0.00000000	-92.12598000	-28.46333000
133.69999224	0.00000000	-91.75073000	-28.42027000
133.89999223	0.00000000	-91.70767000	-28.46333000
134.09999222	0.00000000	-91.70767000	-28.83858000
134.29999220	0.00000000	-91.70767000	-29.62598000
134.49999219	0.00000000	-91.70767000	-30.37647000
134.69999218	0.00000000	-91.70767000	-31.15772000
134.89999217	0.00000000	-91.70767000	-31.53297000
135.09999216	0.00000000	-91.70767000	-31.57603000
135.29999214	0.00000000	-91.70767000	-31.53297000
135.49999213	0.00000000	-91.70767000	-31.15772000
135.69999212	0.00000000	-91.70767000	-30.37647000
135.89999211	0.00000000	-91.70767000	-29.62598000
136.09999210	0.00000000	-91.75073000	-28.83858000
136.29999208	0.00000000	-92.12598000	-28.46333000
136.49999207	0.00000000	-92.87032000	-28.42027000
136.69999206	0.00000000	-93.24557000	-28.42027000
136.89999205	0.00000000	-93.28863000	-28.46333000
137.09999204	0.00000000	-93.24557000	-28.79552000
137.29999203	0.00000000	-92.82111000	-29.20767000
137.49999201	0.00000000	-91.70767000	-29.25689000
137.69999200	0.00000000	-90.59423000	-30.00123000
137.89999199	0.00000000	-90.16978000	-30.73942000
138.09999198	0.00000000	-90.12672000	-30.79478000
138.29999197	0.00000000	-90.16978000	-31.20078000
138.49999195	0.00000000	-90.54502000	-31.48376000
138.69999194	0.00000000	-91.33242000	-31.15772000
138.89999193	0.00000000	-92.08292000	-30.37647000
139.09999192	0.00000000	-92.87032000	-29.62598000
139.29999191	0.00000000	-93.19635000	-28.83858000
139.49999189	0.00000000	-92.87032000	-28.46333000
139.69999188	0.00000000	-92.12598000	-28.42027000
139.89999187	0.00000000	-91.70767000	-28.42027000
140.09999186	0.00000000	-91.28937000	-28.42027000
140.29999185	0.00000000	-90.54502000	-28.46333000
140.49999184	0.00000000	-90.16978000	-28.88779000
140.69999182	0.00000000	-90.16978000	-30.00123000
140.89999181	0.00000000	-90.54502000	-31.11466000
141.09999180	0.00000000	-91.28937000	-31.48376000
141.29999179	0.00000000	-91.66460000	-31.15772000
141.49999178	0.00000000	-91.70767000	-30.41954000
141.69999176	0.00000000	-91.70767000	-30.00123000
141.89999175	0.00000000	-91.70767000	-29.53371000
142.09999174	0.00000000	-91.70767000	-28.42027000
142.29999173	0.00000000	-91.66460000	-27.30684000
142.49999172	0.00000000	-91.28937000	-26.88238000
142.69999170	0.00000000	-90.59423000	-26.88238000
142.89999169	0.00000000	-90.59423000	-27.30684000
143.09999168	0.00000000	-91.24016000	-28.42027000
143.29999167	0.00000000	-91.28937000	-29.58292000
143.49999166	0.00000000	-90.96333000	-30.37647000
143.69999165	0.00000000	-91.33242000	-31.15772000
143.89999163	0.00000000	-91.66460000	-31.48376000
144.09999162	0.00000000	-91.70767000	-31.15772000
144.29999161	0.00000000	-91.66460000	-30.37647000
144.49999160	0.00000000	-91.28937000	-29.62598000
144.69999159	0.00000000	-90.54502000	-28.83858000
144.89999157	0.00000000	-90.16978000	-28.46333000
145.09999156	0.00000000	-90.16978000	-28.42027000
145.29999155	0.00000000	-90.54502000	-28.42027000
145.49999154	0.00000000	-91.28937000	-28.46333000
145.69999153	0.00000000	-91.66460000	-28.83858000
145.89999151	0.00000000	-91.75073000	-29.58292000
146.09999150	0.00000000	-92.08292000	-30.00123000
146.29999149	0.00000000	-92.45201000	-30.37647000
146.49999148	0.00000000	-92.08292000	-30.73942000
146.69999147	0.00000000	-91.70767000	-30.37647000
146.89999146	0.00000000	-91.28937000	-30.04429000
147.09999144	0.00000000	-90.54502000	-30.00123000
147.29999143	0.00000000	-90.16978000	-29.95817000
147.49999142	0.00000000	-90.16978000	-29.58292000
147.69999141	0.00000000	-90.54502000	-28.83858000
147.89999140	0.00000000	-91.28937000	-28.46333000
148.09999138	0.00000000	-91.66460000	-28.42027000
148.29999137	0.00000000	-91.70767000	-28.42027000
148.49999136	0.00000000	-91.70767000	-28.46333000
148.69999135	0.00000000	-91.70767000	-28.83858000
148.89999134	0.00000000	-91.70767000	-29.58292000
149.09999132	0.00000000	-91.70767000	-29.95817000
149.29999131	0.00000000	-91.66460000	-30.00123000
149.49999130	0.00000000	-91.28937000	-30.00123000
149.69999129	0.00000000	-90.54502000	-30.00123000
149.89999128	0.00000000	-90.16978000	-30.00123000
150.09999127	0.00000000	-90.16978000	-30.00123000
150.29999125	0.00000000	-90.54502000	-29.95817000
150.49999124	0.00000000	-91.28937000	-29.58292000
150.69999123	0.00000000	-91.66460000	-28.83858000
150.89999122	0.00000000	-91.70767000	-28.46333000
151.09999121	0.00000000	-91.70767000	-28.42027000
151.29999119	0.00000000	-91.70767000	-28.42027000
151.49999118	0.00000000	-91.70767000	-28.46333000
151.69999117	0.00000000	-91.70767000	-28.83858000
151.89999116	0.00000000	-91.70767000	-29.58292000
152.09999115	0.00000000	-91.66460000	-29.95817000
152.29999113	0.00000000	-91.28937000	-30.00123000
152.49999112	0.00000000	-90.54502000	-29.95817000
152.69999111	0.00000000	-90.16978000	-29.62598000
152.89999110	0.00000000	-90.12672000	-29.25689000
153.09999109	0.00000000	-90.16978000	-29.58292000
153.29999108	0.00000000	-90.54502000	-29.53371000
153.49999106	0.00000000	-91.24016000	-28.83858000
153.69999105	0.00000000	-91.28937000	-28.46333000
153.89999104	0.00000000	-90.96333000	-28.42027000
154.09999103	0.00000000	-91.33242000	-28.42027000
154.29999102	0.00000000	-91.66460000	-28.42027000
154.49999100	0.00000000	-91.70767000	-28.42027000
154.69999099	0.00000000	-91.70767000	-28.42027000
154.89999098	0.00000000	-91.66460000	-28.46333000
155.09999097	0.00000000	-91.28937000	-28.83858000
155.29999096	0.00000000	-90.54502000	-29.58292000
155.49999094	0.00000000	-90.16978000	-29.95817000
155.69999093	0.00000000	-90.12672000	-30.00123000
155.89999092	0.00000000	-90.12672000	-30.00123000
156.09999091	0.00000000	-90.12672000	-29.95817000
156.29999090	0.00000000	-90.16978000	-29.58292000
156.49999089	0.00000000	-90.54502000	-28.83858000
156.69999087	0.00000000	-91.28937000	-28.42027000
156.89999086	0.00000000	-91.66460000	-28.04503000
157.09999085	0.00000000	-91.70767000	-27.67593000
157.29999084	0.00000000	-91.70767000	-28.04503000
157.49999083	0.00000000	-91.70767000	-28.37721000
157.69999081	0.00000000	-91.66460000	-28.42027000
157.89999080	0.00000000	-91.28937000	-28.46333000
158.09999079	0.00000000	-90.54502000	-28.83858000
158.29999078	0.00000000	-90.16978000	-29.58292000
158.49999077	0.00000000	-90.12672000	-29.95817000
158.69999075	0.00000000	-90.12672000	-30.00123000
158.89999074	0.00000000	-90.12672000	-30.00123000
159.09999073	0.00000000	-90.12672000	-29.95817000
159.29999072	0.00000000	-90.12672000	-29.58292000
159.49999071	0.00000000	-90.16978000	-28.83858000
159.69999070	0.00000000	-90.54502000	-28.46333000
159.89999068	0.00000000	-91.28937000	-28.42027000
160.09999067	0.00000000	-91.66460000	-28.42027000
160.29999066	0.00000000	-91.70767000	-28.42027000
160.49999065	0.00000000	-91.70767000	-28.42027000
160.69999064	0.00000000	-91.70767000	-28.46333000
160.89999062	0.00000000	-91.70767000	-28.83858000
161.09999061	0.00000000	-91.66460000	-29.58292000
161.29999060	0.00000000	-91.28937000	-29.95817000
161.49999059	0.00000000	-90.54502000	-30.00123000
161.69999058	0.00000000	-90.16978000	-30.00123000
161.89999056	0.00000000	-90.12672000	-30.00123000
162.09999055	0.00000000	-90.12672000	-30.00123000
162.29999054	0.00000000	-90.12672000	-29.95817000
162.49999053	0.00000000	-90.12672000	-29.58292000
162.69999052	0.00000000	-90.16978000	-28.83858000
162.89999051	0.00000000	-90.54502000	-28.46333000
163.09999049	0.00000000	-91.28937000	-28.42027000
163.29999048	0.00000000	-91.66460000	-28.42027000
163.49999047	0.00000000	-91.70767000	-28.42027000
163.69999046	0.00000000	-91.70767000	-28.46333000
163.89999045	0.00000000	-91.70767000	-28.83858000
164.09999043	0.00000000	-91.70767000	-29.58292000
164.29999042	0.00000000	-91.66460000	-29.95817000
164.49999041	0.00000000	-91.28937000	-30.00123000
164.69999040	0.00000000	-90.54502000	-30.00123000
164.89999039	0.00000000	-90.16978000	-30.00123000
165.09999037	0.00000000	-90.12672000	-30.00123000
165.29999036	0.00000000	-90.12672000	-30.00123000
165.49999035	0.00000000	-90.12672000	-29.95817000
165.69999034	0.00000000	-90.16978000	-29.58292000
165.89999033	0.00000000	-90.54502000	-28.83858000
166.09999032	0.00000000	-91.28937000	-28.46333000
166.29999030	0.00000000	-91.66460000	-28.42027000
166.49999029	0.00000000	-91.70767000	-28.46333000
166.69999028	0.00000000	-91.70767000	-28.83858000
166.89999027	0.00000000	-91.70767000	-29.58292000
167.09999026	0.00000000	-91.66460000	-29.95817000
167.29999024	0.00000000	-91.28937000	-30.00123000
167.49999023	0.00000000	-90.54502000	-30.00123000
167.69999022	0.00000000	-90.16978000	-30.00123000
167.89999021	0.00000000	-90.12672000	-30.00123000
168.09999020	0.00000000	-90.12672000	-30.00123000
168.29999018	0.00000000	-90.12672000	-30.00123000
168.49999017	0.00000000	-90.12672000	-29.95817000
168.69999016	0.00000000	-90.12672000	-29.58292000
168.89999015	0.00000000	-90.16978000	-28.83858000
169.09999014	0.00000000	-90.54502000	-28.51255000
169.29999013	0.00000000	-91.28937000	-28.83858000
169.49999011	0.00000000	-91.61539000	-29.53371000
169.69999010	0.00000000	-91.33242000	-29.53371000
169.89999009	0.00000000	-90.96333000	-28.83858000
170.09999008	0.00000000	-91.33242000	-28.51255000
170.29999007	0.00000000	-91.61539000	-28.79552000
170.49999005	0.00000000	-91.28937000	-29.16461000
170.69999004	0.00000000	-90.54502000	-28.79552000
170.89999003	0.00000000	-90.16978000	-28.46333000
171.09999002	0.00000000	-90.12672000	-28.42027000
171.29999001	0.00000000	-90.12672000	-28.42027000
171.49998999	0.00000000	-90.12672000	-28.42027000
171.69998998	0.00000000	-90.12672000	-28.42027000
171.89998997	0.00000000	-90.12672000	-28.46333000
172.09998996	0.00000000	-90.12672000	-28.83858000
172.29998995	0.00000000	-90.12672000	-29.58292000
172.49998994	0.00000000	-90.12672000	-29.90895000
172.69998992	0.00000000	-90.16978000	-29.62598000
172.89998991	0.00000000	-90.50197000	-29.21383000
173.09998990	0.00000000	-90.87106000	-29.20767000
173.29998989	0.00000000	-90.50197000	-28.79552000
173.49998988	0.00000000	-90.16978000	-28.46333000
173.69998986	0.00000000	-90.12672000	-28.42027000
173.89998985	0.00000000	-90.12672000	-28.42027000
174.09998984	0.00000000	-90.12672000	-28.46333000
174.29998983	0.00000000	-90.12672000	-28.83858000
174.49998982	0.00000000	-90.12672000	-29.58292000
174.69998980	0.00000000	-90.12672000	-29.90895000
174.89998979	0.00000000	-90.12672000	-29.62598000
175.09998978	0.00000000	-90.12672000	-29.21383000
175.29998977	0.00000000	-90.12672000	-29.20767000
175.49998976	0.00000000	-90.12672000	-28.79552000
175.69998975	0.00000000	-90.12672000	-28.46333000
175.89998973	0.00000000	-90.12672000	-28.42027000
176.09998972	0.00000000	-90.12672000	-28.42027000
176.29998971	0.00000000	-90.12672000	-28.42027000
176.49998970	0.00000000	-90.12672000	-28.42027000
176.69998969	0.00000000	-90.12672000	-28.42027000
176.89998967	0.00000000	-90.12672000	-28.46333000
177.09998966	0.00000000	-90.12672000	-28.83858000
177.29998965	0.00000000	-90.12672000	-29.53371000
177.49998964	0.00000000	-90.12672000	-29.58292000
177.69998963	0.00000000	-90.12672000	-29.21383000
177.89998961	0.00000000	-90.12672000	-29.25074000
178.09998960	0.00000000	-90.12672000	-29.17077000
178.29998959	0.00000000	-90.12672000	-29.20767000
178.49998958	0.00000000	-90.12672000	-28.79552000
178.69998957	0.00000000	-90.12672000	-28.46333000
178.89998956	0.00000000	-90.12672000	-28.42027000
179.09998954	0.00000000	-90.12672000	-28.42027000
179.29998953	0.00000000	-90.12672000	-28.42027000
179.49998952	0.00000000	-90.12672000	-28.42027000
179.69998951	0.00000000	-90.12672000	-28.46333000
179.89998950	0.00000000	-90.12672000	-28.83858000
180.09998948	0.00000000	-90.12672000	-29.58292000
180.29998947	0.00000000	-90.12672000	-29.95817000
180.49998946	0.00000000	-90.12672000	-30.00123000
180.69998945	0.00000000	-90.16978000	-30.00123000
180.89998944	0.00000000	-90.50197000	-30.00123000
181.09998942	0.00000000	-90.87106000	-29.95817000
181.29998941	0.00000000	-90.50197000	-29.58292000
181.49998940	0.00000000	-90.16978000	-28.83858000
181.69998939	0.00000000	-90.12672000	-28.46333000
181.89998938	0.00000000	-90.12672000	-28.42027000
182.09998937	0.00000000	-90.12672000	-28.46333000
182.29998935	0.00000000	-90.12672000	-28.83858000
182.49998934	0.00000000	-90.12672000	-29.58292000
182.69998933	0.00000000	-90.12672000	-29.95817000
182.89998932	0.00000000	-90.12672000	-30.00123000
183.09998931	0.00000000	-90.12672000	-30.00123000
183.29998929	0.00000000	-90.12672000	-30.00123000
183.49998928	0.00000000	-90.12672000	-30.00123000
183.69998927	0.00000000	-90.12672000	-30.00123000
183.89998926	0.00000000	-90.12672000	-29.95817000
184.09998925	0.00000000	-90.12672000	-29.58292000
184.29998923	0.00000000	-90.12672000	-28.83858000
184.49998922	0.00000000	-90.16978000	-28.46333000
184.69998921	0.00000000	-90.50197000	-28.42027000
184.89998920	0.00000000	-90.87106000	-28.42027000
185.09998919	0.00000000	-90.50197000	-28.42027000
185.29998918	0.00000000	-90.16978000	-28.42027000
185.49998916	0.00000000	-90.12672000	-28.42027000
185.69998915	0.00000000	-90.12672000	-28.46333000
185.89998914	0.00000000	-90.12672000	-28.83858000
186.09998913	0.00000000	-90.12672000	-29.58292000
186.29998912	0.00000000	-90.12672000	-29.95817000
186.49998910	0.00000000	-90.12672000	-30.00123000
186.69998909	0.00000000	-90.12672000	-29.95817000
186.89998908	0.00000000	-90.12672000	-29.58292000
187.09998907	0.00000000	-90.12672000	-28.83858000
187.29998906	0.00000000	-90.12672000	-28.46333000
187.49998904	0.00000000	-90.12672000	-28.37721000
187.69998903	0.00000000	-90.12672000	-28.00197000
187.89998902	0.00000000	-90.12672000	-27.30684000
188.09998901	0.00000000	-90.12672000	-27.30684000
188.29998900	0.00000000	-90.12672000	-28.00197000
188.49998899	0.00000000	-90.12672000	-28.37721000
188.69998897	0.00000000	-90.12672000	-28.42027000
188.89998896	0.00000000	-90.12672000	-28.46333000
189.09998895	0.00000000	-90.12672000	-28.83858000
189.29998894	0.00000000	-90.12672000	-29.53371000
189.49998893	0.00000000	-90.12672000	-29.53371000
189.69998891	0.00000000	-90.12672000	-28.83858000
189.89998890	0.00000000	-90.12672000	-28.46333000
190.09998889	0.00000000	-90.12672000	-28.42027000
190.29998888	0.00000000	-90.12672000	-28.42027000
190.49998887	0.00000000	-90.12672000	-28.42027000
190.69998885	0.00000000	-90.12672000	-28.42027000
190.89998884	0.00000000	-90.12672000	-28.42027000
191.09998883	0.00000000	-90.12672000	-28.42027000
191.29998882	0.00000000	-90.12672000	-28.42027000
191.49998881	0.00000000	-90.12672000	-28.42027000
191.69998880	0.00000000	-90.08366000	-28.42027000
191.89998878	0.00000000	-89.75147000	-28.42027000
192.09998877	0.00000000	-89.38238000	-28.42027000
192.29998876	0.00000000	-89.75147000	-28.46333000
192.49998875	0.00000000	-90.08366000	-28.79552000
192.69998874	0.00000000	-90.12672000	-29.20767000
192.89998872	0.00000000	-90.12672000	-29.17077000
193.09998871	0.00000000	-90.12672000	-29.20767000
193.29998870	0.00000000	-90.12672000	-28.79552000
193.49998869	0.00000000	-90.12672000	-28.46333000
193.69998868	0.00000000	-90.12672000	-28.42027000
193.89998866	0.00000000	-90.12672000	-28.42027000
194.09998865	0.00000000	-90.12672000	-28.42027000
194.29998864	0.00000000	-90.12672000	-28.42027000
194.49998863	0.00000000	-90.12672000	-28.42027000
194.69998862	0.00000000	-90.12672000	-28.42027000
194.89998861	0.00000000	-90.12672000	-28.42027000
195.09998859	0.00000000	-90.12672000	-28.42027000
195.29998858	0.00000000	-90.12672000	-28.42027000
195.49998857	0.00000000	-90.12672000	-28.46333000
195.69998856	0.00000000	-90.12672000	-28.79552000
195.89998855	0.00000000	-90.12672000	-29.16461000
196.09998853	0.00000000	-90.16978000	-28.83858000
