Time	Channel A	Channel B	Channel C
(us)	(V)	(mV)	(mV)

-4.59999956	0.00000000	-94.82652000	-31.57603000
-4.39999957	0.00000000	-94.45127000	-31.57603000
-4.19999958	0.00000000	-93.75615000	-31.57603000
-3.99999959	0.00000000	-93.75615000	-31.57603000
-3.79999960	0.00000000	-94.45127000	-31.57603000
-3.59999962	0.00000000	-94.82652000	-31.57603000
-3.39999963	0.00000000	-94.82652000	-31.57603000
-3.19999964	0.00000000	-94.45127000	-31.57603000
-2.99999965	0.00000000	-93.70693000	-31.57603000
-2.79999966	0.00000000	-93.38090000	-31.57603000
-2.59999968	0.00000000	-93.66387000	-31.57603000
-2.39999969	0.00000000	-94.07603000	-31.57603000
-2.19999970	0.00000000	-94.03912000	-31.57603000
-1.99999971	0.00000000	-94.07603000	-31.57603000
-1.79999972	0.00000000	-93.66387000	-31.57603000
-1.59999973	0.00000000	-93.33169000	-31.57603000
-1.39999975	0.00000000	-93.28863000	-31.57603000
-1.19999976	0.00000000	-93.33169000	-31.57603000
-0.99999977	0.00000000	-93.66387000	-31.57603000
-0.79999978	0.00000000	-94.03297000	-31.57603000
-0.59999979	0.00000000	-93.66387000	-31.57603000
-0.39999981	0.00000000	-93.33169000	-31.57603000
-0.19999982	0.31803640	-93.28863000	-31.57603000
0.00000017	0.79601380	-93.28863000	-31.57603000
0.20000016	0.95533960	-93.28863000	-31.57603000
0.40000015	1.11466500	-93.28863000	-31.57603000
0.60000013	0.79601380	-93.28863000	-31.57603000
0.80000012	0.15871060	-93.33169000	-31.61909000
1.00000011	-0.63668800	-93.66387000	-31.95128000
1.20000010	-1.75196900	-94.03297000	-32.32037000
1.40000009	-2.54859700	-93.66387000	-31.95128000
1.60000008	-2.70792300	-93.38090000	-31.61909000
1.80000006	-2.22994600	-93.66387000	-31.57603000
2.00000005	-0.95533960	-94.03297000	-31.57603000
2.20000004	0.95533960	-93.66387000	-31.57603000
2.40000003	3.02657500	-93.33169000	-31.57603000
2.60000002	4.77854300	-93.33169000	-31.61909000
2.80000000	5.41584600	-93.70693000	-31.99434000
2.99999999	4.61921700	-94.40206000	-32.73868000
3.19999998	2.38927200	-94.45127000	-33.11393000
3.39999997	-0.79601380	-94.08218000	-33.15699000
3.59999996	-4.14124000	-94.07603000	-33.11393000
3.79999994	-6.84916400	-93.66387000	-32.73868000
3.99999993	-7.96444400	-93.33169000	-31.99434000
4.19999992	-7.00848900	-93.28863000	-31.61909000
4.39999991	-4.30056600	-93.28863000	-31.57603000
4.59999990	-0.15871060	-93.28863000	-31.57603000
4.79999989	4.14124000	-93.33169000	-31.61909000
4.99999987	7.80511800	-93.66387000	-31.99434000
5.19999986	9.39837600	-94.07603000	-32.73868000
5.39999985	8.76107300	-94.03912000	-33.06471000
5.59999984	5.89382400	-94.11909000	-32.78174000
5.79999983	1.43331700	-94.03912000	-32.41265000
5.99999981	-3.34522600	-94.11909000	-32.78174000
6.19999980	-7.32714100	-94.03912000	-33.06471000
6.39999979	-9.23905000	-94.07603000	-32.73868000
6.59999978	-8.92039900	-93.66387000	-31.99434000
6.79999977	-6.53112700	-93.33169000	-31.61909000
6.99999975	-2.54859700	-93.28863000	-31.57603000
7.19999974	1.91129400	-93.33169000	-31.57603000
7.39999973	5.57517200	-93.70693000	-31.57603000
7.59999972	7.48646600	-94.45127000	-31.61909000
7.79999971	7.48646600	-94.82652000	-31.99434000
7.99999970	5.73449800	-94.86958000	-32.73868000
8.19999968	2.70792300	-94.82652000	-33.11393000
8.39999967	-0.47736220	-94.45127000	-33.15699000
8.59999966	-3.34522600	-93.70693000	-33.11393000
8.79999965	-4.93786900	-93.33169000	-32.73868000
8.99999964	-5.09719500	-93.28863000	-31.99434000
9.19999962	-4.14124000	-93.28863000	-31.61909000
9.39999961	-2.22994600	-93.28863000	-31.57603000
9.59999960	-0.31803640	-93.28863000	-31.57603000
9.79999959	1.43331700	-93.28863000	-31.57603000
9.99999958	2.38927200	-93.33169000	-31.57603000
10.19999956	2.54859700	-93.66387000	-31.57603000
10.39999955	2.07062000	-94.03297000	-31.57603000
10.59999954	1.27399100	-93.66387000	-31.57603000
10.79999953	0.31803640	-93.33169000	-31.57603000
10.99999952	-0.31803640	-93.28863000	-31.57603000
11.19999951	-0.79601380	-93.28863000	-31.57603000
11.39999949	-0.95533960	-93.28863000	-31.57603000
11.59999948	-0.95533960	-93.28863000	-31.57603000
11.79999947	-0.63668800	-93.28863000	-31.57603000
11.99999946	-0.31803640	-93.33169000	-31.57603000
12.19999945	-0.15871060	-93.66387000	-31.57603000
12.39999943	-0.15871060	-94.03297000	-31.57603000
12.59999942	0.00000000	-93.66387000	-31.57603000
12.79999941	0.00000000	-93.33169000	-31.57603000
12.99999940	0.00000000	-93.28863000	-31.57603000
13.19999939	0.00000000	-93.28863000	-31.57603000
13.39999937	0.15871060	-93.28863000	-31.57603000
13.59999936	0.00000000	-93.28863000	-31.57603000
13.79999935	0.00000000	-93.28863000	-31.57603000
13.99999934	0.00000000	-93.28863000	-31.57603000
14.19999933	-0.15871060	-93.28863000	-31.57603000
14.39999932	-0.15871060	-93.33169000	-31.57603000
14.59999930	-0.15871060	-93.66387000	-31.57603000
14.79999929	0.00000000	-94.03297000	-31.57603000
14.99999928	0.00000000	-93.66387000	-31.57603000
15.19999927	0.00000000	-93.33169000	-31.57603000
15.39999926	0.00000000	-93.28863000	-31.57603000
15.59999924	0.00000000	-93.28863000	-31.57603000
15.79999923	0.00000000	-93.28863000	-31.57603000
15.99999922	0.00000000	-93.28863000	-31.57603000
16.19999921	0.00000000	-93.28863000	-31.57603000
16.39999920	0.00000000	-93.28863000	-31.57603000
16.59999919	-0.15871060	-93.28863000	-31.57603000
16.79999917	0.00000000	-93.28863000	-31.57603000
16.99999916	0.00000000	-93.24557000	-31.57603000
17.19999915	0.00000000	-92.87032000	-31.57603000
17.39999914	0.00000000	-92.12598000	-31.57603000
17.59999913	0.00000000	-91.75073000	-31.57603000
17.79999911	0.00000000	-91.75073000	-31.57603000
17.99999910	0.00000000	-92.17519000	-31.57603000
18.19999909	0.00000000	-93.33169000	-31.57603000
18.39999908	0.00000000	-94.86958000	-31.57603000
18.59999907	0.00000000	-96.45053000	-31.57603000
18.79999905	0.00000000	-97.98843000	-31.57603000
18.99999904	0.00000000	-99.10187000	-31.57603000
19.19999903	0.00000000	-99.05880000	-31.61909000
19.39999902	0.00000000	-97.52091000	-31.95128000
19.59999901	0.00000000	-94.77731000	-32.32037000
19.79999900	0.00000000	-91.28937000	-31.95128000
19.99999898	0.00000000	-87.38312000	-31.61909000
20.19999897	0.00000000	-83.98129000	-31.57603000
20.39999896	0.00000000	-82.08046000	-31.57603000
20.59999895	0.00000000	-82.95399000	-31.57603000
20.79999894	0.00000000	-86.82333000	-31.57603000
20.99999892	0.00000000	-93.42396000	-31.61909000
21.19999891	0.00000000	-101.10730000	-31.95128000
21.39999890	0.00000000	-108.08320000	-32.32037000
21.59999889	0.00000000	-112.69070000	-31.95128000
21.79999888	0.00000000	-113.76720000	-31.61909000
21.99999886	0.00000000	-110.18080000	-31.57603000
22.19999885	0.00000000	-101.66710000	-31.57603000
22.39999884	0.00000000	-90.04060000	-31.57603000
22.59999883	0.00000000	-77.65748000	-31.57603000
22.79999882	0.00000000	-66.91068000	-31.57603000
22.99999881	0.00000000	-61.27583000	-31.57603000
23.19999879	0.00000000	-63.23203000	-31.53297000
23.39999878	0.00000000	-72.90845000	-31.15772000
23.59999877	0.00000000	-88.02903000	-30.41954000
23.79999876	0.00000000	-105.80710000	-30.04429000
23.99999875	0.00000000	-122.36710000	-30.00123000
24.19999873	0.00000000	-133.12010000	-30.04429000
24.39999872	0.00000000	-135.44540000	-30.41954000
24.59999871	0.00000000	-128.37720000	-31.25000000
24.79999870	0.00000000	-112.88140000	-32.36959000
24.99999869	0.00000000	-91.62155000	-33.94439000
25.19999867	0.00000000	-69.65427000	-35.06397000
25.39999866	0.00000000	-52.30069000	-35.89444000
25.59999865	0.00000000	-43.82997000	-36.17741000
25.79999864	0.00000000	-46.57357000	-35.38385000
25.99999863	0.00000000	-60.11319000	-33.02165000
26.19999862	0.00000000	-81.74828000	-29.58292000
26.39999860	0.00000000	-106.45920000	-25.68282000
26.59999859	0.00000000	-128.46950000	-22.23794000
26.79999858	0.00000000	-142.74730000	-19.96186000
26.99999857	0.00000000	-145.82310000	-20.05413000
27.19999856	0.00000000	-136.98320000	-23.16683000
27.39999854	0.00000000	-118.46090000	-29.01698000
27.59999853	0.00000000	-94.86958000	-36.68799000
27.79999852	0.00000000	-71.28445000	-44.39591000
27.99999851	0.00000000	-52.76205000	-49.79700000
28.19999850	0.00000000	-43.87918000	-52.11614000
28.39999848	0.00000000	-46.48130000	-50.44291000
28.59999847	0.00000000	-59.18430000	-44.17446000
28.79999846	0.00000000	-78.50024000	-33.76599000
28.99999845	0.00000000	-100.13530000	-21.40748000
29.19999844	0.00000000	-119.11290000	-10.25467000
29.39999843	0.00000000	-131.58220000	-2.58981300
29.59999841	0.00000000	-135.86370000	-1.10113200
29.79999840	0.00000000	-131.20690000	-6.53297200
29.99999839	0.00000000	-118.51010000	-17.73499000
30.19999838	0.00000000	-101.19960000	-32.82480000
30.39999837	0.00000000	-83.75368000	-48.25910000
30.59999835	0.00000000	-69.74655000	-60.98671000
30.79999834	0.00000000	-61.14050000	-67.91338000
30.99999833	0.00000000	-59.22736000	-67.12598000
31.19999832	0.00000000	-64.21014000	-58.95053000
31.39999831	0.00000000	-75.00614000	-44.21752000
31.59999829	0.00000000	-88.54576000	-25.72589000
31.79999828	0.00000000	-102.13460000	-8.02165300
31.99999827	0.00000000	-113.34280000	4.74901600
32.19999826	0.00000000	-119.53120000	9.76870100
32.39999825	0.00000000	-119.62350000	6.32997000
32.59999824	0.00000000	-114.22860000	-4.90895600
32.79999822	0.00000000	-104.96430000	-21.49975000
32.99999821	0.00000000	-93.75615000	-40.08366000
33.19999820	0.00000000	-83.32922000	-56.67445000
33.39999819	0.00000000	-75.89198000	-67.91338000
33.59999818	0.00000000	-72.44710000	-71.40132000
33.79999816	0.00000000	-73.61589000	-66.75073000
33.99999815	0.00000000	-79.70595000	-54.76132000
34.19999814	0.00000000	-88.12745000	-37.80758000
34.39999813	0.00000000	-96.31520000	-20.09719000
34.59999812	0.00000000	-103.29720000	-5.74557000
34.79999810	0.00000000	-107.52950000	2.38681100
34.99999809	0.00000000	-107.90480000	3.21727300
35.19999808	0.00000000	-104.50290000	-3.37106300
35.39999807	0.00000000	-98.36368000	-15.69267000
35.59999806	0.00000000	-91.84300000	-31.15772000
35.79999805	0.00000000	-86.40501000	-46.16756000
35.99999803	0.00000000	-83.32922000	-57.32037000
36.19999802	0.00000000	-83.28617000	-61.59571000
36.39999801	0.00000000	-85.98056000	-58.24926000
36.59999800	0.00000000	-90.59423000	-49.42175000
36.79999799	0.00000000	-95.93995000	-37.38312000
36.99999797	0.00000000	-100.17840000	-24.37254000
37.19999796	0.00000000	-102.13460000	-14.01329000
37.39999795	0.00000000	-101.75930000	-9.73179100
37.59999794	0.00000000	-99.05880000	-11.59572000
37.79999793	0.00000000	-94.82652000	-18.89148000
37.99999791	0.00000000	-90.21899000	-29.58292000
38.19999790	0.00000000	-86.35580000	-39.89911000
38.39999789	0.00000000	-84.44881000	-46.86885000
38.59999788	0.00000000	-84.77485000	-48.77583000
38.79999787	0.00000000	-87.10014000	-45.38017000
38.99999786	0.00000000	-90.54502000	-37.71530000
39.19999784	0.00000000	-94.45127000	-28.51255000
39.39999783	0.00000000	-97.94537000	-20.05413000
39.59999782	0.00000000	-100.64590000	-14.75763000
39.79999781	0.00000000	-101.80860000	-14.80069000
39.99999780	0.00000000	-101.06420000	-20.52165000
40.19999778	0.00000000	-99.10187000	-30.04429000
40.39999777	0.00000000	-95.98302000	-40.03444000
40.59999776	0.00000000	-92.17519000	-47.74852000
40.79999775	0.00000000	-89.05634000	-51.55635000
40.99999774	0.00000000	-87.05708000	-49.98154000
41.19999772	0.00000000	-85.85137000	-43.10408000
41.39999771	0.00000000	-85.51919000	-33.11393000
41.59999770	0.00000000	-86.31274000	-22.74852000
41.79999769	0.00000000	-88.63803000	-14.66535000
41.99999768	0.00000000	-91.70767000	-11.17741000
42.19999767	0.00000000	-94.82652000	-12.70915000
42.39999765	0.00000000	-97.52091000	-18.84842000
42.59999764	0.00000000	-99.10187000	-28.04503000
42.79999763	0.00000000	-99.52017000	-37.29700000
42.99999762	0.00000000	-99.10187000	-44.63582000
43.19999761	0.00000000	-97.56396000	-48.49286000
43.39999759	0.00000000	-95.28789000	-47.74852000
43.59999758	0.00000000	-93.33169000	-43.19020000
43.79999757	0.00000000	-91.70767000	-36.26968000
43.99999756	0.00000000	-90.16978000	-28.97392000
44.19999755	0.00000000	-89.01328000	-23.16683000
44.39999753	0.00000000	-88.58882000	-20.05413000
44.59999752	0.00000000	-88.54576000	-19.96186000
44.79999751	0.00000000	-88.54576000	-22.23794000
44.99999750	0.00000000	-88.58882000	-25.72589000
45.19999749	0.00000000	-89.01328000	-30.00123000
45.39999748	0.00000000	-90.16978000	-34.18430000
45.59999746	0.00000000	-91.79995000	-36.92175000
45.79999745	0.00000000	-94.17445000	-37.75836000
45.99999744	0.00000000	-97.65624000	-37.38312000
46.19999743	0.00000000	-101.06420000	-35.80217000
46.39999742	0.00000000	-103.38950000	-33.15699000
46.59999740	0.00000000	-103.71550000	-30.46260000
46.79999739	0.00000000	-101.75930000	-28.46333000
46.99999738	0.00000000	-97.47784000	-26.93159000
47.19999737	0.00000000	-91.66460000	-26.19340000
47.39999736	0.00000000	-85.47613000	-26.93159000
47.59999734	0.00000000	-80.08120000	-28.46333000
47.79999733	0.00000000	-77.00541000	-30.41954000
47.99999732	0.00000000	-77.05462000	-32.73868000
48.19999731	0.00000000	-80.59178000	-34.64567000
48.39999730	0.00000000	-87.56152000	-35.85138000
48.59999729	0.00000000	-96.40748000	-36.17741000
48.79999727	0.00000000	-104.87820000	-35.38385000
48.99999726	0.00000000	-110.64840000	-33.06471000
49.19999725	0.00000000	-112.18630000	-30.04429000
49.39999724	0.00000000	-109.11050000	-27.30684000
49.59999723	0.00000000	-102.13460000	-25.35064000
49.79999721	0.00000000	-92.87032000	-24.23720000
49.99999720	0.00000000	-83.24310000	-24.69857000
50.19999719	0.00000000	-75.93503000	-27.34990000
50.39999718	0.00000000	-72.86540000	-31.20078000
50.59999717	0.00000000	-74.77238000	-35.06397000
50.79999715	0.00000000	-81.28690000	-38.54576000
50.99999714	0.00000000	-90.12672000	-40.40969000
51.19999713	0.00000000	-99.01575000	-40.03444000
51.39999712	0.00000000	-105.99160000	-37.34006000
51.59999711	0.00000000	-109.44270000	-33.15699000
51.79999710	0.00000000	-108.69220000	-28.88779000
51.99999708	0.00000000	-103.67250000	-25.39985000
52.19999707	0.00000000	-96.03223000	-23.12377000
52.39999706	0.00000000	-87.93675000	-23.12377000
52.59999705	0.00000000	-81.79749000	-25.39985000
52.79999704	0.00000000	-79.05388000	-28.83858000
52.99999702	0.00000000	-80.21653000	-32.73868000
53.19999701	0.00000000	-84.77485000	-36.17741000
53.39999700	0.00000000	-91.28937000	-38.50270000
53.59999699	0.00000000	-97.43479000	-38.87795000
53.79999698	0.00000000	-101.71630000	-37.34006000
53.99999696	0.00000000	-103.25420000	-34.31963000
54.19999695	0.00000000	-101.71630000	-30.88090000
54.39999694	0.00000000	-97.52091000	-28.55561000
54.59999693	0.00000000	-92.12598000	-27.39296000
54.79999692	0.00000000	-87.14320000	-27.76821000
54.99999691	0.00000000	-83.66141000	-29.62598000
55.19999689	0.00000000	-82.91092000	-31.53297000
55.39999688	0.00000000	-84.82406000	-33.11393000
55.59999687	0.00000000	-89.05634000	-34.18430000
55.79999686	0.00000000	-94.35899000	-33.76599000
55.99999685	0.00000000	-98.59743000	-31.53297000
56.19999683	0.00000000	-100.59670000	-28.88164000
56.39999682	0.00000000	-100.59670000	-26.97465000
56.59999681	0.00000000	-98.64050000	-26.19340000
56.79999680	0.00000000	-94.82652000	-27.01772000
56.99999679	0.00000000	-90.63730000	-29.34916000
57.19999677	0.00000000	-87.51845000	-33.20005000
57.39999676	0.00000000	-85.93749000	-37.34006000
57.59999675	0.00000000	-85.93749000	-40.03444000
57.79999674	0.00000000	-87.47539000	-40.40969000
57.99999673	0.00000000	-90.16978000	-38.45964000
58.19999672	0.00000000	-93.24557000	-34.14124000
58.39999670	0.00000000	-95.93995000	-28.04503000
58.59999669	0.00000000	-97.43479000	-21.91806000
58.79999668	0.00000000	-97.10260000	-18.09793000
58.99999667	0.00000000	-95.24483000	-17.31053000
59.19999666	0.00000000	-93.33169000	-20.05413000
59.39999664	0.00000000	-91.75073000	-25.81816000
59.59999663	0.00000000	-90.59423000	-33.15699000
59.79999662	0.00000000	-90.21899000	-40.45275000
59.99999661	0.00000000	-90.59423000	-45.79847000
60.19999660	0.00000000	-91.70767000	-47.33021000
60.39999658	0.00000000	-92.87032000	-44.63582000
60.59999657	0.00000000	-93.62081000	-38.45964000
60.79999656	0.00000000	-93.98376000	-30.00123000
60.99999655	0.00000000	-93.19635000	-21.59203000
61.19999654	0.00000000	-91.70767000	-15.78494000
61.39999653	0.00000000	-90.16978000	-13.82874000
61.59999651	0.00000000	-89.05634000	-15.73573000
61.79999650	0.00000000	-89.01328000	-21.21678000
61.99999649	0.00000000	-89.79453000	-29.25689000
62.19999648	0.00000000	-90.96333000	-38.08440000
62.39999647	0.00000000	-92.95644000	-44.63582000
62.59999645	0.00000000	-95.20176000	-47.79773000
62.79999644	0.00000000	-97.10260000	-47.37327000
62.99999643	0.00000000	-97.47784000	-43.14714000
63.19999642	0.00000000	-96.35826000	-36.22662000
63.39999641	0.00000000	-94.40206000	-28.51255000
63.59999639	0.00000000	-91.70767000	-21.54281000
63.79999638	0.00000000	-89.01328000	-16.94144000
63.99999637	0.00000000	-87.05708000	-15.73573000
64.19999636	0.00000000	-85.93749000	-18.05487000
64.39999635	0.00000000	-86.35580000	-23.03149000
64.59999634	0.00000000	-88.63803000	-29.62598000
64.79999632	0.00000000	-91.70767000	-36.13435000
64.99999631	0.00000000	-94.77731000	-41.19094000
65.19999630	0.00000000	-97.10260000	-43.52239000
65.39999629	0.00000000	-97.89616000	-43.23941000
65.59999628	0.00000000	-97.52091000	-40.92027000
65.79999626	0.00000000	-95.93995000	-37.43233000
65.99999625	0.00000000	-93.28863000	-33.15699000
66.19999624	0.00000000	-90.59423000	-28.88779000
66.39999623	0.00000000	-88.68110000	-25.39985000
66.59999622	0.00000000	-87.89370000	-23.03149000
66.79999620	0.00000000	-88.68110000	-22.23794000
66.99999619	0.00000000	-90.54502000	-22.61319000
67.19999618	0.00000000	-92.87032000	-24.19414000
67.39999617	0.00000000	-94.77731000	-26.88853000
67.59999616	0.00000000	-95.85383000	-30.00123000
67.79999615	0.00000000	-95.10334000	-33.15699000
67.99999613	0.00000000	-92.50123000	-36.26968000
68.19999612	0.00000000	-90.16978000	-38.96407000
68.39999611	0.00000000	-88.17052000	-40.50196000
68.59999610	0.00000000	-86.35580000	-40.50196000
68.79999609	0.00000000	-86.40501000	-38.92101000
68.99999607	0.00000000	-88.68110000	-35.80217000
69.19999606	0.00000000	-92.17519000	-31.53297000
69.39999605	0.00000000	-96.40748000	-26.88238000
69.59999604	0.00000000	-100.22150000	-22.65625000
69.79999603	0.00000000	-102.09150000	-19.96186000
69.99999601	0.00000000	-101.34100000	-19.59276000
70.19999600	0.00000000	-97.85310000	-21.49975000
70.39999599	0.00000000	-92.87032000	-25.39985000
70.59999598	0.00000000	-87.43233000	-30.41954000
70.79999597	0.00000000	-82.81864000	-35.80832000
70.99999596	0.00000000	-80.12425000	-40.03444000
71.19999594	0.00000000	-80.16732000	-41.99065000
71.39999593	0.00000000	-83.24310000	-41.61540000
71.59999592	0.00000000	-88.63803000	-38.92101000
71.79999591	0.00000000	-94.78345000	-34.69488000
71.99999590	0.00000000	-100.22150000	-30.04429000
72.19999588	0.00000000	-103.71550000	-25.81816000
72.39999587	0.00000000	-104.87820000	-23.12377000
72.59999586	0.00000000	-103.29720000	-22.69931000
72.79999585	0.00000000	-99.01575000	-24.19414000
72.99999584	0.00000000	-92.91338000	-26.88853000
73.19999582	0.00000000	-86.73105000	-29.90895000
73.39999581	0.00000000	-82.44955000	-32.27731000
73.59999580	0.00000000	-80.08120000	-33.43996000
73.79999579	0.00000000	-80.16732000	-33.85211000
73.99999578	0.00000000	-83.19389000	-33.06471000
74.19999577	0.00000000	-88.17052000	-31.62524000
74.39999575	0.00000000	-93.19635000	-30.46260000
74.59999574	0.00000000	-97.47784000	-30.09350000
74.79999573	0.00000000	-100.17840000	-30.46260000
74.99999572	0.00000000	-100.59670000	-31.62524000
75.19999571	0.00000000	-99.10187000	-33.11393000
75.39999569	0.00000000	-96.40748000	-34.22736000
75.59999568	0.00000000	-93.28863000	-34.18430000
75.79999567	0.00000000	-90.16978000	-32.64640000
75.99999566	0.00000000	-87.51845000	-29.95201000
76.19999565	0.00000000	-86.35580000	-26.83932000
76.39999563	0.00000000	-87.05708000	-23.77584000
76.59999562	0.00000000	-88.54576000	-21.54281000
76.79999561	0.00000000	-90.12672000	-21.59203000
76.99999560	0.00000000	-91.66460000	-24.28026000
77.19999559	0.00000000	-92.82111000	-28.88779000
77.39999558	0.00000000	-93.24557000	-34.27042000
77.59999556	0.00000000	-93.24557000	-38.92101000
77.79999555	0.00000000	-92.91338000	-41.99065000
77.99999554	0.00000000	-92.54428000	-42.72884000
78.19999553	0.00000000	-92.91338000	-40.40969000
78.39999552	0.00000000	-93.28863000	-35.80832000
78.59999550	0.00000000	-93.66387000	-30.00123000
78.79999549	0.00000000	-94.03297000	-24.23720000
78.99999548	0.00000000	-93.62081000	-19.96186000
79.19999547	0.00000000	-92.82111000	-18.01181000
79.39999546	0.00000000	-91.24016000	-18.43012000
79.59999544	0.00000000	-89.01328000	-21.54281000
79.79999543	0.00000000	-87.47539000	-26.88853000
79.99999542	0.00000000	-87.05708000	-32.64640000
80.19999541	0.00000000	-87.43233000	-37.34006000
80.39999540	0.00000000	-88.63803000	-40.50196000
80.59999539	0.00000000	-90.59423000	-42.03371000
80.79999537	0.00000000	-93.28863000	-41.61540000
80.99999536	0.00000000	-95.93995000	-38.92101000
81.19999535	0.00000000	-97.47784000	-34.73794000
81.39999534	0.00000000	-97.47784000	-30.46260000
81.59999533	0.00000000	-95.98302000	-26.88853000
81.79999531	0.00000000	-93.66387000	-23.81890000
81.99999530	0.00000000	-91.33242000	-21.87500000
82.19999529	0.00000000	-89.01328000	-21.86270000
82.39999528	0.00000000	-87.47539000	-22.98843000
82.59999527	0.00000000	-87.05708000	-25.35064000
82.79999525	0.00000000	-87.47539000	-28.46333000
82.99999524	0.00000000	-89.01328000	-31.95128000
83.19999523	0.00000000	-91.28937000	-35.43307000
83.39999522	0.00000000	-93.19635000	-37.80142000
83.59999521	0.00000000	-94.40206000	-39.38238000
83.79999520	0.00000000	-94.77731000	-40.08366000
83.99999518	0.00000000	-94.40206000	-38.87795000
84.19999517	0.00000000	-93.28863000	-35.80217000
84.39999516	0.00000000	-92.17519000	-31.57603000
84.59999515	0.00000000	-91.75073000	-27.30684000
84.79999514	0.00000000	-91.70767000	-23.81890000
84.99999512	0.00000000	-91.70767000	-21.49975000
85.19999511	0.00000000	-91.70767000	-21.12451000
85.39999510	0.00000000	-91.70767000	-22.65625000
85.59999509	0.00000000	-91.66460000	-25.77510000
85.79999508	0.00000000	-91.28937000	-30.04429000
85.99999506	0.00000000	-90.50197000	-34.64567000
86.19999505	0.00000000	-89.79453000	-38.50270000
86.39999504	0.00000000	-89.43159000	-40.45890000
86.59999503	0.00000000	-90.16978000	-40.45890000
86.79999502	0.00000000	-91.28937000	-38.50270000
86.99999501	0.00000000	-92.12598000	-34.64567000
87.19999499	0.00000000	-93.33169000	-30.04429000
87.39999498	0.00000000	-94.77731000	-25.77510000
87.59999497	0.00000000	-95.52164000	-22.70546000
87.79999496	0.00000000	-94.77731000	-21.54281000
87.99999495	0.00000000	-93.28863000	-22.70546000
88.19999493	0.00000000	-91.70767000	-25.77510000
88.39999492	0.00000000	-90.12672000	-30.00123000
88.59999491	0.00000000	-88.63803000	-34.27042000
88.79999490	0.00000000	-87.89370000	-37.71530000
88.99999489	0.00000000	-88.63803000	-39.61614000
89.19999487	0.00000000	-90.12672000	-38.82874000
89.39999486	0.00000000	-91.70767000	-35.80217000
89.59999485	0.00000000	-93.24557000	-31.57603000
89.79999484	0.00000000	-94.40206000	-27.34990000
89.99999483	0.00000000	-94.77731000	-24.28026000
90.19999482	0.00000000	-94.40206000	-23.12377000
90.39999480	0.00000000	-93.24557000	-24.28026000
90.59999479	0.00000000	-91.75073000	-27.30684000
90.79999478	0.00000000	-90.54502000	-31.15772000
90.99999477	0.00000000	-89.79453000	-34.64567000
91.19999476	0.00000000	-89.38238000	-37.34006000
91.39999474	0.00000000	-89.75147000	-38.41043000
91.59999473	0.00000000	-90.08366000	-36.87869000
91.79999472	0.00000000	-90.16978000	-33.11393000
91.99999471	0.00000000	-90.54502000	-28.88779000
92.19999470	0.00000000	-91.28937000	-25.39985000
92.39999468	0.00000000	-91.66460000	-23.07455000
92.59999467	0.00000000	-91.70767000	-22.74852000
92.79999466	0.00000000	-91.75073000	-24.65551000
92.99999465	0.00000000	-92.12598000	-28.51255000
93.19999464	0.00000000	-92.87032000	-33.06471000
93.39999463	0.00000000	-93.24557000	-36.92175000
93.59999461	0.00000000	-93.28863000	-38.82874000
93.79999460	0.00000000	-93.24557000	-38.45349000
93.99999459	0.00000000	-92.82111000	-35.75910000
94.19999458	0.00000000	-91.66460000	-31.57603000
94.39999457	0.00000000	-90.12672000	-27.34990000
94.59999455	0.00000000	-88.54576000	-24.28026000
94.79999454	0.00000000	-87.05708000	-23.12377000
94.99999453	0.00000000	-86.31274000	-24.23720000
95.19999452	0.00000000	-87.05708000	-26.93159000
95.39999451	0.00000000	-88.63803000	-30.41954000
95.59999449	0.00000000	-91.01255000	-34.27042000
95.79999448	0.00000000	-94.40206000	-37.29700000
95.99999447	0.00000000	-97.10260000	-38.45349000
96.19999446	0.00000000	-98.31447000	-37.29700000
96.39999445	0.00000000	-98.68356000	-34.27042000
96.59999444	0.00000000	-97.43479000	-30.41954000
96.79999442	0.00000000	-94.40206000	-26.97465000
96.99999441	0.00000000	-90.54502000	-24.65551000
97.19999440	0.00000000	-87.05708000	-24.28026000
97.39999439	0.00000000	-84.31348000	-25.77510000
97.59999438	0.00000000	-82.81864000	-28.46333000
97.79999436	0.00000000	-83.19389000	-31.53297000
97.99999435	0.00000000	-85.51919000	-34.18430000
98.19999434	0.00000000	-88.96407000	-35.38385000
98.39999433	0.00000000	-92.87032000	-35.06397000
98.59999432	0.00000000	-96.31520000	-34.31963000
98.79999430	0.00000000	-98.72662000	-33.11393000
98.99999429	0.00000000	-99.80930000	-31.57603000
99.19999428	0.00000000	-99.42789000	-30.08735000
99.39999427	0.00000000	-96.69044000	-29.30610000
99.59999426	0.00000000	-92.91338000	-29.62598000
99.79999425	0.00000000	-89.01328000	-29.95817000
99.99999423	0.00000000	-85.89443000	-30.00123000
100.19999422	0.00000000	-83.93823000	-29.95817000
100.39999421	0.00000000	-83.19389000	-29.58292000
100.59999420	0.00000000	-84.35654000	-28.83858000
100.79999419	0.00000000	-87.00787000	-28.46333000
100.99999417	0.00000000	-90.12672000	-28.46333000
101.19999416	0.00000000	-93.24557000	-28.88779000
101.39999415	0.00000000	-95.93995000	-30.04429000
101.59999414	0.00000000	-97.52091000	-31.57603000
101.79999413	0.00000000	-97.89616000	-33.11393000
101.99999411	0.00000000	-97.14566000	-34.27042000
102.19999410	0.00000000	-95.20176000	-34.60261000
102.39999409	0.00000000	-92.91338000	-33.80905000
102.59999408	0.00000000	-90.54502000	-31.48991000
102.79999407	0.00000000	-88.58882000	-28.46333000
102.99999406	0.00000000	-87.00787000	-25.77510000
103.19999404	0.00000000	-85.89443000	-24.23720000
103.39999403	0.00000000	-85.93749000	-24.23720000
103.59999402	0.00000000	-87.43233000	-25.77510000
103.79999401	0.00000000	-89.70841000	-28.46333000
103.99999400	0.00000000	-91.66460000	-31.53297000
104.19999398	0.00000000	-93.24557000	-34.22736000
104.39999397	0.00000000	-94.40206000	-35.75910000
104.59999396	0.00000000	-94.77731000	-35.80217000
104.79999395	0.00000000	-94.40206000	-34.64567000
104.99999394	0.00000000	-93.24557000	-32.69562000
105.19999392	0.00000000	-91.70767000	-30.00123000
105.39999391	0.00000000	-90.16978000	-27.34990000
105.59999390	0.00000000	-89.01328000	-25.77510000
105.79999389	0.00000000	-88.63803000	-25.39985000
105.99999388	0.00000000	-89.01328000	-26.14419000
106.19999387	0.00000000	-90.16978000	-28.09424000
106.39999385	0.00000000	-91.66460000	-30.32726000
106.59999384	0.00000000	-92.82111000	-32.32037000
106.79999383	0.00000000	-93.19635000	-33.43996000
106.99999382	0.00000000	-92.87032000	-33.85211000
107.19999381	0.00000000	-92.08292000	-33.06471000
107.39999379	0.00000000	-91.28937000	-31.57603000
107.59999378	0.00000000	-90.12672000	-30.00123000
107.79999377	0.00000000	-89.05634000	-28.51255000
107.99999376	0.00000000	-89.01328000	-27.72515000
108.19999375	0.00000000	-89.75147000	-28.13730000
108.39999374	0.00000000	-90.54502000	-29.25689000
108.59999372	0.00000000	-91.75073000	-31.15772000
108.79999371	0.00000000	-93.19635000	-32.64640000
108.99999370	0.00000000	-93.98376000	-33.11393000
109.19999369	0.00000000	-93.62081000	-33.11393000
109.39999368	0.00000000	-92.87032000	-32.64640000
109.59999366	0.00000000	-91.66460000	-31.11466000
109.79999365	0.00000000	-90.12672000	-28.88164000
109.99999364	0.00000000	-88.58882000	-27.34990000
110.19999363	0.00000000	-87.47539000	-26.93159000
110.39999362	0.00000000	-87.47539000	-27.30684000
110.59999360	0.00000000	-88.63803000	-28.46333000
110.79999359	0.00000000	-90.45890000	-30.00123000
110.99999358	0.00000000	-92.07677000	-31.57603000
111.19999357	0.00000000	-92.87647000	-33.06471000
111.39999356	0.00000000	-94.03297000	-33.85211000
111.59999355	0.00000000	-94.31594000	-33.48917000
111.79999353	0.00000000	-93.24557000	-32.78174000
111.99999352	0.00000000	-91.75073000	-31.95128000
112.19999351	0.00000000	-90.54502000	-31.15772000
112.39999350	0.00000000	-89.75147000	-30.00123000
112.59999349	0.00000000	-88.96407000	-28.88779000
112.79999347	0.00000000	-88.63803000	-28.51255000
112.99999346	0.00000000	-88.96407000	-28.83858000
113.19999345	0.00000000	-89.75147000	-29.58292000
113.39999344	0.00000000	-90.50197000	-30.00123000
113.59999343	0.00000000	-91.28937000	-30.41954000
113.79999341	0.00000000	-91.70767000	-31.15772000
113.99999340	0.00000000	-92.08292000	-31.48376000
114.19999339	0.00000000	-92.45201000	-31.20078000
114.39999338	0.00000000	-92.08292000	-30.83784000
114.59999337	0.00000000	-91.70767000	-31.20078000
114.79999336	0.00000000	-91.28937000	-31.53297000
114.99999334	0.00000000	-90.54502000	-31.57603000
115.19999333	0.00000000	-90.16978000	-31.57603000
115.39999332	0.00000000	-90.12672000	-31.57603000
115.59999331	0.00000000	-90.12672000	-31.57603000
115.79999330	0.00000000	-90.16978000	-31.53297000
115.99999328	0.00000000	-90.54502000	-31.15772000
116.19999327	0.00000000	-91.28937000	-30.37647000
116.39999326	0.00000000	-91.66460000	-29.62598000
116.59999325	0.00000000	-91.75073000	-28.83858000
116.79999324	0.00000000	-92.08292000	-28.46333000
116.99999322	0.00000000	-92.45201000	-28.46333000
117.19999321	0.00000000	-92.03986000	-28.83858000
117.39999320	0.00000000	-91.28937000	-29.62598000
117.59999319	0.00000000	-90.12672000	-30.37647000
117.79999318	0.00000000	-89.01328000	-31.15772000
117.99999317	0.00000000	-88.58882000	-31.53297000
118.19999315	0.00000000	-88.58882000	-31.57603000
118.39999314	0.00000000	-88.96407000	-31.53297000
118.59999313	0.00000000	-89.75147000	-31.15772000
118.79999312	0.00000000	-90.54502000	-30.41954000
118.99999311	0.00000000	-91.75073000	-30.00123000
119.19999309	0.00000000	-93.19635000	-29.58292000
119.39999308	0.00000000	-93.98376000	-28.83858000
119.59999307	0.00000000	-93.62081000	-28.46333000
119.79999306	0.00000000	-92.87032000	-28.42027000
119.99999305	0.00000000	-91.66460000	-28.42027000
120.19999303	0.00000000	-90.16978000	-28.46333000
120.39999302	0.00000000	-88.96407000	-28.83858000
120.59999301	0.00000000	-88.17052000	-29.58292000
120.79999300	0.00000000	-87.43233000	-29.95817000
120.99999299	0.00000000	-87.43233000	-30.04429000
121.19999298	0.00000000	-88.17052000	-30.41954000
121.39999296	0.00000000	-88.96407000	-31.15772000
121.59999295	0.00000000	-90.16978000	-31.53297000
121.79999294	0.00000000	-91.66460000	-31.57603000
121.99999293	0.00000000	-92.82111000	-31.53297000
122.19999292	0.00000000	-93.24557000	-31.11466000
122.39999290	0.00000000	-93.24557000	-30.00123000
122.59999289	0.00000000	-92.82111000	-28.88779000
122.79999288	0.00000000	-91.70767000	-28.46333000
122.99999287	0.00000000	-90.54502000	-28.42027000
123.19999286	0.00000000	-89.75147000	-28.42027000
123.39999284	0.00000000	-88.96407000	-28.46333000
123.59999283	0.00000000	-88.58882000	-28.83858000
123.79999282	0.00000000	-88.54576000	-29.62598000
123.99999281	0.00000000	-88.58882000	-30.37647000
124.19999280	0.00000000	-88.96407000	-31.15772000
124.39999279	0.00000000	-89.75147000	-31.53297000
124.59999277	0.00000000	-90.50197000	-31.57603000
124.79999276	0.00000000	-91.28937000	-31.53297000
124.99999275	0.00000000	-91.70767000	-31.15772000
125.19999274	0.00000000	-92.08292000	-30.41954000
125.39999273	0.00000000	-92.45201000	-30.00123000
125.59999271	0.00000000	-92.08292000	-29.58292000
125.79999270	0.00000000	-91.70767000	-28.83858000
125.99999269	0.00000000	-91.24016000	-28.46333000
126.19999268	0.00000000	-90.12672000	-28.46333000
126.39999267	0.00000000	-89.01328000	-28.83858000
126.59999265	0.00000000	-88.58882000	-29.58292000
126.79999264	0.00000000	-88.58882000	-29.95817000
126.99999263	0.00000000	-88.96407000	-30.04429000
127.19999262	0.00000000	-89.75147000	-30.41954000
127.39999261	0.00000000	-90.50197000	-31.11466000
127.59999260	0.00000000	-91.33242000	-31.11466000
127.79999258	0.00000000	-92.08292000	-30.41954000
127.99999257	0.00000000	-92.82111000	-30.04429000
128.19999256	0.00000000	-92.82111000	-30.00123000
128.39999255	0.00000000	-92.08292000	-30.00123000
128.59999254	0.00000000	-91.28937000	-30.00123000
128.79999252	0.00000000	-90.12672000	-30.00123000
128.99999251	0.00000000	-89.01328000	-30.00123000
129.19999250	0.00000000	-88.58882000	-30.00123000
129.39999249	0.00000000	-88.58882000	-30.00123000
129.59999248	0.00000000	-89.01328000	-30.04429000
129.79999246	0.00000000	-90.12672000	-30.41954000
129.99999245	0.00000000	-91.28937000	-31.11466000
130.19999244	0.00000000	-92.08292000	-31.11466000
130.39999243	0.00000000	-92.82111000	-30.41954000
130.59999242	0.00000000	-92.82111000	-30.04429000
130.79999241	0.00000000	-92.08292000	-30.00123000
130.99999239	0.00000000	-91.33242000	-30.00123000
131.19999238	0.00000000	-90.50197000	-30.00123000
131.39999237	0.00000000	-89.75147000	-30.00123000
131.59999236	0.00000000	-88.96407000	-30.04429000
131.79999235	0.00000000	-88.63803000	-30.41954000
131.99999233	0.00000000	-88.96407000	-31.15772000
132.19999232	0.00000000	-89.75147000	-31.57603000
132.39999231	0.00000000	-90.50197000	-31.95128000
132.59999230	0.00000000	-91.28937000	-32.32037000
132.79999229	0.00000000	-91.66460000	-31.90822000
132.99999227	0.00000000	-91.70767000	-31.15772000
133.19999226	0.00000000	-91.66460000	-30.00123000
133.39999225	0.00000000	-91.28937000	-28.88779000
133.59999224	0.00000000	-90.54502000	-28.46333000
133.79999223	0.00000000	-90.12672000	-28.42027000
133.99999222	0.00000000	-89.75147000	-28.46333000
134.19999220	0.00000000	-89.38238000	-28.83858000
134.39999219	0.00000000	-89.75147000	-29.62598000
134.59999218	0.00000000	-90.08366000	-30.37647000
134.79999217	0.00000000	-90.12672000	-31.15772000
134.99999216	0.00000000	-90.12672000	-31.53297000
135.19999214	0.00000000	-90.12672000	-31.57603000
135.39999213	0.00000000	-90.12672000	-31.53297000
135.59999212	0.00000000	-90.12672000	-31.15772000
135.79999211	0.00000000	-90.12672000	-30.37647000
135.99999210	0.00000000	-90.12672000	-29.62598000
136.19999208	0.00000000	-90.16978000	-28.83858000
136.39999207	0.00000000	-90.54502000	-28.46333000
136.59999206	0.00000000	-91.28937000	-28.42027000
136.79999205	0.00000000	-91.66460000	-28.42027000
136.99999204	0.00000000	-91.70767000	-28.46333000
137.19999203	0.00000000	-91.66460000	-28.83858000
137.39999201	0.00000000	-91.28937000	-29.62598000
137.59999200	0.00000000	-90.50197000	-30.32726000
137.79999199	0.00000000	-89.75147000	-30.78248000
137.99999198	0.00000000	-88.96407000	-30.79478000
138.19999197	0.00000000	-88.58882000	-31.20078000
138.39999195	0.00000000	-88.58882000	-31.48376000
138.59999194	0.00000000	-88.96407000	-31.15772000
138.79999193	0.00000000	-89.75147000	-30.41954000
138.99999192	0.00000000	-90.50197000	-30.04429000
139.19999191	0.00000000	-91.28937000	-29.95817000
139.39999189	0.00000000	-91.66460000	-29.58292000
139.59999188	0.00000000	-91.66460000	-28.83858000
139.79999187	0.00000000	-91.28937000	-28.46333000
139.99999186	0.00000000	-90.50197000	-28.42027000
140.19999185	0.00000000	-89.79453000	-28.46333000
140.39999184	0.00000000	-89.33932000	-28.83858000
140.59999182	0.00000000	-89.37623000	-29.62598000
140.79999181	0.00000000	-89.33932000	-30.37647000
140.99999180	0.00000000	-89.75147000	-31.20078000
141.19999179	0.00000000	-90.08366000	-31.90822000
141.39999178	0.00000000	-90.16978000	-32.32037000
141.59999176	0.00000000	-90.54502000	-31.90822000
141.79999175	0.00000000	-91.24016000	-31.15772000
141.99999174	0.00000000	-91.24016000	-30.00123000
142.19999173	0.00000000	-90.54502000	-28.88779000
142.39999172	0.00000000	-90.16978000	-28.46333000
142.59999170	0.00000000	-90.12672000	-28.42027000
142.79999169	0.00000000	-90.12672000	-28.46333000
142.99999168	0.00000000	-90.08366000	-28.83858000
143.19999167	0.00000000	-89.75147000	-29.62598000
143.39999166	0.00000000	-89.38238000	-30.37647000
143.59999165	0.00000000	-89.75147000	-31.20078000
143.79999163	0.00000000	-90.12672000	-31.90822000
143.99999162	0.00000000	-90.50197000	-32.32037000
144.19999161	0.00000000	-90.87106000	-31.90822000
144.39999160	0.00000000	-90.50197000	-31.15772000
144.59999159	0.00000000	-90.12672000	-30.00123000
144.79999157	0.00000000	-89.70841000	-28.88779000
144.99999156	0.00000000	-89.01328000	-28.46333000
145.19999155	0.00000000	-89.01328000	-28.42027000
145.39999154	0.00000000	-89.70841000	-28.46333000
145.59999153	0.00000000	-90.08366000	-28.83858000
145.79999151	0.00000000	-90.12672000	-29.58292000
145.99999150	0.00000000	-90.12672000	-30.00123000
146.19999149	0.00000000	-90.12672000	-30.41954000
146.39999148	0.00000000	-90.12672000	-31.11466000
146.59999147	0.00000000	-90.12672000	-31.11466000
146.79999146	0.00000000	-90.08366000	-30.41954000
146.99999144	0.00000000	-89.70841000	-30.04429000
147.19999143	0.00000000	-88.96407000	-30.00123000
147.39999142	0.00000000	-88.58882000	-29.95817000
147.59999141	0.00000000	-88.58882000	-29.58292000
147.79999140	0.00000000	-88.96407000	-28.83858000
147.99999138	0.00000000	-89.70841000	-28.46333000
148.19999137	0.00000000	-90.08366000	-28.46333000
148.39999136	0.00000000	-90.12672000	-28.79552000
148.59999135	0.00000000	-90.12672000	-29.20767000
148.79999134	0.00000000	-90.12672000	-29.21383000
148.99999132	0.00000000	-90.12672000	-29.62598000
149.19999131	0.00000000	-90.08366000	-29.95817000
149.39999130	0.00000000	-89.70841000	-30.00123000
149.59999129	0.00000000	-88.96407000	-30.00123000
149.79999128	0.00000000	-88.58882000	-30.00123000
149.99999127	0.00000000	-88.54576000	-30.00123000
150.19999125	0.00000000	-88.58882000	-30.00123000
150.39999124	0.00000000	-88.96407000	-29.95817000
150.59999123	0.00000000	-89.70841000	-29.62598000
150.79999122	0.00000000	-90.08366000	-29.25689000
150.99999121	0.00000000	-90.12672000	-29.58292000
151.19999119	0.00000000	-90.12672000	-29.53371000
151.39999118	0.00000000	-90.12672000	-28.83858000
151.59999117	0.00000000	-90.12672000	-28.51255000
151.79999116	0.00000000	-90.12672000	-28.83858000
151.99999115	0.00000000	-90.08366000	-29.58292000
152.19999113	0.00000000	-89.70841000	-29.95817000
152.39999112	0.00000000	-88.96407000	-30.00123000
152.59999111	0.00000000	-88.58882000	-30.00123000
152.79999110	0.00000000	-88.54576000	-30.00123000
152.99999109	0.00000000	-88.54576000	-30.00123000
153.19999108	0.00000000	-88.58882000	-29.95817000
153.39999106	0.00000000	-88.96407000	-29.62598000
153.59999105	0.00000000	-89.70841000	-29.21383000
153.79999104	0.00000000	-90.08366000	-29.20767000
153.99999103	0.00000000	-90.12672000	-28.83858000
154.19999102	0.00000000	-90.12672000	-28.83858000
154.39999100	0.00000000	-90.12672000	-29.20767000
154.59999099	0.00000000	-90.12672000	-29.17077000
154.79999098	0.00000000	-90.12672000	-29.20767000
154.99999097	0.00000000	-90.12672000	-28.83858000
155.19999096	0.00000000	-90.08366000	-28.88779000
155.39999094	0.00000000	-89.70841000	-29.58292000
155.59999093	0.00000000	-88.96407000	-29.95817000
155.79999092	0.00000000	-88.58882000	-30.00123000
155.99999091	0.00000000	-88.54576000	-30.00123000
156.19999090	0.00000000	-88.58882000	-30.00123000
156.39999089	0.00000000	-88.96407000	-30.00123000
156.59999087	0.00000000	-89.70841000	-29.95817000
156.79999086	0.00000000	-90.08366000	-29.58292000
156.99999085	0.00000000	-90.12672000	-28.83858000
157.19999084	0.00000000	-90.12672000	-28.46333000
157.39999083	0.00000000	-90.12672000	-28.42027000
157.59999081	0.00000000	-90.12672000	-28.46333000
157.79999080	0.00000000	-90.12672000	-28.83858000
157.99999079	0.00000000	-90.12672000	-29.58292000
158.19999078	0.00000000	-90.08366000	-29.95817000
158.39999077	0.00000000	-89.70841000	-30.00123000
158.59999075	0.00000000	-88.96407000	-30.04429000
158.79999074	0.00000000	-88.58882000	-30.41954000
158.99999073	0.00000000	-88.54576000	-31.11466000
159.19999072	0.00000000	-88.54576000	-31.11466000
159.39999071	0.00000000	-88.58882000	-30.41954000
159.59999070	0.00000000	-88.96407000	-30.00123000
159.79999068	0.00000000	-89.70841000	-29.58292000
159.99999067	0.00000000	-90.08366000	-28.83858000
160.19999066	0.00000000	-90.12672000	-28.46333000
160.39999065	0.00000000	-90.12672000	-28.42027000
160.59999064	0.00000000	-90.12672000	-28.46333000
160.79999062	0.00000000	-90.12672000	-28.83858000
160.99999061	0.00000000	-90.12672000	-29.58292000
161.19999060	0.00000000	-90.12672000	-29.95817000
161.39999059	0.00000000	-90.08366000	-30.00123000
161.59999058	0.00000000	-89.70841000	-30.00123000
161.79999056	0.00000000	-89.01328000	-30.00123000
161.99999055	0.00000000	-88.96407000	-30.00123000
162.19999054	0.00000000	-89.33316000	-30.00123000
162.39999053	0.00000000	-89.29626000	-29.95817000
162.59999052	0.00000000	-89.33316000	-29.58292000
162.79999051	0.00000000	-88.96407000	-28.83858000
162.99999049	0.00000000	-89.01328000	-28.46333000
163.19999048	0.00000000	-89.70841000	-28.42027000
163.39999047	0.00000000	-90.08366000	-28.46333000
163.59999046	0.00000000	-90.12672000	-28.83858000
163.79999045	0.00000000	-90.12672000	-29.58292000
163.99999043	0.00000000	-90.12672000	-29.95817000
164.19999042	0.00000000	-90.12672000	-30.00123000
164.39999041	0.00000000	-90.08366000	-30.00123000
164.59999040	0.00000000	-89.70841000	-30.00123000
164.79999039	0.00000000	-88.96407000	-30.00123000
164.99999037	0.00000000	-88.58882000	-30.00123000
165.19999036	0.00000000	-88.54576000	-30.00123000
165.39999035	0.00000000	-88.54576000	-30.00123000
165.59999034	0.00000000	-88.54576000	-30.00123000
165.79999033	0.00000000	-88.54576000	-29.95817000
165.99999032	0.00000000	-88.54576000	-29.58292000
166.19999030	0.00000000	-88.58882000	-28.88779000
166.39999029	0.00000000	-88.96407000	-28.83858000
166.59999028	0.00000000	-89.70841000	-29.16461000
166.79999027	0.00000000	-90.08366000	-28.79552000
166.99999026	0.00000000	-90.12672000	-28.51255000
167.19999024	0.00000000	-90.12672000	-28.83858000
167.39999023	0.00000000	-90.08366000	-29.58292000
167.59999022	0.00000000	-89.70841000	-29.95817000
167.79999021	0.00000000	-88.96407000	-30.00123000
167.99999020	0.00000000	-88.58882000	-30.00123000
168.19999018	0.00000000	-88.58882000	-30.00123000
168.39999017	0.00000000	-88.92101000	-29.95817000
168.59999016	0.00000000	-89.29010000	-29.58292000
168.79999015	0.00000000	-88.92101000	-28.88779000
168.99999014	0.00000000	-88.58882000	-28.83858000
169.19999013	0.00000000	-88.54576000	-29.20767000
169.39999011	0.00000000	-88.58882000	-29.21383000
169.59999010	0.00000000	-88.96407000	-29.58292000
169.79999009	0.00000000	-89.70841000	-29.53371000
169.99999008	0.00000000	-90.08366000	-28.83858000
170.19999007	0.00000000	-90.12672000	-28.51255000
170.39999005	0.00000000	-90.08366000	-28.79552000
170.59999004	0.00000000	-89.70841000	-29.20767000
170.79999003	0.00000000	-88.96407000	-29.21383000
170.99999002	0.00000000	-88.58882000	-29.62598000
171.19999001	0.00000000	-88.54576000	-29.95817000
171.39998999	0.00000000	-88.54576000	-30.00123000
171.59998998	0.00000000	-88.54576000	-30.00123000
171.79998997	0.00000000	-88.54576000	-30.00123000
171.99998996	0.00000000	-88.54576000	-30.00123000
172.19998995	0.00000000	-88.58882000	-30.00123000
172.39998994	0.00000000	-88.96407000	-30.00123000
172.59998992	0.00000000	-89.70841000	-30.00123000
172.79998991	0.00000000	-90.03444000	-30.00123000
172.99998990	0.00000000	-89.75147000	-29.95817000
173.19998989	0.00000000	-89.38238000	-29.62598000
173.39998988	0.00000000	-89.70841000	-29.25689000
173.59998986	0.00000000	-89.65919000	-29.62598000
173.79998985	0.00000000	-88.96407000	-29.95817000
173.99998984	0.00000000	-88.63803000	-30.00123000
174.19998983	0.00000000	-88.92101000	-30.00123000
174.39998982	0.00000000	-89.29010000	-30.00123000
174.59998980	0.00000000	-88.92101000	-30.00123000
174.79998979	0.00000000	-88.63803000	-30.00123000
174.99998978	0.00000000	-88.92101000	-30.00123000
175.19998977	0.00000000	-89.33316000	-30.00123000
175.39998976	0.00000000	-89.33932000	-30.00123000
175.59998975	0.00000000	-89.70841000	-30.00123000
175.79998973	0.00000000	-89.70841000	-30.00123000
175.99998972	0.00000000	-89.33932000	-30.00123000
176.19998971	0.00000000	-89.33316000	-29.95817000
176.39998970	0.00000000	-88.92101000	-29.62598000
176.59998969	0.00000000	-88.58882000	-29.25689000
176.79998967	0.00000000	-88.54576000	-29.62598000
176.99998966	0.00000000	-88.54576000	-29.95817000
177.19998965	0.00000000	-88.54576000	-30.00123000
177.39998964	0.00000000	-88.58882000	-30.00123000
177.59998963	0.00000000	-88.96407000	-30.00123000
177.79998961	0.00000000	-89.65919000	-30.00123000
177.99998960	0.00000000	-89.70841000	-30.00123000
178.19998959	0.00000000	-89.38238000	-30.00123000
178.39998958	0.00000000	-89.70841000	-30.00123000
178.59998957	0.00000000	-89.65919000	-30.00123000
178.79998956	0.00000000	-88.96407000	-29.95817000
178.99998954	0.00000000	-88.58882000	-29.58292000
179.19998953	0.00000000	-88.54576000	-28.83858000
179.39998952	0.00000000	-88.54576000	-28.46333000
179.59998951	0.00000000	-88.54576000	-28.46333000
179.79998950	0.00000000	-88.54576000	-28.83858000
179.99998948	0.00000000	-88.54576000	-29.58292000
180.19998947	0.00000000	-88.54576000	-29.95817000
180.39998946	0.00000000	-88.54576000	-30.00123000
180.59998945	0.00000000	-88.54576000	-30.00123000
180.79998944	0.00000000	-88.58882000	-30.00123000
180.99998942	0.00000000	-88.92101000	-29.95817000
181.19998941	0.00000000	-89.29010000	-29.58292000
181.39998940	0.00000000	-88.92101000	-28.83858000
181.59998939	0.00000000	-88.58882000	-28.46333000
181.79998938	0.00000000	-88.54576000	-28.42027000
181.99998937	0.00000000	-88.54576000	-28.42027000
182.19998935	0.00000000	-88.54576000	-28.42027000
182.39998934	0.00000000	-88.54576000	-28.42027000
182.59998933	0.00000000	-88.54576000	-28.42027000
182.79998932	0.00000000	-88.54576000	-28.46333000
182.99998931	0.00000000	-88.54576000	-28.83858000
183.19998929	0.00000000	-88.54576000	-29.58292000
183.39998928	0.00000000	-88.54576000	-29.95817000
183.59998927	0.00000000	-88.54576000	-30.00123000
183.79998926	0.00000000	-88.54576000	-30.00123000
183.99998925	0.00000000	-88.54576000	-29.95817000
184.19998923	0.00000000	-88.54576000	-29.58292000
184.39998922	0.00000000	-88.54576000	-28.83858000
184.59998921	0.00000000	-88.54576000	-28.46333000
184.79998920	0.00000000	-88.54576000	-28.42027000
184.99998919	0.00000000	-88.54576000	-28.42027000
185.19998918	0.00000000	-88.54576000	-28.42027000
185.39998916	0.00000000	-88.54576000	-28.42027000
185.59998915	0.00000000	-88.54576000	-28.46333000
185.79998914	0.00000000	-88.54576000	-28.79552000
185.99998913	0.00000000	-88.54576000	-29.20767000
186.19998912	0.00000000	-88.54576000	-29.21383000
186.39998910	0.00000000	-88.54576000	-29.62598000
186.59998909	0.00000000	-88.54576000	-29.95817000
186.79998908	0.00000000	-88.54576000	-30.00123000
186.99998907	0.00000000	-88.54576000	-29.95817000
187.19998906	0.00000000	-88.54576000	-29.58292000
187.39998904	0.00000000	-88.54576000	-28.83858000
187.59998903	0.00000000	-88.54576000	-28.46333000
187.79998902	0.00000000	-88.54576000	-28.42027000
187.99998901	0.00000000	-88.54576000	-28.42027000
188.19998900	0.00000000	-88.54576000	-28.42027000
188.39998899	0.00000000	-88.54576000	-28.46333000
188.59998897	0.00000000	-88.54576000	-28.83858000
188.79998896	0.00000000	-88.54576000	-29.58292000
188.99998895	0.00000000	-88.54576000	-29.95817000
189.19998894	0.00000000	-88.54576000	-30.00123000
189.39998893	0.00000000	-88.54576000	-30.00123000
189.59998891	0.00000000	-88.54576000	-30.00123000
189.79998890	0.00000000	-88.54576000	-30.00123000
189.99998889	0.00000000	-88.54576000	-30.00123000
190.19998888	0.00000000	-88.54576000	-29.95817000
190.39998887	0.00000000	-88.54576000	-29.58292000
190.59998885	0.00000000	-88.58882000	-28.88779000
190.79998884	0.00000000	-88.92101000	-28.83858000
190.99998883	0.00000000	-89.29010000	-29.16461000
191.19998882	0.00000000	-88.92101000	-28.79552000
191.39998881	0.00000000	-88.58882000	-28.51255000
191.59998880	0.00000000	-88.54576000	-28.83858000
191.79998878	0.00000000	-88.54576000	-29.58292000
191.99998877	0.00000000	-88.54576000	-29.95817000
192.19998876	0.00000000	-88.54576000	-30.00123000
192.39998875	0.00000000	-88.54576000	-30.00123000
192.59998874	0.00000000	-88.54576000	-30.00123000
192.79998872	0.00000000	-88.54576000	-30.00123000
192.99998871	0.00000000	-88.54576000	-30.00123000
193.19998870	0.00000000	-88.54576000	-29.95817000
193.39998869	0.00000000	-88.54576000	-29.58292000
193.59998868	0.00000000	-88.54576000	-28.83858000
193.79998866	0.00000000	-88.54576000	-28.46333000
193.99998865	0.00000000	-88.54576000	-28.46333000
194.19998864	0.00000000	-88.54576000	-28.79552000
194.39998863	0.00000000	-88.54576000	-29.16461000
194.59998862	0.00000000	-88.50270000	-28.79552000
194.79998861	0.00000000	-88.17052000	-28.46333000
194.99998859	0.00000000	-87.80142000	-28.42027000
195.19998858	0.00000000	-88.17052000	-28.42027000
195.39998857	0.00000000	-88.50270000	-28.42027000
195.59998856	0.00000000	-88.54576000	-28.46333000
195.79998855	0.00000000	-88.54576000	-28.79552000
195.99998853	0.00000000	-88.54576000	-29.20767000
