Time	Channel A	Channel B
(us)	(V)	(mV)

-4.59999956	0.00000000	-3.46333600
-4.39999957	0.00000000	-3.46333600
-4.19999958	0.00000000	-3.41412400
-3.99999959	0.00000000	-3.05118100
-3.79999960	0.00000000	-2.65132900
-3.59999962	0.00000000	-3.00196800
-3.39999963	0.00000000	-3.00196800
-3.19999964	0.00000000	-2.65132900
-2.99999965	0.00000000	-3.05118100
-2.79999966	0.00000000	-3.41412400
-2.59999968	0.00000000	-3.41412400
-2.39999969	0.00000000	-3.05118100
-2.19999970	0.00000000	-2.60211600
-1.99999971	0.00000000	-2.68823800
-1.79999972	0.00000000	-3.00812000
-1.59999973	0.00000000	-3.86318900
-1.39999975	0.00000000	-3.82627900
-1.19999976	0.00000000	-3.51254900
-0.99999977	0.00000000	-3.41412400
-0.79999978	0.00000000	-3.05118100
-0.59999979	0.00000000	-2.60211600
-0.39999981	0.17531990	-2.63902500
-0.19999982	0.70250980	-2.60211600
0.00000017	0.87844490	-3.05118100
0.20000016	1.05376500	-3.41412400
0.40000015	0.87844490	-3.46333600
0.60000013	0.35125490	-3.46333600
0.80000012	-0.52657480	-3.46333600
1.00000011	-1.58095500	-3.46333600
1.20000010	-2.45940000	-3.41412400
1.40000009	-2.81127000	-3.00196800
1.60000008	-2.45940000	-2.18996000
1.80000006	-1.40563500	-1.77780500
2.00000005	0.52657480	-1.72859200
2.20000004	2.63533500	-1.72859200
2.40000003	4.39283900	-1.77780500
2.60000002	5.27128500	-2.23917300
2.80000000	4.74409400	-3.46333600
2.99999999	2.98659000	-4.73056000
3.19999998	0.00000000	-5.50565900
3.39999997	-3.51377900	-5.54872000
3.59999996	-6.50098400	-4.28149600
3.79999994	-7.90661900	-3.05118100
3.99999993	-7.55536400	-1.77780500
4.19999992	-5.09534900	-0.91658460
4.39999991	-1.05376500	-0.91043300
4.59999990	3.33846000	-0.86737200
4.79999989	7.20410900	-1.36565000
4.99999987	9.31225400	-2.18996000
5.19999986	8.96099900	-3.46333600
5.39999985	6.50098400	-4.68134800
5.59999984	2.28408000	-5.14271600
5.79999983	-2.45940000	-5.14271600
5.99999981	-6.67691900	-4.68134800
6.19999980	-9.13693400	-3.46333600
6.39999979	-9.31225400	-2.23917300
6.59999978	-7.02817400	-1.77780500
6.79999977	-3.33846000	-1.72859200
6.99999975	1.05376500	-1.72859200
7.19999974	4.91941500	-1.77780500
7.39999973	7.20410900	-2.18996000
7.59999972	7.55536400	-3.05118100
7.79999971	6.14972900	-3.82627900
7.99999970	3.33846000	-4.27534400
8.19999968	0.00000000	-3.87549200
8.39999967	-2.98659000	-3.51254900
8.59999966	-4.74409400	-3.41412400
8.79999965	-5.09534900	-3.00196800
8.99999964	-4.21690500	-2.18996000
9.19999962	-2.45940000	-1.77780500
9.39999961	-0.52657480	-1.72859200
9.59999960	1.22970000	-1.77780500
9.79999959	2.28408000	-2.18996000
9.99999958	2.45940000	-3.00196800
10.19999956	2.10814500	-3.41412400
10.39999955	1.22970000	-3.46333600
10.59999954	0.35125490	-3.46333600
10.79999953	-0.35125490	-3.46333600
10.99999952	-0.87844490	-3.41412400
11.19999951	-1.05376500	-3.05118100
11.39999949	-0.87844490	-2.60211600
11.59999948	-0.52657480	-2.63902500
11.79999947	-0.17531990	-2.55290300
11.99999946	0.00000000	-2.63902500
12.19999945	0.00000000	-2.60211600
12.39999943	-0.17531990	-3.05118100
12.59999942	-0.17531990	-3.41412400
12.79999941	-0.17531990	-3.46333600
12.99999940	-0.17531990	-3.46333600
13.19999939	-0.17531990	-3.46333600
13.39999937	-0.17531990	-3.46333600
13.59999936	0.00000000	-3.46333600
13.79999935	0.00000000	-3.41412400
13.99999934	0.00000000	-3.05118100
14.19999933	0.00000000	-2.65132900
14.39999932	0.00000000	-3.05118100
14.59999930	0.00000000	-3.41412400
14.79999929	0.00000000	-3.46333600
14.99999928	0.00000000	-3.46333600
15.19999927	0.00000000	-3.46333600
15.39999926	0.00000000	-3.46333600
15.59999924	0.00000000	-3.46333600
15.79999923	0.00000000	-3.46333600
15.99999922	0.00000000	-3.46333600
16.19999921	0.00000000	-3.41412400
16.39999920	0.00000000	-3.05118100
16.59999919	0.00000000	-2.60211600
16.79999917	0.00000000	-2.63902500
16.99999916	0.00000000	-2.60211600
17.19999915	0.00000000	-3.05118100
17.39999914	0.00000000	-3.41412400
17.59999913	0.00000000	-3.41412400
17.79999911	0.00000000	-3.00196800
17.99999910	0.00000000	-2.23917300
18.19999909	0.00000000	-2.23917300
18.39999908	0.00000000	-3.00196800
18.59999907	0.00000000	-3.41412400
18.79999905	0.00000000	-3.46333600
18.99999904	0.00000000	-3.41412400
19.19999903	0.00000000	-3.05118100
19.39999902	0.00000000	-2.65132900
19.59999901	0.00000000	-3.00196800
19.79999900	0.00000000	-2.95275600
19.99999898	0.00000000	-2.18996000
20.19999897	0.00000000	-1.82701800
20.39999896	0.00000000	-2.18996000
20.59999895	0.00000000	-3.00196800
20.79999894	0.00000000	-3.41412400
20.99999892	0.00000000	-3.41412400
21.19999891	0.00000000	-3.05118100
21.39999890	0.00000000	-2.60211600
21.59999889	0.00000000	-2.58981300
21.79999888	0.00000000	-2.14074800
21.99999886	0.00000000	-1.82701800
22.19999885	0.00000000	-2.18996000
22.39999884	0.00000000	-2.95275600
22.59999883	0.00000000	-3.00196800
22.79999882	0.00000000	-2.65132900
22.99999881	0.00000000	-3.05118100
23.19999879	0.00000000	-3.41412400
23.39999878	0.00000000	-3.46333600
23.59999877	0.00000000	-3.46333600
23.79999876	0.00000000	-3.46333600
23.99999875	0.00000000	-3.46333600
24.19999873	0.00000000	-3.41412400
24.39999872	0.00000000	-2.95275600
24.59999871	0.00000000	-1.72859200
24.79999870	0.00000000	-0.46136810
24.99999869	0.00000000	0.41215550
25.19999867	0.00000000	1.16879900
25.39999866	0.00000000	0.71358260
25.59999865	0.00000000	-1.37180100
25.79999864	0.00000000	-3.92470400
25.99999863	0.00000000	-6.92667200
26.19999862	0.00000000	-9.87942800
26.39999860	0.00000000	-11.87254000
26.59999859	0.00000000	-11.86639000
26.79999858	0.00000000	-8.87057000
26.99999857	0.00000000	-4.22613100
27.19999856	0.00000000	1.77780500
27.39999854	0.00000000	8.04626000
27.59999853	0.00000000	12.63533000
27.79999852	0.00000000	13.90871000
27.99999851	0.00000000	11.31275000
28.19999850	0.00000000	5.35187000
28.39999848	0.00000000	-3.56176100
28.59999847	0.00000000	-13.34276000
28.79999846	0.00000000	-22.21334000
28.99999845	0.00000000	-28.37721000
29.19999844	0.00000000	-28.27879000
29.39999843	0.00000000	-21.14911000
29.59999841	0.00000000	-9.27657400
29.79999840	0.00000000	5.19192900
29.99999839	0.00000000	19.51279000
30.19999838	0.00000000	30.00738000
30.39999837	0.00000000	33.32308000
30.59999835	0.00000000	28.22958000
30.79999834	0.00000000	15.44660000
30.99999833	0.00000000	-2.74975400
31.19999832	0.00000000	-22.61934000
31.39999831	0.00000000	-39.03174000
31.59999829	0.00000000	-47.89616000
31.79999828	0.00000000	-46.57357000
31.99999827	0.00000000	-35.15625000
32.19999826	0.00000000	-16.00640000
32.39999825	0.00000000	7.28961600
32.59999824	0.00000000	30.01353000
32.79999822	0.00000000	45.60777000
32.99999821	0.00000000	49.84006000
33.19999820	0.00000000	42.29208000
33.39999819	0.00000000	24.51402000
33.59999818	0.00000000	1.16879900
33.79999816	0.00000000	-23.38828000
33.99999815	0.00000000	-44.06988000
34.19999814	0.00000000	-55.03814000
34.39999813	0.00000000	-54.21383000
34.59999812	0.00000000	-41.48006000
34.79999810	0.00000000	-19.56816000
34.99999809	0.00000000	5.71481200
35.19999808	0.00000000	27.77436000
35.39999807	0.00000000	41.88607000
35.59999806	0.00000000	46.47514000
35.79999805	0.00000000	40.05290000
35.99999803	0.00000000	22.78543000
36.19999802	0.00000000	0.00000000
36.39999801	0.00000000	-22.83464000
36.59999800	0.00000000	-40.55733000
36.79999799	0.00000000	-48.20989000
36.99999797	0.00000000	-44.94341000
37.19999796	0.00000000	-32.25270000
37.39999795	0.00000000	-13.24434000
37.59999794	0.00000000	7.39419200
37.79999793	0.00000000	24.30487000
37.99999791	0.00000000	33.22466000
38.19999790	0.00000000	32.91707000
38.39999789	0.00000000	24.05266000
38.59999788	0.00000000	9.27657400
38.79999787	0.00000000	-7.94783400
38.99999786	0.00000000	-22.67470000
39.19999784	0.00000000	-30.37032000
39.39999783	0.00000000	-30.46875000
39.59999782	0.00000000	-23.78814000
39.79999781	0.00000000	-12.38312000
39.99999780	0.00000000	0.21530510
40.19999778	0.00000000	11.20817000
40.39999777	0.00000000	17.12598000
40.59999776	0.00000000	17.22441000
40.79999775	0.00000000	12.18012000
40.99999774	0.00000000	3.36491100
41.19999772	0.00000000	-6.26845500
41.39999771	0.00000000	-13.85950000
41.59999770	0.00000000	-17.32283000
41.79999769	0.00000000	-16.51083000
41.99999768	0.00000000	-12.32775000
42.19999767	0.00000000	-5.65329700
42.39999765	0.00000000	0.66437010
42.59999764	0.00000000	4.94586600
42.79999763	0.00000000	7.08046200
42.99999762	0.00000000	6.21924200
43.19999761	0.00000000	2.95275600
43.39999759	0.00000000	-1.21801200
43.59999758	0.00000000	-4.58292300
43.79999757	0.00000000	-6.31766700
43.99999756	0.00000000	-6.36687900
44.19999755	0.00000000	-5.14271600
44.39999753	0.00000000	-3.51254900
44.59999752	0.00000000	-2.23917300
44.79999751	0.00000000	-1.82701800
44.99999750	0.00000000	-2.18996000
45.19999749	0.00000000	-3.05118100
45.39999748	0.00000000	-3.82627900
45.59999746	0.00000000	-4.22613100
45.79999745	0.00000000	-3.36491100
45.99999744	-0.17531990	-1.67938000
46.19999743	0.00000000	0.41215550
46.39999742	0.00000000	2.49753900
46.59999740	0.00000000	3.26648600
46.79999739	0.00000000	2.44832700
46.99999738	0.00000000	-0.09842519
47.19999737	0.00000000	-3.41412400
47.39999736	0.00000000	-6.41609200
47.59999734	0.00000000	-8.55684000
47.79999733	0.00000000	-9.78100300
47.99999732	0.00000000	-9.37500000
48.19999731	0.00000000	-7.24040300
48.39999730	0.00000000	-4.27534400
48.59999729	0.00000000	-0.46136810
48.79999727	0.00000000	2.85433100
48.99999726	0.00000000	4.58292300
49.19999725	0.00000000	4.63213500
49.39999724	0.00000000	3.36491100
49.59999723	0.00000000	1.27337600
49.79999721	0.00000000	-1.27337600
49.99999720	0.00000000	-3.46333600
50.19999719	0.00000000	-5.60408400
50.39999718	0.00000000	-7.68946800
50.59999717	0.00000000	-8.50762700
50.79999715	0.00000000	-8.14468500
50.99999714	0.00000000	-6.87746000
51.19999713	0.00000000	-5.14271600
51.39999712	0.00000000	-3.00196800
51.59999711	0.00000000	-0.51058070
51.79999710	0.00000000	1.21801200
51.99999708	0.00000000	2.09153500
52.19999707	0.00000000	2.54060000
52.39999706	0.00000000	2.04232300
52.59999705	0.00000000	0.81200780
52.79999704	0.00000000	-1.37180100
52.99999702	0.00000000	-3.87549200
53.19999701	0.00000000	-6.41609200
53.39999700	0.00000000	-8.09547100
53.59999699	0.00000000	-8.55684000
53.79999698	0.00000000	-8.09547100
53.99999696	0.00000000	-6.36687900
54.19999695	0.00000000	-3.46333600
54.39999694	0.00000000	-0.51058070
54.59999693	0.00000000	1.63016700
54.79999692	0.00000000	2.90354300
54.99999691	0.00000000	2.90354300
55.19999689	0.00000000	1.63016700
55.39999688	0.00000000	-0.51058070
55.59999687	0.00000000	-3.46333600
55.79999686	0.00000000	-6.36687900
55.99999685	0.00000000	-8.04626000
56.19999683	0.00000000	-8.04626000
56.39999682	0.00000000	-6.41609200
56.59999681	0.00000000	-3.87549200
56.79999680	0.00000000	-1.32258800
56.99999679	0.00000000	1.22416300
57.19999677	0.00000000	2.85433100
57.39999676	0.00000000	2.85433100
57.59999675	0.00000000	1.17495100
57.79999674	0.00000000	-1.72859200
57.99999673	0.00000000	-4.68134800
58.19999672	0.00000000	-6.82824800
58.39999670	0.00000000	-8.04626000
58.59999669	0.00000000	-7.64025500
58.79999668	0.00000000	-5.55487200
58.99999667	0.00000000	-3.00196800
59.19999666	0.00000000	0.00000000
59.39999664	0.00000000	2.90354300
59.59999663	0.00000000	4.53371000
59.79999662	0.00000000	4.17691900
59.99999661	0.00000000	2.04232300
60.19999660	0.00000000	-0.91658460
60.39999658	0.00000000	-4.73056000
60.59999657	0.00000000	-8.04626000
60.79999656	0.00000000	-9.78100300
60.99999655	0.00000000	-9.78100300
61.19999654	0.00000000	-8.04626000
61.39999653	0.00000000	-4.73056000
61.59999651	0.00000000	-0.91658460
61.79999650	0.00000000	2.04232300
61.99999649	0.00000000	4.17691900
62.19999648	0.00000000	4.58292300
62.39999647	0.00000000	3.36491100
62.59999645	0.00000000	1.27337600
62.79999644	0.00000000	-1.37180100
62.99999643	0.00000000	-4.28149600
63.19999642	0.00000000	-7.22810000
63.39999641	0.00000000	-8.45841400
63.59999639	0.00000000	-8.14468500
63.79999638	0.00000000	-6.87746000
63.99999637	0.00000000	-5.19192900
64.19999636	0.00000000	-3.46333600
64.39999635	0.00000000	-1.77780500
64.59999634	0.00000000	-0.41215550
64.79999632	0.00000000	0.81815940
64.99999631	0.00000000	2.08538400
65.19999630	0.00000000	2.04232300
65.39999629	0.00000000	1.26722400
65.59999628	0.00000000	-0.09842519
65.79999626	0.00000000	-2.18996000
65.99999625	0.00000000	-4.77977300
66.19999624	0.00000000	-7.28961600
66.39999623	0.00000000	-9.42421200
66.59999622	0.00000000	-10.19316000
66.79999620	0.00000000	-9.42421200
66.99999619	0.00000000	-7.24040300
67.19999618	0.00000000	-4.32455700
67.39999617	0.00000000	-0.81815940
67.59999616	0.00000000	2.50369100
67.79999615	0.00000000	5.49950700
67.99999613	0.00000000	6.68061000
68.19999612	0.00000000	5.86245000
68.39999611	0.00000000	2.85433100
68.59999610	0.00000000	-1.72859200
68.79999609	0.00000000	-6.41609200
68.99999607	0.00000000	-10.19316000
69.19999606	0.00000000	-12.32775000
69.39999605	0.00000000	-11.92175000
69.59999604	0.00000000	-9.83021600
69.79999603	0.00000000	-6.41609200
69.99999601	0.00000000	-2.14074800
70.19999600	0.00000000	2.04232300
70.39999599	0.00000000	5.45029500
70.59999598	0.00000000	6.68061000
70.79999597	0.00000000	5.91166300
70.99999596	0.00000000	3.31569900
71.19999594	0.00000000	-0.46136810
71.39999593	0.00000000	-4.68134800
71.59999592	0.00000000	-8.09547100
71.79999591	0.00000000	-10.24237000
71.99999590	0.00000000	-11.05438000
72.19999588	0.00000000	-9.78100300
72.39999587	0.00000000	-6.87746000
72.59999586	0.00000000	-3.46333600
72.79999585	0.00000000	-0.04921259
72.99999584	0.00000000	2.90354300
73.19999582	0.00000000	4.58292300
73.39999581	0.00000000	4.58292300
73.59999580	0.00000000	2.90354300
73.79999579	0.00000000	-0.04921259
73.99999578	0.00000000	-3.46333600
74.19999577	0.00000000	-6.82824800
74.39999575	0.00000000	-9.37500000
74.59999574	0.00000000	-10.19316000
74.79999573	0.00000000	-9.32578700
74.99999572	0.00000000	-6.36687900
75.19999571	0.00000000	-2.18996000
75.39999569	0.00000000	1.58095500
75.59999568	0.00000000	4.17691900
75.79999567	0.00000000	4.94586600
75.99999566	0.00000000	3.71555100
76.19999565	0.00000000	0.36294290
76.39999563	0.00000000	-3.41412400
76.59999562	0.00000000	-6.87746000
76.79999561	0.00000000	-9.78100300
76.99999560	0.00000000	-11.00517000
77.19999559	0.00000000	-9.78100300
77.39999558	0.00000000	-6.82824800
77.59999556	0.00000000	-2.95275600
77.79999555	0.00000000	1.67938000
77.99999554	0.00000000	5.85629900
78.19999553	0.00000000	7.94783400
78.39999552	0.00000000	7.54183000
78.59999550	0.00000000	4.53371000
78.79999549	0.00000000	-0.46136810
78.99999548	0.00000000	-6.01008800
79.19999547	0.00000000	-10.65453000
79.39999546	0.00000000	-14.00714000
79.59999544	0.00000000	-14.41929000
79.79999543	0.00000000	-11.87254000
79.99999542	0.00000000	-7.17888700
80.19999541	0.00000000	-0.41215550
80.39999540	0.00000000	6.21924200
80.59999539	0.00000000	10.54380000
80.79999537	0.00000000	11.87254000
80.99999536	0.00000000	11.05438000
81.19999535	0.00000000	7.99704600
81.39999534	0.00000000	2.85433100
81.59999533	0.00000000	-3.92470400
81.79999531	0.00000000	-11.00517000
81.99999530	0.00000000	-15.64345000
82.19999529	0.00000000	-16.56004000
82.39999528	0.00000000	-14.56693000
82.59999527	0.00000000	-10.70374000
82.79999525	0.00000000	-6.01008800
82.99999524	0.00000000	-0.46136810
83.19999523	0.00000000	4.63213500
83.39999522	0.00000000	8.45841400
83.59999521	0.00000000	10.54380000
83.79999520	0.00000000	9.63336600
83.99999518	0.00000000	5.91166300
84.19999517	0.00000000	0.41215550
84.39999516	0.00000000	-5.09350300
84.59999515	0.00000000	-9.83021600
84.79999514	0.00000000	-13.24434000
84.99999512	0.00000000	-14.87451000
85.19999511	0.00000000	-14.05635000
85.39999510	0.00000000	-10.65453000
85.59999509	0.00000000	-6.01008800
85.79999508	0.00000000	-0.46136810
85.99999506	0.00000000	4.58292300
86.19999505	0.00000000	8.04626000
86.39999504	0.00000000	9.73179100
86.59999503	0.00000000	9.27657400
86.79999502	0.00000000	6.26845500
86.99999501	0.00000000	1.22416300
87.19999499	0.00000000	-4.68750000
87.39999498	0.00000000	-9.78100300
87.59999497	0.00000000	-13.19513000
87.79999496	0.00000000	-14.46850000
87.99999495	0.00000000	-13.19513000
88.19999493	0.00000000	-9.83021600
88.39999492	0.00000000	-5.14271600
88.59999491	0.00000000	-0.04921259
88.79999490	0.00000000	4.58292300
88.99999489	0.00000000	7.59104300
89.19999487	0.00000000	8.40920300
89.39999486	0.00000000	7.17888700
89.59999485	0.00000000	3.77706700
89.79999484	0.00000000	-0.41215550
89.99999483	0.00000000	-4.73056000
90.19999482	0.00000000	-8.50762700
90.39999480	0.00000000	-11.10359000
90.59999479	0.00000000	-11.87254000
90.79999478	0.00000000	-10.64222000
90.99999477	0.00000000	-7.28961600
91.19999476	0.00000000	-3.51254900
91.39999474	0.00000000	-0.09842519
91.59999473	0.00000000	2.49753900
91.79999472	0.00000000	3.77706700
91.99999471	0.00000000	4.17691900
92.19999470	0.00000000	2.90354300
92.39999468	0.00000000	0.46136810
92.59999467	0.00000000	-1.67938000
92.79999466	0.00000000	-3.41412400
92.99999465	0.00000000	-4.73056000
93.19999464	0.00000000	-5.55487200
93.39999463	0.00000000	-5.95472400
93.59999461	0.00000000	-5.14271600
93.79999460	0.00000000	-3.92470400
93.99999459	0.00000000	-3.00196800
94.19999458	0.00000000	-1.72859200
94.39999457	0.00000000	-0.51058070
94.59999455	0.00000000	-0.04921259
94.79999454	0.00000000	0.00000000
94.99999453	0.00000000	0.00000000
95.19999452	0.00000000	-0.04921259
95.39999451	0.00000000	-0.46136810
95.59999449	0.00000000	-1.26722400
95.79999448	0.00000000	-1.72859200
95.99999447	0.00000000	-2.18996000
96.19999446	0.00000000	-3.00196800
96.39999445	0.00000000	-3.46333600
96.59999444	0.00000000	-3.87549200
96.79999442	0.00000000	-4.27534400
96.99999441	0.00000000	-3.82627900
97.19999440	0.00000000	-3.05118100
97.39999439	0.00000000	-2.14074800
97.59999438	0.00000000	-1.31643700
97.79999436	0.00000000	-0.46136810
97.99999435	0.00000000	-0.04921259
98.19999434	0.00000000	-0.04921259
98.39999433	0.00000000	-0.46136810
98.59999432	0.00000000	-1.26722400
98.79999430	0.00000000	-1.77780500
98.99999429	0.00000000	-2.64517700
99.19999428	0.00000000	-4.17691900
99.39999427	0.00000000	-4.22613100
99.59999426	0.00000000	-3.10654500
99.79999425	0.00000000	-3.05118100
99.99999423	0.00000000	-2.95275600
100.19999422	0.00000000	-2.14074800
100.39999421	0.00000000	-1.31643700
100.59999420	0.00000000	-0.41215550
100.79999419	0.00000000	0.36294290
100.99999417	0.00000000	0.76279520
101.19999416	0.00000000	-0.04921259
101.39999415	0.00000000	-1.26722400
101.59999414	0.00000000	-2.18996000
101.79999413	0.00000000	-3.41412400
101.99999411	0.00000000	-4.27534400
102.19999410	0.00000000	-4.28149600
102.39999409	0.00000000	-4.27534400
102.59999408	0.00000000	-3.41412400
102.79999407	0.00000000	-2.23917300
102.99999406	0.00000000	-1.72859200
103.19999404	0.00000000	-1.26722400
103.39999403	0.00000000	-0.46136810
103.59999402	0.00000000	-0.09842519
103.79999401	0.00000000	-0.46136810
103.99999400	0.00000000	-1.31643700
104.19999398	0.00000000	-2.14074800
104.39999397	0.00000000	-3.05118100
104.59999396	0.00000000	-3.87549200
104.79999395	0.00000000	-4.68134800
104.99999394	0.00000000	-4.63213500
105.19999392	0.00000000	-3.46333600
105.39999391	0.00000000	-2.18996000
105.59999390	0.00000000	-1.31643700
105.79999389	0.00000000	-0.46136810
105.99999388	0.00000000	-0.04921259
106.19999387	0.00000000	-0.04921259
106.39999385	0.00000000	-0.51058070
106.59999384	0.00000000	-1.72859200
106.79999383	0.00000000	-3.00196800
106.99999382	0.00000000	-3.87549200
107.19999381	0.00000000	-4.73056000
107.39999379	0.00000000	-5.09350300
107.59999378	0.00000000	-4.73056000
107.79999377	0.00000000	-3.82627900
107.99999376	0.00000000	-2.59596400
108.19999375	0.00000000	-0.86737200
108.39999374	0.00000000	0.31373030
108.59999372	0.00000000	0.81200780
108.79999371	0.00000000	0.41215550
108.99999370	0.00000000	0.00000000
109.19999369	0.00000000	-0.55979330
109.39999368	0.00000000	-2.18996000
109.59999366	0.00000000	-4.27534400
109.79999365	0.00000000	-5.50565900
109.99999364	0.00000000	-6.00393600
110.19999363	0.00000000	-5.50565900
110.39999362	0.00000000	-4.32455700
110.59999360	0.00000000	-2.59596400
110.79999359	0.00000000	-1.31643700
110.99999358	0.00000000	0.00000000
111.19999357	0.00000000	1.21801200
111.39999356	0.00000000	1.63016700
111.59999355	0.00000000	1.21801200
111.79999353	0.00000000	-0.09842519
111.99999352	0.00000000	-2.14074800
112.19999351	0.00000000	-4.27534400
112.39999350	0.00000000	-5.55487200
112.59999349	0.00000000	-6.41609200
112.79999347	0.00000000	-6.36687900
112.99999346	0.00000000	-5.09350300
113.19999345	0.00000000	-3.00196800
113.39999344	0.00000000	-0.51058070
113.59999343	0.00000000	1.16879900
113.79999341	0.00000000	1.67938000
113.99999340	0.00000000	1.67938000
114.19999339	0.00000000	1.21801200
114.39999338	0.00000000	-0.09842519
114.59999337	0.00000000	-2.18996000
114.79999336	0.00000000	-4.68134800
114.99999334	0.00000000	-6.31766700
115.19999333	0.00000000	-6.36687900
115.39999332	0.00000000	-5.14271600
115.59999331	0.00000000	-3.46333600
115.79999330	0.00000000	-1.72859200
115.99999328	0.00000000	-0.04921259
116.19999327	0.00000000	1.21801200
116.39999326	0.00000000	1.58095500
116.59999325	0.00000000	0.86122040
116.79999324	0.00000000	-0.44906490
116.99999322	0.00000000	-1.32874000
117.19999321	0.00000000	-3.05118100
117.39999320	0.00000000	-4.63213500
117.59999319	0.00000000	-5.09350300
117.79999318	0.00000000	-4.68134800
117.99999317	0.00000000	-3.46333600
118.19999315	0.00000000	-2.18996000
118.39999314	0.00000000	-1.31643700
118.59999313	0.00000000	-0.41215550
118.79999312	0.00000000	0.36294290
118.99999311	0.00000000	0.76279520
119.19999309	0.00000000	-0.04921259
119.39999308	0.00000000	-1.26722400
119.59999307	0.00000000	-2.14074800
119.79999306	0.00000000	-3.00196800
119.99999305	0.00000000	-3.41412400
120.19999303	0.00000000	-3.41412400
120.39999302	0.00000000	-3.00196800
120.59999301	0.00000000	-2.14074800
120.79999300	0.00000000	-1.31643700
120.99999299	0.00000000	-0.46136810
121.19999298	0.00000000	-0.04921259
121.39999296	0.00000000	-0.04921259
121.59999295	0.00000000	-0.46136810
121.79999294	0.00000000	-1.26722400
121.99999293	0.00000000	-1.72859200
122.19999292	0.00000000	-2.18996000
122.39999290	0.00000000	-2.95275600
122.59999289	0.00000000	-2.95275600
122.79999288	0.00000000	-2.18996000
122.99999287	0.00000000	-1.72859200
123.19999286	0.00000000	-1.26722400
123.39999284	0.00000000	-0.46136810
123.59999283	0.00000000	-0.09842519
123.79999282	0.00000000	-0.46136810
123.99999281	0.00000000	-1.26722400
124.19999280	0.00000000	-1.72859200
124.39999279	0.00000000	-2.14074800
124.59999277	0.00000000	-2.58981300
124.79999276	0.00000000	-2.60211600
124.99999275	0.00000000	-3.05118100
125.19999274	0.00000000	-3.36491100
125.39999273	0.00000000	-3.00196800
125.59999271	0.00000000	-2.14074800
125.79999270	0.00000000	-1.31643700
125.99999269	0.00000000	-0.46136810
126.19999268	0.00000000	-0.09842519
126.39999267	0.00000000	-0.46136810
126.59999265	0.00000000	-1.31643700
126.79999264	0.00000000	-2.14074800
126.99999263	0.00000000	-3.00196800
127.19999262	0.00000000	-3.41412400
127.39999261	0.00000000	-3.46333600
127.59999260	0.00000000	-3.41412400
127.79999258	0.00000000	-3.05118100
127.99999257	0.00000000	-2.55290300
128.19999256	0.00000000	-2.13459600
128.39999255	0.00000000	-0.86737200
128.59999254	0.00000000	-0.09842519
128.79999252	0.00000000	-0.04921259
128.99999251	0.00000000	-0.46136810
129.19999250	0.00000000	-1.31643700
129.39999249	0.00000000	-2.14074800
129.59999248	0.00000000	-3.00196800
129.79999246	0.00000000	-3.41412400
129.99999245	0.00000000	-3.46333600
130.19999244	0.00000000	-3.41412400
130.39999243	0.00000000	-3.00196800
130.59999242	0.00000000	-2.14074800
130.79999241	0.00000000	-1.31643700
130.99999239	0.00000000	-0.46136810
131.19999238	0.00000000	-0.09842519
131.39999237	0.00000000	-0.46136810
131.59999236	0.00000000	-1.26722400
131.79999235	0.00000000	-1.72859200
131.99999233	0.00000000	-2.18996000
132.19999232	0.00000000	-2.95275600
132.39999231	0.00000000	-2.95275600
132.59999230	0.00000000	-2.18996000
132.79999229	0.00000000	-1.77780500
132.99999227	0.00000000	-1.72859200
133.19999226	0.00000000	-1.72859200
133.39999225	0.00000000	-1.72859200
133.59999224	0.00000000	-1.72859200
133.79999223	0.00000000	-1.72859200
133.99999222	0.00000000	-1.77780500
134.19999220	0.00000000	-2.18996000
134.39999219	0.00000000	-3.00196800
134.59999218	0.00000000	-3.36491100
134.79999217	0.00000000	-3.00196800
134.99999216	0.00000000	-2.14074800
135.19999214	0.00000000	-1.36565000
135.39999213	0.00000000	-0.86737200
135.59999212	0.00000000	-0.91043300
135.79999211	0.00000000	-0.86737200
135.99999210	0.00000000	-1.31643700
136.19999208	0.00000000	-1.72859200
136.39999207	0.00000000	-2.18996000
136.59999206	0.00000000	-3.00196800
136.79999205	0.00000000	-3.41412400
136.99999204	0.00000000	-3.46333600
137.19999203	0.00000000	-3.41412400
137.39999201	0.00000000	-2.95275600
137.59999200	0.00000000	-1.72859200
137.79999199	0.00000000	-0.51058070
137.99999198	0.00000000	-0.04921259
138.19999197	0.00000000	0.00000000
138.39999195	0.00000000	-0.04921259
138.59999194	0.00000000	-0.46136810
138.79999193	0.00000000	-1.31643700
138.99999192	0.00000000	-2.14074800
139.19999191	0.00000000	-3.05118100
139.39999189	0.00000000	-3.82627900
139.59999188	0.00000000	-4.27534400
139.79999187	0.00000000	-3.87549200
139.99999186	0.00000000	-3.46333600
140.19999185	0.00000000	-2.95275600
140.39999184	0.00000000	-1.67938000
140.59999182	0.00000000	-0.09842519
140.79999181	0.00000000	0.76279520
140.99999180	0.00000000	0.41215550
141.19999179	0.00000000	0.00000000
141.39999178	0.00000000	-0.46136810
141.59999176	0.00000000	-1.31643700
141.79999175	0.00000000	-2.14074800
141.99999174	0.00000000	-3.00196800
142.19999173	0.00000000	-3.41412400
142.39999172	0.00000000	-3.46333600
142.59999170	0.00000000	-3.46333600
142.79999169	0.00000000	-3.41412400
142.99999168	0.00000000	-3.00196800
143.19999167	0.00000000	-2.18996000
143.39999166	0.00000000	-1.77780500
143.59999165	0.00000000	-1.67938000
143.79999163	0.00000000	-1.31643700
143.99999162	0.00000000	-0.86737200
144.19999161	0.00000000	-0.91043300
144.39999160	0.00000000	-0.86737200
144.59999159	0.00000000	-1.31643700
144.79999157	0.00000000	-1.72859200
144.99999156	0.00000000	-2.18996000
145.19999155	0.00000000	-3.00196800
145.39999154	0.00000000	-3.41412400
145.59999153	0.00000000	-3.46333600
145.79999151	0.00000000	-3.41412400
145.99999150	0.00000000	-3.00196800
146.19999149	0.00000000	-2.14074800
146.39999148	0.00000000	-1.36565000
146.59999147	0.00000000	-0.81815940
146.79999146	0.00000000	-0.44906490
146.99999144	0.00000000	0.39985230
147.19999143	0.00000000	0.31373030
147.39999142	0.00000000	-0.41215550
147.59999141	0.00000000	-1.31643700
147.79999140	0.00000000	-2.14074800
147.99999138	0.00000000	-3.00196800
148.19999137	0.00000000	-3.41412400
148.39999136	0.00000000	-3.46333600
148.59999135	0.00000000	-3.41412400
148.79999134	0.00000000	-3.00196800
148.99999132	0.00000000	-2.14074800
149.19999131	0.00000000	-1.31643700
149.39999130	0.00000000	-0.51058070
149.59999129	0.00000000	-0.51058070
149.79999128	0.00000000	-1.21801200
149.99999127	0.00000000	-1.26722400
150.19999125	0.00000000	-0.91658460
150.39999124	0.00000000	-1.36565000
150.59999123	0.00000000	-2.14074800
150.79999122	0.00000000	-3.00196800
150.99999121	0.00000000	-3.41412400
151.19999119	0.00000000	-3.41412400
151.39999118	0.00000000	-3.00196800
151.59999117	0.00000000	-2.18996000
151.79999116	0.00000000	-1.72859200
151.99999115	0.00000000	-1.31643700
152.19999113	0.00000000	-0.91658460
152.39999112	0.00000000	-1.26722400
152.59999111	0.00000000	-1.26722400
152.79999110	0.00000000	-0.91658460
152.99999109	0.00000000	-1.31643700
153.19999108	0.00000000	-1.67938000
153.39999106	0.00000000	-1.72859200
153.59999105	0.00000000	-1.72859200
153.79999104	0.00000000	-1.72859200
153.99999103	0.00000000	-1.72859200
154.19999102	0.00000000	-1.72859200
154.39999100	0.00000000	-1.72859200
154.59999099	0.00000000	-1.67938000
154.79999098	0.00000000	-1.31643700
154.99999097	0.00000000	-0.91658460
155.19999096	0.00000000	-1.31643700
155.39999094	0.00000000	-1.67938000
155.59999093	0.00000000	-1.72859200
155.79999092	0.00000000	-1.72859200
155.99999091	0.00000000	-1.72859200
156.19999090	0.00000000	-1.72859200
156.39999089	0.00000000	-1.72859200
156.59999087	0.00000000	-1.72859200
156.79999086	0.00000000	-1.72859200
156.99999085	0.00000000	-1.72859200
157.19999084	0.00000000	-1.72859200
157.39999083	0.00000000	-1.72859200
157.59999081	0.00000000	-1.72859200
157.79999080	0.00000000	-1.72859200
157.99999079	0.00000000	-1.72859200
158.19999078	0.00000000	-1.72859200
158.39999077	0.00000000	-1.72859200
158.59999075	0.00000000	-1.67938000
158.79999074	0.00000000	-1.36565000
158.99999073	0.00000000	-1.32874000
159.19999072	0.00000000	-2.13459600
159.39999071	0.00000000	-2.09153500
159.59999070	0.00000000	-1.77780500
159.79999068	0.00000000	-1.72859200
159.99999067	0.00000000	-1.77780500
160.19999066	0.00000000	-2.14074800
160.39999065	0.00000000	-2.54060000
160.59999064	0.00000000	-2.14074800
160.79999062	0.00000000	-1.77780500
160.99999061	0.00000000	-1.67938000
161.19999060	0.00000000	-1.31643700
161.39999059	0.00000000	-0.91658460
161.59999058	0.00000000	-1.31643700
161.79999056	0.00000000	-1.67938000
161.99999055	0.00000000	-1.72859200
162.19999054	0.00000000	-1.72859200
162.39999053	0.00000000	-1.72859200
162.59999052	0.00000000	-1.72859200
162.79999051	0.00000000	-1.72859200
162.99999049	0.00000000	-1.72859200
163.19999048	0.00000000	-1.72859200
163.39999047	0.00000000	-1.72859200
163.59999046	0.00000000	-1.67938000
163.79999045	0.00000000	-1.31643700
163.99999043	0.00000000	-0.91658460
164.19999042	0.00000000	-1.31643700
164.39999041	0.00000000	-1.67938000
164.59999040	0.00000000	-1.72859200
164.79999039	0.00000000	-1.72859200
164.99999037	0.00000000	-1.72859200
165.19999036	0.00000000	-1.72859200
165.39999035	0.00000000	-1.77780500
165.59999034	0.00000000	-2.14074800
165.79999033	0.00000000	-2.54060000
165.99999032	0.00000000	-2.14074800
166.19999030	0.00000000	-1.77780500
166.39999029	0.00000000	-1.72859200
166.59999028	0.00000000	-1.72859200
166.79999027	0.00000000	-1.72859200
166.99999026	0.00000000	-1.67938000
167.19999024	0.00000000	-1.26722400
167.39999023	0.00000000	-0.46136810
167.59999022	0.00000000	-0.04921259
167.79999021	0.00000000	0.00000000
167.99999020	0.00000000	0.00000000
168.19999018	0.00000000	0.00000000
168.39999017	0.00000000	0.00000000
168.59999016	0.00000000	-0.09842519
168.79999015	0.00000000	-0.91658460
168.99999014	0.00000000	-2.49753900
169.19999013	0.00000000	-2.90354300
169.39999011	0.00000000	-2.18996000
169.59999010	0.00000000	-1.82701800
169.79999009	0.00000000	-2.14074800
169.99999008	0.00000000	-2.58981300
170.19999007	0.00000000	-2.55290300
170.39999005	0.00000000	-2.63902500
170.59999004	0.00000000	-2.55290300
170.79999003	0.00000000	-2.58981300
170.99999002	0.00000000	-2.14074800
171.19999001	0.00000000	-1.77780500
171.39998999	0.00000000	-1.72859200
171.59998998	0.00000000	-1.72859200
171.79998997	0.00000000	-1.72859200
171.99998996	0.00000000	-1.72859200
172.19998995	0.00000000	-1.72859200
172.39998994	0.00000000	-1.72859200
172.59998992	0.00000000	-1.72859200
172.79998991	0.00000000	-1.72859200
172.99998990	0.00000000	-1.77780500
173.19998989	0.00000000	-2.18996000
173.39998988	0.00000000	-2.95275600
173.59998986	0.00000000	-2.95275600
173.79998985	0.00000000	-2.18996000
173.99998984	0.00000000	-1.72859200
174.19998983	0.00000000	-1.31643700
174.39998982	0.00000000	-0.91658460
174.59998980	0.00000000	-1.31643700
174.79998979	0.00000000	-1.67938000
174.99998978	0.00000000	-1.72859200
175.19998977	0.00000000	-1.72859200
175.39998976	0.00000000	-1.77780500
175.59998975	0.00000000	-2.14074800
175.79998973	0.00000000	-2.54060000
175.99998972	0.00000000	-2.14074800
176.19998971	0.00000000	-1.82701800
176.39998970	0.00000000	-2.14074800
176.59998969	0.00000000	-2.54060000
176.79998967	0.00000000	-2.14074800
176.99998966	0.00000000	-1.72859200
177.19998965	0.00000000	-1.31643700
177.39998964	0.00000000	-0.91658460
177.59998963	0.00000000	-1.31643700
177.79998961	0.00000000	-1.67938000
177.99998960	0.00000000	-1.72859200
178.19998959	0.00000000	-1.72859200
178.39998958	0.00000000	-1.77780500
178.59998957	0.00000000	-2.14074800
178.79998956	0.00000000	-2.54060000
178.99998954	0.00000000	-2.14074800
179.19998953	0.00000000	-1.77780500
179.39998952	0.00000000	-1.72859200
179.59998951	0.00000000	-1.67938000
179.79998950	0.00000000	-1.26722400
179.99998948	0.00000000	-0.46136810
180.19998947	0.00000000	-0.09842519
180.39998946	0.00000000	-0.46136810
180.59998945	0.00000000	-1.26722400
180.79998944	0.00000000	-1.67938000
180.99998942	0.00000000	-1.72859200
181.19998941	0.00000000	-1.72859200
181.39998940	0.00000000	-1.72859200
181.59998939	0.00000000	-1.72859200
181.79998938	0.00000000	-1.72859200
181.99998937	0.00000000	-1.72859200
182.19998935	0.00000000	-1.72859200
182.39998934	0.00000000	-1.72859200
182.59998933	0.00000000	-1.72859200
182.79998932	0.00000000	-1.72859200
182.99998931	0.00000000	-1.72859200
183.19998929	0.00000000	-1.72859200
183.39998928	0.00000000	-1.72859200
183.59998927	0.00000000	-1.72859200
183.79998926	0.00000000	-1.72859200
183.99998925	0.00000000	-1.72859200
184.19998923	0.00000000	-1.72859200
184.39998922	0.00000000	-1.72859200
184.59998921	0.00000000	-1.72859200
184.79998920	0.00000000	-1.72859200
184.99998919	0.00000000	-1.72859200
185.19998918	0.00000000	-1.72859200
185.39998916	0.00000000	-1.72859200
185.59998915	0.00000000	-1.72859200
185.79998914	0.00000000	-1.72859200
185.99998913	0.00000000	-1.72859200
186.19998912	0.00000000	-1.72859200
186.39998910	0.00000000	-1.72859200
186.59998909	0.00000000	-1.67938000
186.79998908	0.00000000	-1.26722400
186.99998907	0.00000000	-0.51058070
187.19998906	0.00000000	-0.51058070
187.39998904	0.00000000	-1.26722400
187.59998903	0.00000000	-1.67938000
187.79998902	-0.17531990	-1.72859200
187.99998901	0.00000000	-1.72859200
188.19998900	0.00000000	-1.72859200
188.39998899	0.00000000	-1.72859200
188.59998897	0.00000000	-1.72859200
188.79998896	0.00000000	-1.72859200
188.99998895	0.00000000	-1.67938000
189.19998894	0.00000000	-1.31643700
189.39998893	0.00000000	-0.86737200
189.59998891	0.00000000	-0.91043300
189.79998890	0.00000000	-0.81815940
189.99998889	0.00000000	-0.91043300
190.19998888	0.00000000	-0.86737200
190.39998887	0.00000000	-1.31643700
190.59998885	0.00000000	-1.67938000
190.79998884	0.00000000	-1.77780500
190.99998883	0.00000000	-2.14074800
191.19998882	0.00000000	-2.54060000
191.39998881	0.00000000	-2.14074800
191.59998880	0.00000000	-1.77780500
191.79998878	0.00000000	-1.72859200
191.99998877	0.00000000	-1.72859200
192.19998876	0.00000000	-1.67938000
192.39998875	0.00000000	-1.31643700
192.59998874	0.00000000	-0.91658460
192.79998872	0.00000000	-1.31643700
192.99998871	0.00000000	-1.67938000
193.19998870	0.00000000	-1.72859200
193.39998869	0.00000000	-1.72859200
193.59998868	0.00000000	-1.72859200
193.79998866	0.00000000	-1.72859200
193.99998865	0.00000000	-1.72859200
194.19998864	0.00000000	-1.72859200
194.39998863	0.00000000	-1.72859200
194.59998862	0.00000000	-1.72859200
194.79998861	0.00000000	-1.72859200
194.99998859	0.00000000	-1.67938000
195.19998858	0.00000000	-1.31643700
195.39998857	0.00000000	-0.91658460
195.59998856	0.00000000	-1.26722400
195.79998855	0.00000000	-1.26722400
195.99998853	0.00000000	-0.91658460
