Time	Channel A	Channel B	Channel C
(us)	(V)	(mV)	(mV)

-4.59999956	0.00000000	-90.96333000	-40.21899000
-4.39999957	0.00000000	-91.33242000	-39.89296000
-4.19999958	0.00000000	-91.66460000	-39.94217000
-3.99999959	0.00000000	-91.70767000	-40.58809000
-3.79999960	0.00000000	-91.70767000	-40.63730000
-3.59999962	0.00000000	-91.70767000	-40.31127000
-3.39999963	0.00000000	-91.70767000	-40.68036000
-3.19999964	0.00000000	-91.70767000	-41.01255000
-2.99999965	0.00000000	-91.70767000	-41.05561000
-2.79999966	0.00000000	-91.70767000	-41.01255000
-2.59999968	0.00000000	-91.70767000	-40.68036000
-2.39999969	0.00000000	-91.70767000	-40.31127000
-2.19999970	0.00000000	-91.70767000	-40.68036000
-1.99999971	0.00000000	-91.70767000	-41.01255000
-1.79999972	0.00000000	-91.70767000	-41.05561000
-1.59999973	0.00000000	-91.70767000	-41.01255000
-1.39999975	0.00000000	-91.70767000	-40.68036000
-1.19999976	0.00000000	-91.70767000	-40.31127000
-0.99999977	0.00000000	-91.70767000	-40.68036000
-0.79999978	0.00000000	-91.70767000	-41.01255000
-0.59999979	0.00000000	-91.70767000	-41.05561000
-0.39999981	0.15871060	-91.70767000	-41.05561000
-0.19999982	0.63668800	-91.70767000	-41.05561000
0.00000017	0.79601380	-91.66460000	-41.05561000
0.20000016	0.95533960	-91.33242000	-41.05561000
0.40000015	0.95533960	-90.96333000	-41.05561000
0.60000013	0.47736220	-91.33242000	-41.05561000
0.80000012	-0.31803640	-91.66460000	-41.01255000
1.00000011	-1.27399100	-91.70767000	-40.63730000
1.20000010	-2.22994600	-91.70767000	-39.89296000
1.40000009	-2.70792300	-91.70767000	-39.51771000
1.60000008	-2.54859700	-91.70767000	-39.47465000
1.80000006	-1.59264300	-91.70767000	-39.47465000
2.00000005	0.15871060	-91.70767000	-39.47465000
2.20000004	2.22994600	-91.70767000	-39.47465000
2.40000003	4.14124000	-91.70767000	-39.47465000
2.60000002	5.25652100	-91.70767000	-39.47465000
2.80000000	5.09719500	-91.70767000	-39.47465000
2.99999999	3.34522600	-91.70767000	-39.47465000
3.19999998	0.47736220	-91.70767000	-39.51771000
3.39999997	-2.86724900	-91.70767000	-39.84990000
3.59999996	-5.89382400	-91.66460000	-40.21899000
3.79999994	-7.80511800	-91.28937000	-39.84990000
3.99999993	-7.80511800	-90.54502000	-39.47465000
4.19999992	-5.57517200	-90.16978000	-39.05635000
4.39999991	-1.91129400	-90.12672000	-38.36122000
4.59999990	2.38927200	-90.16978000	-38.36122000
4.79999989	6.37180100	-90.50197000	-39.05635000
4.99999987	9.07972400	-90.91412000	-39.43159000
5.19999986	9.23905000	-90.92027000	-39.47465000
5.39999985	7.16781500	-91.33242000	-39.51771000
5.59999984	3.34522600	-91.66460000	-39.84990000
5.79999983	-1.43331700	-91.66460000	-40.21899000
5.99999981	-5.89382400	-91.33242000	-39.84990000
6.19999980	-8.76107300	-90.96333000	-39.51771000
6.39999979	-9.39837600	-91.28937000	-39.47465000
6.59999978	-7.80511800	-91.24016000	-39.47465000
6.79999977	-4.30056600	-90.59423000	-39.47465000
6.99999975	0.00000000	-90.54502000	-39.47465000
7.19999974	4.14124000	-90.91412000	-39.47465000
7.39999973	6.84916400	-90.92027000	-39.47465000
7.59999972	7.80511800	-91.33242000	-39.47465000
7.79999971	6.69045300	-91.66460000	-39.51771000
7.99999970	4.14124000	-91.70767000	-39.89296000
8.19999968	0.79601380	-91.70767000	-40.58809000
8.39999967	-2.38927200	-91.70767000	-40.58809000
8.59999966	-4.45989200	-91.70767000	-39.89296000
8.79999965	-5.25652100	-91.70767000	-39.51771000
8.99999964	-4.61921700	-91.70767000	-39.47465000
9.19999962	-3.02657500	-91.70767000	-39.47465000
9.39999961	-1.11466500	-91.70767000	-39.51771000
9.59999960	0.79601380	-91.66460000	-39.89296000
9.79999959	2.07062000	-91.33242000	-40.63730000
9.99999958	2.54859700	-90.96333000	-41.01255000
10.19999956	2.38927200	-91.33242000	-41.05561000
10.39999955	1.59264300	-91.66460000	-41.05561000
10.59999954	0.79601380	-91.70767000	-41.05561000
10.79999953	-0.15871060	-91.70767000	-41.05561000
10.99999952	-0.63668800	-91.70767000	-41.05561000
11.19999951	-0.95533960	-91.66460000	-41.05561000
11.39999949	-0.95533960	-91.33242000	-41.05561000
11.59999948	-0.79601380	-90.96333000	-41.01255000
11.79999947	-0.47736220	-91.33242000	-40.68036000
11.99999946	-0.15871060	-91.66460000	-40.31127000
12.19999945	-0.15871060	-91.70767000	-40.68036000
12.39999943	-0.15871060	-91.70767000	-41.01255000
12.59999942	0.00000000	-91.70767000	-41.05561000
12.79999941	0.00000000	-91.70767000	-41.01255000
12.99999940	0.00000000	-91.70767000	-40.68036000
13.19999939	0.00000000	-91.70767000	-40.31127000
13.39999937	0.00000000	-91.70767000	-40.68036000
13.59999936	0.00000000	-91.70767000	-41.01255000
13.79999935	0.00000000	-91.70767000	-41.05561000
13.99999934	-0.15871060	-91.70767000	-41.05561000
14.19999933	-0.15871060	-91.70767000	-41.01255000
14.39999932	-0.15871060	-91.70767000	-40.68036000
14.59999930	-0.15871060	-91.70767000	-40.31127000
14.79999929	0.00000000	-91.70767000	-40.63730000
14.99999928	0.00000000	-91.70767000	-40.58809000
15.19999927	0.00000000	-91.70767000	-39.94217000
15.39999926	0.00000000	-91.70767000	-39.94217000
15.59999924	0.00000000	-91.70767000	-40.58809000
15.79999923	0.00000000	-91.70767000	-40.58809000
15.99999922	0.00000000	-91.70767000	-39.89296000
16.19999921	0.00000000	-91.70767000	-39.51771000
16.39999920	-0.15871060	-91.70767000	-39.47465000
16.59999919	-0.15871060	-91.66460000	-39.47465000
16.79999917	-0.15871060	-91.28937000	-39.47465000
16.99999916	0.00000000	-90.54502000	-39.47465000
17.19999915	0.00000000	-90.16978000	-39.47465000
17.39999914	0.00000000	-90.12672000	-39.47465000
17.59999913	0.00000000	-90.12672000	-39.47465000
17.79999911	0.00000000	-90.16978000	-39.47465000
17.99999910	0.00000000	-90.59423000	-39.47465000
18.19999909	0.00000000	-91.75073000	-39.47465000
18.39999908	0.00000000	-93.33169000	-39.47465000
18.59999907	0.00000000	-95.20176000	-39.47465000
18.79999905	-0.15871060	-96.72736000	-39.47465000
18.99999904	0.00000000	-96.69044000	-39.47465000
19.19999903	-0.15871060	-95.56471000	-39.47465000
19.39999902	0.00000000	-93.15329000	-39.47465000
19.59999901	0.00000000	-89.65919000	-39.47465000
19.79999900	0.00000000	-85.42691000	-39.47465000
19.99999898	0.00000000	-81.61294000	-39.47465000
20.19999897	0.00000000	-79.70595000	-39.47465000
20.39999896	0.00000000	-80.12425000	-39.47465000
20.59999895	0.00000000	-83.32922000	-39.47465000
20.79999894	0.00000000	-89.51771000	-39.47465000
20.99999892	0.00000000	-97.61318000	-39.47465000
21.19999891	0.00000000	-105.29650000	-39.47465000
21.39999890	0.00000000	-110.69140000	-39.47465000
21.59999889	0.00000000	-112.18630000	-39.47465000
21.79999888	0.00000000	-109.06740000	-39.47465000
21.99999886	0.00000000	-101.62400000	-39.47465000
22.19999885	0.00000000	-90.73572000	-39.51771000
22.39999884	0.00000000	-77.98966000	-39.84990000
22.59999883	0.00000000	-66.49237000	-40.21899000
22.79999882	-0.15871060	-59.64566000	-39.84990000
22.99999881	0.00000000	-60.07012000	-39.47465000
23.19999879	0.00000000	-68.25172000	-39.05635000
23.39999878	0.00000000	-82.59103000	-38.31200000
23.59999877	0.00000000	-100.73200000	-37.93676000
23.79999876	0.00000000	-118.04260000	-37.89370000
23.99999875	0.00000000	-130.05040000	-37.93676000
24.19999873	0.00000000	-134.23970000	-38.36122000
24.39999872	0.00000000	-129.07230000	-39.51771000
24.59999871	0.00000000	-114.37010000	-41.05561000
24.79999870	0.00000000	-93.15329000	-42.63041000
24.99999869	0.00000000	-70.77386000	-44.16830000
25.19999867	0.00000000	-52.20841000	-45.28174000
25.39999866	0.00000000	-41.87376000	-45.28174000
25.59999865	0.00000000	-42.66732000	-44.11909000
25.79999864	0.00000000	-55.08735000	-42.11983000
25.99999863	-0.15871060	-76.31028000	-38.96407000
26.19999862	0.00000000	-101.80240000	-34.78100000
26.39999860	0.00000000	-125.30760000	-30.97318000
26.59999859	0.00000000	-141.16630000	-29.10925000
26.79999858	0.00000000	-145.78000000	-29.81053000
26.99999857	0.00000000	-138.09670000	-33.00935000
27.19999856	0.00000000	-119.95570000	-38.07825000
27.39999854	0.00000000	-95.98917000	-45.46014000
27.59999853	0.00000000	-71.28445000	-53.08809000
27.79999852	0.00000000	-51.60556000	-58.84596000
27.99999851	0.00000000	-41.87376000	-61.12204000
28.19999850	0.00000000	-43.36860000	-58.75984000
28.39999848	0.00000000	-55.32726000	-52.15920000
28.59999847	0.00000000	-75.00614000	-42.07677000
28.79999846	0.00000000	-97.38557000	-30.51181000
28.99999845	0.00000000	-117.53200000	-20.09719000
29.19999844	0.00000000	-131.12080000	-13.17667000
29.39999843	0.00000000	-135.82060000	-11.68799000
29.59999841	0.00000000	-131.20690000	-16.38164000
29.79999840	0.00000000	-118.46090000	-26.88238000
29.99999839	0.00000000	-100.73200000	-41.56618000
30.19999838	0.00000000	-82.17273000	-57.31422000
30.39999837	0.00000000	-67.04601000	-70.04182000
30.59999835	0.00000000	-58.11392000	-76.59940000
30.79999834	0.00000000	-56.90822000	-75.80585000
30.99999833	0.00000000	-63.37352000	-67.26131000
31.19999832	0.00000000	-74.96309000	-52.62057000
31.39999831	0.00000000	-88.92101000	-35.19931000
31.59999829	0.00000000	-102.82970000	-18.60851000
31.79999828	0.00000000	-113.29970000	-6.21309000
31.99999827	0.00000000	-118.41780000	-0.86122040
32.19999826	0.00000000	-118.04260000	-3.56176100
32.39999825	0.00000000	-112.22930000	-14.38238000
32.59999824	0.00000000	-102.26990000	-30.55487000
32.79999822	0.00000000	-91.05560000	-48.35138000
32.99999821	0.00000000	-81.32996000	-64.24089000
33.19999820	0.00000000	-74.35408000	-75.02460000
33.39999819	0.00000000	-71.65969000	-78.54945000
33.59999818	0.00000000	-73.93578000	-73.90501000
33.79999816	0.00000000	-80.03198000	-62.70300000
33.99999815	0.00000000	-88.17052000	-46.85654000
34.19999814	0.00000000	-96.27214000	-29.90280000
34.39999813	0.00000000	-102.82970000	-15.96334000
34.59999812	0.00000000	-105.90550000	-7.41264700
34.79999810	0.00000000	-104.83510000	-5.88090500
34.99999809	0.00000000	-100.64590000	-11.68799000
35.19999808	0.00000000	-94.82652000	-23.62820000
35.39999807	0.00000000	-88.68110000	-38.96407000
35.59999806	0.00000000	-83.70448000	-53.27264000
35.79999805	0.00000000	-81.74828000	-63.36122000
35.99999803	0.00000000	-82.81864000	-67.99950000
36.19999802	0.00000000	-85.93749000	-65.63730000
36.39999801	0.00000000	-90.54502000	-56.89591000
36.59999800	0.00000000	-95.52164000	-44.62967000
36.79999799	0.00000000	-99.01575000	-32.68332000
36.99999797	0.00000000	-100.55360000	-23.76353000
37.19999796	0.00000000	-99.76008000	-19.53740000
37.39999795	0.00000000	-96.31520000	-21.02608000
37.59999794	0.00000000	-91.70767000	-27.52830000
37.79999793	0.00000000	-87.10014000	-36.73105000
37.99999791	0.00000000	-83.61835000	-46.35211000
38.19999790	0.00000000	-82.44955000	-53.60482000
38.39999789	0.00000000	-83.19389000	-56.29921000
38.59999788	0.00000000	-85.89443000	-53.60482000
38.79999787	0.00000000	-89.75147000	-46.35211000
38.99999786	0.00000000	-93.66387000	-36.82332000
39.19999784	0.00000000	-97.57012000	-28.41412000
39.39999783	0.00000000	-100.59670000	-23.80659000
39.59999782	0.00000000	-101.75930000	-24.18184000
39.79999781	0.00000000	-100.59670000	-29.57062000
39.99999780	0.00000000	-97.57012000	-38.36122000
40.19999778	0.00000000	-93.66387000	-47.97613000
40.39999777	0.00000000	-89.79453000	-55.60408000
40.59999776	0.00000000	-86.22047000	-59.07972000
40.79999775	0.00000000	-83.56299000	-57.13583000
40.99999774	0.00000000	-82.03740000	-50.67052000
41.19999772	0.00000000	-82.81864000	-41.42470000
41.39999771	0.00000000	-85.47613000	-32.17888000
41.59999770	0.00000000	-88.92101000	-24.88312000
41.79999769	0.00000000	-92.49507000	-21.44439000
41.99999768	0.00000000	-95.62007000	-23.34522000
42.19999767	0.00000000	-98.68356000	-29.43528000
42.39999765	-0.15871060	-100.17840000	-37.89370000
42.59999764	0.00000000	-99.52632000	-46.39517000
42.79999763	0.00000000	-97.98843000	-52.95275000
42.99999762	0.00000000	-95.98302000	-56.38533000
43.19999761	0.00000000	-93.28863000	-55.27190000
43.39999759	0.00000000	-90.59423000	-50.39370000
43.59999758	0.00000000	-88.68110000	-44.25443000
43.79999757	0.00000000	-87.85063000	-38.40428000
43.99999756	0.00000000	-88.21358000	-33.71063000
44.19999755	0.00000000	-88.92101000	-30.64099000
44.39999753	0.00000000	-89.70841000	-29.90280000
44.59999752	0.00000000	-90.08366000	-32.17273000
44.79999751	0.00000000	-90.12672000	-36.31274000
44.99999750	0.00000000	-90.16978000	-40.58809000
45.19999749	0.00000000	-90.59423000	-44.07603000
45.39999748	0.00000000	-91.79995000	-46.39517000
45.59999746	0.00000000	-93.75615000	-46.81348000
45.79999745	0.00000000	-96.49360000	-45.70005000
45.99999744	0.00000000	-99.52632000	-43.79306000
46.19999743	0.00000000	-101.80240000	-41.43085000
46.39999742	0.00000000	-102.13460000	-39.09941000
46.59999740	0.00000000	-100.17840000	-36.78026000
46.79999739	0.00000000	-95.89690000	-35.29158000
46.99999738	0.00000000	-90.08366000	-35.24852000
47.19999737	0.00000000	-83.89517000	-36.40502000
47.39999736	0.00000000	-78.54330000	-38.31200000
47.59999734	0.00000000	-75.89198000	-40.63730000
47.79999733	0.00000000	-77.05462000	-42.58735000
47.99999732	0.00000000	-81.70521000	-44.11909000
48.19999731	0.00000000	-89.05634000	-44.86343000
48.39999730	0.00000000	-97.57012000	-44.07603000
48.59999729	0.00000000	-105.29650000	-42.16904000
48.79999727	0.00000000	-110.64840000	-39.42544000
48.99999726	0.00000000	-111.71870000	-36.36196000
49.19999725	0.00000000	-107.52950000	-33.71063000
49.39999724	0.00000000	-99.43405000	-32.50492000
49.59999723	0.00000000	-89.79453000	-32.91707000
49.79999721	0.00000000	-80.49950000	-34.46112000
49.99999720	0.00000000	-74.02805000	-37.61073000
50.19999719	0.00000000	-72.07800000	-41.43085000
50.39999718	0.00000000	-75.51672000	-45.28174000
50.59999717	0.00000000	-82.81864000	-47.93307000
50.79999715	0.00000000	-92.08292000	-48.35138000
50.99999714	0.00000000	-101.34100000	-46.81348000
51.19999713	0.00000000	-107.86170000	-43.74385000
51.39999712	0.00000000	-110.18080000	-39.84990000
51.59999711	0.00000000	-107.48650000	-35.98671000
51.79999710	0.00000000	-100.59670000	-32.50492000
51.99999708	0.00000000	-91.75688000	-30.64099000
52.19999707	0.00000000	-83.32922000	-31.01624000
52.39999706	0.00000000	-77.93430000	-33.66756000
52.59999705	0.00000000	-77.09768000	-37.51845000
52.79999704	0.00000000	-80.12425000	-41.38164000
52.99999702	0.00000000	-85.93749000	-44.86343000
53.19999701	0.00000000	-93.24557000	-46.77042000
53.39999700	0.00000000	-100.13530000	-46.81348000
53.59999699	0.00000000	-104.36760000	-45.28174000
53.79999698	0.00000000	-104.74290000	-42.58735000
53.99999696	0.00000000	-101.34100000	-39.51771000
54.19999695	0.00000000	-95.20176000	-36.86639000
54.39999694	0.00000000	-88.68110000	-35.70989000
54.59999693	0.00000000	-83.28617000	-36.40502000
54.79999692	0.00000000	-80.59178000	-37.89370000
54.99999691	0.00000000	-81.32996000	-39.47465000
55.19999689	0.00000000	-84.77485000	-40.96333000
55.39999688	0.00000000	-90.16978000	-41.75073000
55.59999687	0.00000000	-95.93995000	-41.38164000
55.79999686	0.00000000	-100.55360000	-40.58809000
55.99999685	0.00000000	-102.82970000	-39.05635000
56.19999683	0.00000000	-101.71630000	-37.24163000
56.39999682	0.00000000	-97.89616000	-36.86639000
56.59999681	0.00000000	-92.91338000	-38.02903000
56.79999680	0.00000000	-87.89370000	-40.35433000
56.99999679	0.00000000	-84.44881000	-43.79306000
57.19999677	0.00000000	-83.24310000	-46.81348000
57.39999676	0.00000000	-84.39960000	-48.39444000
57.59999675	0.00000000	-87.43233000	-48.35138000
57.79999674	0.00000000	-91.28937000	-46.35211000
57.99999673	0.00000000	-94.77731000	-42.11983000
58.19999672	0.00000000	-97.47784000	-36.78026000
58.39999670	0.00000000	-98.64050000	-32.17273000
58.59999669	0.00000000	-97.89616000	-29.48450000
58.79999668	0.00000000	-95.98302000	-29.48450000
58.99999667	0.00000000	-93.28863000	-32.22195000
59.19999666	0.00000000	-90.59423000	-37.24163000
59.39999664	0.00000000	-88.68110000	-43.79306000
59.59999663	0.00000000	-87.89370000	-49.88312000
59.79999662	0.00000000	-88.63803000	-53.74015000
59.99999661	0.00000000	-90.12672000	-54.10925000
60.19999660	0.00000000	-91.70767000	-51.04576000
60.39999658	0.00000000	-93.24557000	-45.23868000
60.59999657	0.00000000	-94.35899000	-37.94291000
60.79999656	0.00000000	-94.35899000	-31.01624000
60.99999655	0.00000000	-93.28863000	-26.37180000
61.19999654	0.00000000	-92.12598000	-24.84006000
61.39999653	0.00000000	-91.33242000	-26.83317000
61.59999651	0.00000000	-90.54502000	-32.59719000
61.79999650	0.00000000	-90.21899000	-40.63730000
61.99999649	0.00000000	-90.59423000	-48.30832000
62.19999648	0.00000000	-91.75073000	-53.74015000
62.39999647	0.00000000	-93.24557000	-55.69020000
62.59999645	0.00000000	-94.40206000	-54.15846000
62.79999644	0.00000000	-94.77731000	-49.50787000
62.99999643	0.00000000	-94.40206000	-42.54429000
63.19999642	0.00000000	-93.24557000	-34.87328000
63.39999641	0.00000000	-91.70767000	-28.32185000
63.59999639	0.00000000	-90.16978000	-24.83391000
63.79999638	0.00000000	-89.05634000	-24.79084000
63.99999637	0.00000000	-89.01328000	-27.90354000
64.19999636	0.00000000	-89.75147000	-33.66756000
64.39999635	0.00000000	-90.54502000	-40.58809000
64.59999634	0.00000000	-91.75073000	-46.77042000
64.79999632	0.00000000	-93.24557000	-51.03962000
64.99999631	0.00000000	-94.35899000	-52.62057000
65.19999630	0.00000000	-94.40206000	-51.50713000
65.39999629	0.00000000	-93.66387000	-48.43750000
65.59999628	0.00000000	-92.87032000	-44.16830000
65.79999626	0.00000000	-91.70767000	-39.51771000
65.99999625	0.00000000	-90.59423000	-35.24852000
66.19999624	0.00000000	-90.21899000	-32.12967000
66.39999623	0.00000000	-90.59423000	-30.55487000
66.59999622	0.00000000	-91.75073000	-30.51181000
66.79999620	0.00000000	-93.24557000	-31.66830000
66.99999619	0.00000000	-94.35899000	-33.61835000
67.19999618	0.00000000	-94.35899000	-36.40502000
67.39999617	0.00000000	-93.24557000	-39.84990000
67.59999616	0.00000000	-91.66460000	-43.37475000
67.79999615	0.00000000	-89.75147000	-46.11835000
67.99999613	0.00000000	-87.85063000	-48.43750000
68.19999612	0.00000000	-87.10014000	-49.55708000
68.39999611	0.00000000	-87.47539000	-48.81274000
68.59999610	0.00000000	-89.09940000	-46.85654000
68.79999609	0.00000000	-92.17519000	-43.65773000
68.99999607	0.00000000	-96.03223000	-39.05635000
69.19999606	0.00000000	-99.47710000	-34.04282000
69.39999605	0.00000000	-101.75930000	-30.22268000
69.59999604	0.00000000	-101.71630000	-28.23573000
69.79999603	0.00000000	-99.01575000	-28.69094000
69.99999601	0.00000000	-94.40206000	-31.34842000
70.19999600	0.00000000	-89.01328000	-36.02977000
70.39999599	0.00000000	-84.35654000	-41.42470000
70.59999598	0.00000000	-81.23769000	-46.85654000
70.79999597	0.00000000	-80.16732000	-51.03962000
70.99999596	0.00000000	-82.08046000	-52.57751000
71.19999594	0.00000000	-86.68184000	-51.08883000
71.39999593	0.00000000	-92.08292000	-47.23179000
71.59999592	0.00000000	-97.57012000	-42.25517000
71.79999591	0.00000000	-102.17770000	-37.19857000
71.99999590	0.00000000	-104.87820000	-33.33538000
72.19999588	0.00000000	-104.83510000	-31.01624000
72.39999587	0.00000000	-101.75930000	-31.01624000
72.59999586	0.00000000	-96.36441000	-33.29232000
72.79999585	0.00000000	-90.21899000	-36.73105000
72.99999584	0.00000000	-84.77485000	-40.54502000
73.19999582	0.00000000	-81.28690000	-43.23941000
73.39999581	0.00000000	-80.16732000	-44.11909000
73.59999580	0.00000000	-82.08046000	-44.11909000
73.79999579	0.00000000	-86.63262000	-43.37475000
73.99999578	0.00000000	-91.66460000	-41.84916000
74.19999577	0.00000000	-96.31520000	-40.72342000
74.39999575	0.00000000	-99.80315000	-39.94217000
74.59999574	0.00000000	-101.02120000	-39.98523000
74.79999573	0.00000000	-100.64590000	-41.09867000
74.99999572	0.00000000	-98.68356000	-42.58735000
75.19999571	0.00000000	-95.24483000	-43.70079000
75.39999569	0.00000000	-91.75073000	-43.65773000
75.59999568	0.00000000	-88.68110000	-42.11983000
75.79999567	0.00000000	-86.78026000	-39.42544000
75.99999566	0.00000000	-87.10014000	-36.40502000
76.19999565	0.00000000	-88.54576000	-34.08588000
76.39999563	0.00000000	-90.12672000	-33.33538000
76.59999562	0.00000000	-91.66460000	-34.12894000
76.79999561	0.00000000	-92.82111000	-36.86639000
76.99999560	0.00000000	-93.24557000	-41.05561000
77.19999559	0.00000000	-93.24557000	-45.32480000
77.39999558	0.00000000	-92.91338000	-48.76968000
77.59999556	0.00000000	-92.54428000	-50.67052000
77.79999555	0.00000000	-92.91338000	-49.88312000
77.99999554	0.00000000	-93.28863000	-46.81348000
78.19999553	0.00000000	-93.70693000	-42.16289000
78.39999552	0.00000000	-94.45127000	-36.78026000
78.59999550	0.00000000	-94.77731000	-32.17273000
78.79999549	0.00000000	-94.40206000	-29.43528000
78.99999548	0.00000000	-93.19635000	-29.06619000
79.19999547	0.00000000	-91.28937000	-30.97318000
79.39999546	0.00000000	-89.01328000	-34.83022000
79.59999544	0.00000000	-87.47539000	-39.43159000
79.79999543	0.00000000	-87.05708000	-43.70079000
79.99999542	0.00000000	-87.47539000	-46.81348000
80.19999541	0.00000000	-89.05634000	-48.39444000
80.39999540	0.00000000	-91.75073000	-48.39444000
80.59999539	0.00000000	-94.82652000	-46.85654000
80.79999537	0.00000000	-97.47784000	-44.11909000
80.99999536	0.00000000	-98.59129000	-40.68036000
81.19999535	0.00000000	-97.52091000	-37.19857000
81.39999534	0.00000000	-95.24483000	-34.82406000
81.59999533	0.00000000	-92.87032000	-33.24926000
81.79999531	0.00000000	-90.12672000	-32.46186000
81.99999530	0.00000000	-87.51845000	-32.87401000
82.19999529	0.00000000	-86.35580000	-33.99360000
82.39999528	0.00000000	-87.10014000	-35.98671000
82.59999527	0.00000000	-88.96407000	-38.31200000
82.79999525	0.00000000	-91.28937000	-41.05561000
82.99999524	0.00000000	-93.24557000	-43.75000000
83.19999523	0.00000000	-94.77731000	-45.70005000
83.39999522	0.00000000	-95.56471000	-46.85654000
83.59999521	0.00000000	-95.20176000	-46.81348000
83.79999520	0.00000000	-94.45127000	-45.28174000
83.99999518	-0.15871060	-93.28863000	-42.54429000
84.19999517	0.00000000	-92.12598000	-39.05635000
84.39999516	0.00000000	-91.33242000	-35.19931000
84.59999515	0.00000000	-90.59423000	-32.12967000
84.79999514	0.00000000	-90.59423000	-30.59793000
84.99999512	0.00000000	-91.28937000	-30.97318000
85.19999511	0.00000000	-91.66460000	-33.33538000
85.39999510	0.00000000	-91.70767000	-37.14936000
85.59999509	0.00000000	-91.70767000	-41.79380000
85.79999508	0.00000000	-91.70767000	-45.65698000
85.99999506	0.00000000	-91.70767000	-48.39444000
86.19999505	0.00000000	-91.75073000	-49.50787000
86.39999504	0.00000000	-92.17519000	-48.35138000
86.59999503	0.00000000	-93.28863000	-45.28174000
86.79999502	0.00000000	-94.40206000	-41.00639000
86.99999501	0.00000000	-94.82652000	-36.40502000
87.19999499	0.00000000	-94.82652000	-32.59719000
87.39999498	0.00000000	-94.40206000	-31.05930000
87.59999497	0.00000000	-93.24557000	-32.17888000
87.79999496	0.00000000	-91.75073000	-35.24852000
87.99999495	0.00000000	-90.54502000	-39.47465000
88.19999493	0.00000000	-89.79453000	-43.74385000
88.39999492	0.00000000	-89.38238000	-47.18872000
88.59999491	0.00000000	-89.84374000	-49.13262000
88.79999490	0.00000000	-90.96333000	-48.72047000
88.99999489	0.00000000	-92.87032000	-46.39517000
89.19999487	0.00000000	-94.35899000	-42.16289000
89.39999486	0.00000000	-94.82652000	-37.19857000
89.59999485	0.00000000	-94.82652000	-33.37844000
89.79999484	0.00000000	-94.40206000	-31.43455000
89.99999483	0.00000000	-93.28863000	-32.22195000
90.19999482	0.00000000	-92.17519000	-35.24852000
90.39999480	0.00000000	-91.75073000	-39.51771000
90.59999479	0.00000000	-91.70767000	-44.11909000
90.79999478	0.00000000	-91.70767000	-47.97613000
90.99999477	0.00000000	-91.70767000	-49.84006000
91.19999476	0.00000000	-91.70767000	-49.08956000
91.39999474	0.00000000	-91.75073000	-45.65698000
91.59999473	0.00000000	-92.08292000	-41.05561000
91.79999472	0.00000000	-92.45201000	-36.40502000
91.99999471	0.00000000	-92.08292000	-32.59719000
92.19999470	0.00000000	-91.75073000	-31.05930000
92.39999468	0.00000000	-91.75073000	-32.17888000
92.59999467	0.00000000	-92.12598000	-35.29158000
92.79999466	0.00000000	-92.91338000	-39.89296000
92.99999465	0.00000000	-93.70693000	-44.86343000
93.19999464	0.00000000	-94.86958000	-48.30832000
93.39999463	0.00000000	-95.93995000	-49.46481000
93.59999461	0.00000000	-95.93995000	-47.93307000
93.79999460	0.00000000	-94.77731000	-44.11909000
93.99999459	0.00000000	-92.87032000	-39.51771000
94.19999458	0.00000000	-90.54502000	-35.29158000
94.39999457	0.00000000	-88.63803000	-32.59719000
94.59999455	0.00000000	-87.43233000	-32.17273000
94.79999454	0.00000000	-87.05708000	-33.71063000
94.99999453	0.00000000	-87.51845000	-36.82332000
95.19999452	0.00000000	-89.47465000	-41.00639000
95.39999451	0.00000000	-92.91338000	-44.82037000
95.59999449	0.00000000	-96.35826000	-46.72736000
95.79999448	0.00000000	-99.05880000	-46.39517000
95.99999447	0.00000000	-100.22150000	-44.11909000
96.19999446	0.00000000	-99.47710000	-41.05561000
96.39999445	0.00000000	-97.52091000	-37.94291000
96.59999444	0.00000000	-94.35899000	-35.24852000
96.79999442	0.00000000	-90.16978000	-33.75369000
96.99999441	0.00000000	-86.31274000	-34.08588000
97.19999440	0.00000000	-83.98129000	-35.93750000
97.39999439	0.00000000	-83.19389000	-37.89370000
97.59999438	0.00000000	-84.39960000	-39.89296000
97.79999436	0.00000000	-87.43233000	-42.11983000
97.99999435	0.00000000	-91.33242000	-43.28247000
98.19999434	0.00000000	-95.20176000	-42.96260000
98.39999433	0.00000000	-98.68356000	-42.21210000
98.59999432	0.00000000	-100.59670000	-41.05561000
98.79999430	0.00000000	-100.64590000	-39.89296000
98.99999429	0.00000000	-99.05880000	-39.09941000
99.19999428	0.00000000	-95.98302000	-38.31200000
99.39999427	0.00000000	-92.12598000	-37.93676000
99.59999426	0.00000000	-88.63803000	-37.89370000
99.79999425	0.00000000	-85.89443000	-37.89370000
99.99999423	0.00000000	-84.35654000	-37.89370000
100.19999422	0.00000000	-84.35654000	-37.89370000
100.39999421	0.00000000	-85.89443000	-37.89370000
100.59999420	0.00000000	-88.58882000	-37.93676000
100.79999419	0.00000000	-91.70767000	-38.40428000
100.99999417	0.00000000	-94.82652000	-39.93602000
101.19999416	0.00000000	-97.52091000	-42.16904000
101.39999415	0.00000000	-99.05880000	-43.70079000
101.59999414	0.00000000	-99.05880000	-44.11909000
101.79999413	0.00000000	-97.56396000	-43.74385000
101.99999411	0.00000000	-95.24483000	-42.54429000
102.19999410	0.00000000	-92.91338000	-40.63730000
102.39999409	0.00000000	-90.59423000	-38.31200000
102.59999408	0.00000000	-89.01328000	-36.36196000
102.79999407	0.00000000	-88.21358000	-34.82406000
102.99999406	0.00000000	-87.85063000	-34.12894000
103.19999404	0.00000000	-88.63803000	-35.29158000
103.39999403	0.00000000	-90.16978000	-37.94291000
103.59999402	0.00000000	-92.12598000	-41.00639000
103.79999401	0.00000000	-94.40206000	-43.75000000
103.99999400	0.00000000	-95.93995000	-45.65698000
104.19999398	0.00000000	-96.35826000	-46.43824000
104.39999397	0.00000000	-96.03223000	-45.65698000
104.59999396	0.00000000	-95.20176000	-43.75000000
104.79999395	0.00000000	-94.03297000	-41.05561000
104.99999394	0.00000000	-92.12598000	-38.36122000
105.19999392	0.00000000	-90.63730000	-36.40502000
105.39999391	0.00000000	-90.12672000	-35.24852000
105.59999390	0.00000000	-89.79453000	-35.29158000
105.79999389	0.00000000	-89.84990000	-36.82332000
105.99999388	0.00000000	-91.33242000	-39.47465000
106.19999387	0.00000000	-92.82111000	-42.16904000
106.39999385	0.00000000	-93.66387000	-44.07603000
106.59999384	0.00000000	-94.40206000	-44.86343000
106.79999383	0.00000000	-94.40206000	-44.07603000
106.99999382	0.00000000	-93.66387000	-42.21210000
107.19999381	0.00000000	-92.87032000	-39.93602000
107.39999379	0.00000000	-91.70767000	-38.36122000
107.59999378	0.00000000	-90.63730000	-37.56152000
107.79999377	0.00000000	-90.59423000	-37.19857000
107.99999376	0.00000000	-91.33242000	-37.98597000
108.19999375	0.00000000	-92.12598000	-39.47465000
108.39999374	0.00000000	-93.28863000	-41.00639000
108.59999372	0.00000000	-94.40206000	-42.16904000
108.79999371	0.00000000	-94.77731000	-42.58735000
108.99999370	0.00000000	-94.45127000	-42.53814000
109.19999369	0.00000000	-93.66387000	-41.75073000
109.39999368	0.00000000	-92.87032000	-39.84990000
109.59999366	0.00000000	-91.70767000	-37.98597000
109.79999365	0.00000000	-90.59423000	-36.78026000
109.99999364	0.00000000	-90.16978000	-36.40502000
110.19999363	0.00000000	-90.16978000	-36.78026000
110.39999362	0.00000000	-90.59423000	-37.89370000
110.59999360	0.00000000	-91.70767000	-39.09941000
110.79999359	0.00000000	-92.82111000	-40.26821000
110.99999358	0.00000000	-93.28863000	-41.79380000
111.19999357	0.00000000	-93.66387000	-42.53814000
111.39999356	0.00000000	-94.03297000	-42.58735000
111.59999355	0.00000000	-93.66387000	-42.16904000
111.79999353	0.00000000	-93.28863000	-41.05561000
111.99999352	0.00000000	-92.87032000	-39.89296000
112.19999351	0.00000000	-92.12598000	-39.09941000
112.39999350	0.00000000	-91.75073000	-38.31200000
112.59999349	0.00000000	-91.70767000	-37.93676000
112.79999347	0.00000000	-91.70767000	-37.89370000
112.99999346	0.00000000	-91.75073000	-37.93676000
113.19999345	0.00000000	-92.08292000	-38.31200000
113.39999344	0.00000000	-92.45201000	-39.05635000
113.59999343	0.00000000	-92.12598000	-39.47465000
113.79999341	0.00000000	-92.17519000	-39.89296000
113.99999340	0.00000000	-92.82111000	-40.63730000
114.19999339	0.00000000	-92.82111000	-41.01255000
114.39999338	0.00000000	-92.12598000	-41.05561000
114.59999337	0.00000000	-91.75073000	-41.05561000
114.79999336	0.00000000	-91.70767000	-41.05561000
114.99999334	0.00000000	-91.70767000	-41.05561000
115.19999333	0.00000000	-91.70767000	-41.01255000
115.39999332	0.00000000	-91.70767000	-40.63730000
115.59999331	0.00000000	-91.70767000	-39.84990000
115.79999330	0.00000000	-91.70767000	-39.09941000
115.99999328	0.00000000	-91.75073000	-38.31200000
116.19999327	0.00000000	-92.12598000	-37.93676000
116.39999326	0.00000000	-92.87032000	-37.89370000
116.59999325	0.00000000	-93.24557000	-37.93676000
116.79999324	0.00000000	-93.28863000	-38.36122000
116.99999322	0.00000000	-93.24557000	-39.47465000
117.19999321	0.00000000	-92.87032000	-40.63730000
117.39999320	0.00000000	-92.08292000	-41.43085000
117.59999319	0.00000000	-91.33242000	-42.21210000
117.79999318	0.00000000	-90.54502000	-42.53814000
117.99999317	0.00000000	-90.21899000	-42.21210000
118.19999315	0.00000000	-90.59423000	-41.47392000
118.39999314	0.00000000	-91.70767000	-41.05561000
118.59999313	0.00000000	-92.87032000	-40.58809000
118.79999312	0.00000000	-93.66387000	-39.47465000
118.99999311	0.00000000	-94.45127000	-38.36122000
119.19999309	0.00000000	-94.82652000	-37.93676000
119.39999308	0.00000000	-94.82652000	-37.93676000
119.59999307	0.00000000	-94.40206000	-38.31200000
119.79999306	0.00000000	-93.28863000	-39.09941000
119.99999305	0.00000000	-92.12598000	-39.84990000
120.19999303	0.00000000	-91.33242000	-40.63730000
120.39999302	0.00000000	-90.54502000	-41.01255000
120.59999301	0.00000000	-90.16978000	-41.05561000
120.79999300	0.00000000	-90.16978000	-41.05561000
120.99999299	0.00000000	-90.59423000	-41.05561000
121.19999298	0.00000000	-91.75073000	-41.05561000
121.39999296	0.00000000	-93.24557000	-41.05561000
121.59999295	0.00000000	-94.40206000	-41.01255000
121.79999294	0.00000000	-94.82652000	-40.63730000
121.99999293	0.00000000	-94.86958000	-39.89296000
122.19999292	0.00000000	-94.82652000	-39.51771000
122.39999290	0.00000000	-94.40206000	-39.47465000
122.59999289	0.00000000	-93.28863000	-39.47465000
122.79999288	0.00000000	-92.12598000	-39.47465000
122.99999287	0.00000000	-91.33242000	-39.47465000
123.19999286	0.00000000	-90.54502000	-39.47465000
123.39999284	0.00000000	-90.16978000	-39.51771000
123.59999283	0.00000000	-90.16978000	-39.89296000
123.79999282	0.00000000	-90.54502000	-40.63730000
123.99999281	-0.15871060	-91.33242000	-41.01255000
124.19999280	0.00000000	-92.08292000	-41.05561000
124.39999279	0.00000000	-92.91338000	-41.05561000
124.59999277	0.00000000	-93.66387000	-41.01255000
124.79999276	0.00000000	-94.45127000	-40.63730000
124.99999275	0.00000000	-94.82652000	-39.89296000
125.19999274	0.00000000	-94.82652000	-39.51771000
125.39999273	0.00000000	-94.45127000	-39.43159000
125.59999271	0.00000000	-93.66387000	-39.05635000
125.79999270	0.00000000	-92.87032000	-38.31200000
125.99999269	0.00000000	-91.70767000	-37.93676000
126.19999268	0.00000000	-90.59423000	-37.93676000
126.39999267	0.00000000	-90.16978000	-38.31200000
126.59999265	0.00000000	-90.16978000	-39.05635000
126.79999264	0.00000000	-90.59423000	-39.47465000
126.99999263	0.00000000	-91.70767000	-39.89296000
127.19999262	0.00000000	-92.87032000	-40.63730000
127.39999261	0.00000000	-93.66387000	-41.01255000
127.59999260	0.00000000	-94.45127000	-41.01255000
127.79999258	0.00000000	-94.77731000	-40.63730000
127.99999257	0.00000000	-94.45127000	-39.89296000
128.19999256	0.00000000	-93.66387000	-39.51771000
128.39999255	0.00000000	-92.87032000	-39.43159000
128.59999254	0.00000000	-91.70767000	-39.09941000
128.79999252	0.00000000	-90.59423000	-38.73031000
128.99999251	0.00000000	-90.16978000	-39.09941000
129.19999250	0.00000000	-90.16978000	-39.43159000
129.39999249	0.00000000	-90.59423000	-39.51771000
129.59999248	0.00000000	-91.75073000	-39.89296000
129.79999246	0.00000000	-93.24557000	-40.58809000
129.99999245	0.00000000	-94.40206000	-40.58809000
130.19999244	0.00000000	-94.77731000	-39.89296000
130.39999243	0.00000000	-94.40206000	-39.51771000
130.59999242	0.00000000	-93.28863000	-39.47465000
130.79999241	0.00000000	-92.17519000	-39.47465000
130.99999239	0.00000000	-91.70767000	-39.47465000
131.19999238	0.00000000	-91.28937000	-39.47465000
131.39999237	0.00000000	-90.59423000	-39.51771000
131.59999236	0.00000000	-90.59423000	-39.89296000
131.79999235	0.00000000	-91.28937000	-40.63730000
131.99999233	0.00000000	-91.70767000	-41.01255000
132.19999232	0.00000000	-92.12598000	-41.05561000
132.39999231	0.00000000	-92.87032000	-41.05561000
132.59999230	0.00000000	-93.24557000	-41.01255000
132.79999229	0.00000000	-93.28863000	-40.63730000
132.99999227	0.00000000	-93.28863000	-39.89296000
133.19999226	0.00000000	-93.28863000	-39.51771000
133.39999225	0.00000000	-93.28863000	-39.47465000
133.59999224	0.00000000	-93.24557000	-39.47465000
133.79999223	0.00000000	-92.91338000	-39.47465000
133.99999222	0.00000000	-92.54428000	-39.51771000
134.19999220	0.00000000	-92.91338000	-39.89296000
134.39999219	0.00000000	-93.24557000	-40.68036000
134.59999218	0.00000000	-93.24557000	-41.43085000
134.79999217	0.00000000	-92.87032000	-42.21210000
134.99999216	0.00000000	-92.12598000	-42.53814000
135.19999214	0.00000000	-91.75073000	-42.21210000
135.39999213	0.00000000	-91.75073000	-41.47392000
135.59999212	0.00000000	-92.12598000	-41.05561000
135.79999211	0.00000000	-92.91338000	-40.63730000
135.99999210	0.00000000	-93.66387000	-39.84990000
136.19999208	0.00000000	-94.45127000	-39.14247000
136.39999207	0.00000000	-94.82652000	-38.73031000
136.59999206	0.00000000	-94.82652000	-39.09941000
136.79999205	0.00000000	-94.40206000	-39.47465000
136.99999204	0.00000000	-93.28863000	-39.89296000
137.19999203	0.00000000	-92.12598000	-40.63730000
137.39999201	0.00000000	-91.33242000	-41.01255000
137.59999200	0.00000000	-90.63730000	-41.09867000
137.79999199	0.00000000	-90.92027000	-41.43085000
137.99999198	0.00000000	-91.70152000	-41.79380000
138.19999197	0.00000000	-91.71383000	-41.43085000
138.39999195	0.00000000	-92.53813000	-41.05561000
138.59999194	0.00000000	-93.24557000	-40.63730000
138.79999193	0.00000000	-93.66387000	-39.89296000
138.99999192	0.00000000	-94.03297000	-39.51771000
139.19999191	0.00000000	-93.66387000	-39.43159000
139.39999189	0.00000000	-93.28863000	-39.09941000
139.59999188	0.00000000	-92.87032000	-38.73031000
139.79999187	0.00000000	-92.12598000	-39.09941000
139.99999186	0.00000000	-91.75073000	-39.47465000
140.19999185	0.00000000	-91.70767000	-39.89296000
140.39999184	0.00000000	-91.75073000	-40.63730000
140.59999182	0.00000000	-92.12598000	-41.01255000
140.79999181	0.00000000	-92.87032000	-41.05561000
140.99999180	0.00000000	-93.24557000	-41.05561000
141.19999179	0.00000000	-93.28863000	-41.01255000
141.39999178	0.00000000	-93.28863000	-40.63730000
141.59999176	0.00000000	-93.24557000	-39.84990000
141.79999175	0.00000000	-92.87032000	-39.09941000
141.99999174	0.00000000	-92.12598000	-38.31200000
142.19999173	0.00000000	-91.75073000	-37.93676000
142.39999172	0.00000000	-91.70767000	-37.89370000
142.59999170	0.00000000	-91.70767000	-37.93676000
142.79999169	0.00000000	-91.75073000	-38.36122000
142.99999168	0.00000000	-92.12598000	-39.47465000
143.19999167	0.00000000	-92.87032000	-40.58809000
143.39999166	0.00000000	-93.24557000	-41.01255000
143.59999165	0.00000000	-93.24557000	-41.05561000
143.79999163	0.00000000	-92.87032000	-41.01255000
143.99999162	0.00000000	-92.12598000	-40.58809000
144.19999161	0.00000000	-91.75073000	-39.47465000
144.39999160	0.00000000	-91.70767000	-38.36122000
144.59999159	0.00000000	-91.70767000	-37.93676000
144.79999157	0.00000000	-91.70767000	-37.89370000
144.99999156	0.00000000	-91.70767000	-37.89370000
145.19999155	0.00000000	-91.75073000	-37.93676000
145.39999154	0.00000000	-92.12598000	-38.31200000
145.59999153	0.00000000	-92.87032000	-39.09941000
145.79999151	0.00000000	-93.24557000	-39.84990000
145.99999150	0.00000000	-93.24557000	-40.63730000
146.19999149	0.00000000	-92.87032000	-41.01255000
146.39999148	0.00000000	-92.08292000	-41.01255000
146.59999147	0.00000000	-91.37549000	-40.63730000
146.79999146	0.00000000	-90.96333000	-39.89296000
146.99999144	0.00000000	-91.33242000	-39.51771000
147.19999143	0.00000000	-91.70767000	-39.47465000
147.39999142	0.00000000	-92.08292000	-39.47465000
147.59999141	0.00000000	-92.49507000	-39.47465000
147.79999140	0.00000000	-92.50123000	-39.47465000
147.99999138	0.00000000	-92.91338000	-39.47465000
148.19999137	0.00000000	-93.24557000	-39.51771000
148.39999136	0.00000000	-93.28863000	-39.89296000
148.59999135	0.00000000	-93.28863000	-40.63730000
148.79999134	0.00000000	-93.28863000	-41.01255000
148.99999132	0.00000000	-93.24557000	-41.05561000
149.19999131	0.00000000	-92.87032000	-41.05561000
149.39999130	0.00000000	-92.12598000	-41.05561000
149.59999129	0.00000000	-91.75073000	-41.05561000
149.79999128	0.00000000	-91.70767000	-41.01255000
149.99999127	0.00000000	-91.70767000	-40.63730000
150.19999125	0.00000000	-91.75073000	-39.89296000
150.39999124	0.00000000	-92.12598000	-39.51771000
150.59999123	0.00000000	-92.87032000	-39.47465000
150.79999122	0.00000000	-93.24557000	-39.51771000
150.99999121	0.00000000	-93.28863000	-39.89296000
151.19999119	0.00000000	-93.28863000	-40.63730000
151.39999118	0.00000000	-93.28863000	-41.01255000
151.59999117	0.00000000	-93.28863000	-41.05561000
151.79999116	0.00000000	-93.24557000	-41.05561000
151.99999115	0.00000000	-92.87032000	-41.05561000
152.19999113	0.00000000	-92.12598000	-41.05561000
152.39999112	0.00000000	-91.75073000	-41.05561000
152.59999111	0.00000000	-91.70767000	-41.01255000
152.79999110	0.00000000	-91.70767000	-40.63730000
152.99999109	0.00000000	-91.75073000	-39.89296000
153.19999108	0.00000000	-92.12598000	-39.51771000
153.39999106	0.00000000	-92.87032000	-39.47465000
153.59999105	0.00000000	-93.24557000	-39.47465000
153.79999104	0.00000000	-93.28863000	-39.47465000
153.99999103	0.00000000	-93.28863000	-39.47465000
154.19999102	0.00000000	-93.28863000	-39.47465000
154.39999100	0.00000000	-93.28863000	-39.47465000
154.59999099	0.00000000	-93.24557000	-39.47465000
154.79999098	0.00000000	-92.87032000	-39.47465000
154.99999097	0.00000000	-92.12598000	-39.47465000
155.19999096	0.00000000	-91.75073000	-39.47465000
155.39999094	0.00000000	-91.70767000	-39.47465000
155.59999093	0.00000000	-91.70767000	-39.47465000
155.79999092	0.00000000	-91.70767000	-39.47465000
155.99999091	0.00000000	-91.75073000	-39.47465000
156.19999090	0.00000000	-92.12598000	-39.43159000
156.39999089	0.00000000	-92.87032000	-39.05635000
156.59999087	0.00000000	-93.24557000	-38.31200000
156.79999086	0.00000000	-93.28863000	-37.93676000
156.99999085	0.00000000	-93.28863000	-37.93676000
157.19999084	0.00000000	-93.28863000	-38.31200000
157.39999083	0.00000000	-93.24557000	-39.05635000
157.59999081	0.00000000	-92.87032000	-39.43159000
157.79999080	0.00000000	-92.12598000	-39.47465000
157.99999079	0.00000000	-91.75073000	-39.47465000
158.19999078	0.00000000	-91.70767000	-39.47465000
158.39999077	0.00000000	-91.70767000	-39.47465000
158.59999075	0.00000000	-91.70767000	-39.47465000
158.79999074	0.00000000	-91.70767000	-39.43159000
158.99999073	0.00000000	-91.75073000	-39.09941000
159.19999072	0.00000000	-92.12598000	-38.73031000
159.39999071	0.00000000	-92.82111000	-39.05635000
159.59999070	0.00000000	-92.87032000	-39.00713000
159.79999068	0.00000000	-92.54428000	-38.36122000
159.99999067	0.00000000	-92.91338000	-38.36122000
160.19999066	0.00000000	-93.24557000	-39.05635000
160.39999065	0.00000000	-93.28863000	-39.43159000
160.59999064	0.00000000	-93.24557000	-39.47465000
160.79999062	0.00000000	-92.91338000	-39.51771000
160.99999061	0.00000000	-92.50123000	-39.89296000
161.19999060	0.00000000	-92.49507000	-40.58809000
161.39999059	0.00000000	-92.08292000	-40.58809000
161.59999058	0.00000000	-91.75073000	-39.89296000
161.79999056	0.00000000	-91.70767000	-39.51771000
161.99999055	0.00000000	-91.70767000	-39.47465000
162.19999054	0.00000000	-91.70767000	-39.47465000
162.39999053	0.00000000	-91.75073000	-39.47465000
162.59999052	0.00000000	-92.12598000	-39.47465000
162.79999051	0.00000000	-92.87032000	-39.47465000
162.99999049	0.00000000	-93.24557000	-39.47465000
163.19999048	0.00000000	-93.28863000	-39.47465000
163.39999047	0.00000000	-93.28863000	-39.47465000
163.59999046	0.00000000	-93.28863000	-39.47465000
163.79999045	0.00000000	-93.28863000	-39.51771000
163.99999043	0.00000000	-93.28863000	-39.89296000
164.19999042	0.00000000	-93.24557000	-40.63730000
164.39999041	0.00000000	-92.87032000	-41.01255000
164.59999040	0.00000000	-92.12598000	-41.05561000
164.79999039	0.00000000	-91.75073000	-41.01255000
164.99999037	0.00000000	-91.70767000	-40.63730000
165.19999036	0.00000000	-91.75073000	-39.89296000
165.39999035	0.00000000	-92.12598000	-39.51771000
165.59999034	-0.15871060	-92.87032000	-39.47465000
165.79999033	0.00000000	-93.24557000	-39.47465000
165.99999032	0.00000000	-93.28863000	-39.47465000
166.19999030	0.00000000	-93.28863000	-39.47465000
166.39999029	0.00000000	-93.28863000	-39.51771000
166.59999028	0.00000000	-93.28863000	-39.89296000
166.79999027	0.00000000	-93.28863000	-40.58809000
166.99999026	0.00000000	-93.24557000	-40.58809000
167.19999024	0.00000000	-92.87032000	-39.94217000
167.39999023	0.00000000	-92.12598000	-39.94217000
167.59999022	0.00000000	-91.75073000	-40.63730000
167.79999021	0.00000000	-91.70767000	-40.96333000
167.99999020	0.00000000	-91.70767000	-40.63730000
168.19999018	0.00000000	-91.75073000	-39.89296000
168.39999017	0.00000000	-92.12598000	-39.51771000
168.59999016	0.00000000	-92.87032000	-39.47465000
168.79999015	0.00000000	-93.24557000	-39.47465000
168.99999014	0.00000000	-93.28863000	-39.47465000
169.19999013	0.00000000	-93.28863000	-39.47465000
169.39999011	0.00000000	-93.28863000	-39.47465000
169.59999010	0.00000000	-93.28863000	-39.47465000
169.79999009	0.00000000	-93.28863000	-39.47465000
169.99999008	0.00000000	-93.24557000	-39.47465000
170.19999007	0.00000000	-92.91338000	-39.47465000
170.39999005	0.00000000	-92.50123000	-39.47465000
170.59999004	0.00000000	-92.53813000	-39.47465000
170.79999003	0.00000000	-92.45816000	-39.47465000
170.99999002	0.00000000	-92.53813000	-39.47465000
171.19999001	0.00000000	-92.45816000	-39.47465000
171.39998999	0.00000000	-92.49507000	-39.47465000
171.59998998	0.00000000	-92.08292000	-39.47465000
171.79998997	0.00000000	-91.75073000	-39.47465000
171.99998996	0.00000000	-91.75073000	-39.47465000
172.19998995	0.00000000	-92.08292000	-39.47465000
172.39998994	0.00000000	-92.49507000	-39.47465000
172.59998992	0.00000000	-92.50123000	-39.47465000
172.79998991	0.00000000	-92.87032000	-39.47465000
172.99998990	0.00000000	-92.82111000	-39.47465000
173.19998989	0.00000000	-92.12598000	-39.47465000
173.39998988	0.00000000	-91.79995000	-39.47465000
173.59998986	0.00000000	-92.08292000	-39.47465000
173.79998985	0.00000000	-92.45201000	-39.47465000
173.99998984	0.00000000	-92.08292000	-39.47465000
174.19998983	0.00000000	-91.75073000	-39.47465000
174.39998982	0.00000000	-91.70767000	-39.47465000
174.59998980	0.00000000	-91.70767000	-39.47465000
174.79998979	0.00000000	-91.70767000	-39.47465000
174.99998978	0.00000000	-91.70767000	-39.47465000
175.19998977	0.00000000	-91.70767000	-39.47465000
175.39998976	0.00000000	-91.70767000	-39.47465000
175.59998975	0.00000000	-91.70767000	-39.47465000
175.79998973	0.00000000	-91.70767000	-39.47465000
175.99998972	0.00000000	-91.70767000	-39.47465000
176.19998971	0.00000000	-91.70767000	-39.47465000
176.39998970	0.00000000	-91.70767000	-39.47465000
176.59998969	0.00000000	-91.75073000	-39.47465000
176.79998967	0.00000000	-92.08292000	-39.47465000
176.99998966	0.00000000	-92.45201000	-39.47465000
177.19998965	0.00000000	-92.12598000	-39.51771000
177.39998964	0.00000000	-92.17519000	-39.84990000
177.59998963	0.00000000	-92.87032000	-40.21899000
177.79998961	0.00000000	-93.24557000	-39.84990000
177.99998960	0.00000000	-93.28863000	-39.51771000
178.19998959	0.00000000	-93.28863000	-39.47465000
178.39998958	0.00000000	-93.28863000	-39.47465000
178.59998957	0.00000000	-93.24557000	-39.47465000
178.79998956	0.00000000	-92.91338000	-39.47465000
178.99998954	0.00000000	-92.50123000	-39.47465000
179.19998953	0.00000000	-92.49507000	-39.47465000
179.39998952	0.00000000	-92.12598000	-39.51771000
179.59998951	0.00000000	-92.12598000	-39.89296000
179.79998950	0.00000000	-92.45201000	-40.63730000
179.99998948	0.00000000	-92.12598000	-41.01255000
180.19998947	0.00000000	-92.17519000	-41.05561000
180.39998946	0.00000000	-92.87032000	-41.05561000
180.59998945	0.00000000	-93.24557000	-41.05561000
180.79998944	0.00000000	-93.28863000	-41.01255000
180.99998942	0.00000000	-93.28863000	-40.63730000
181.19998941	0.00000000	-93.28863000	-39.89296000
181.39998940	0.00000000	-93.28863000	-39.51771000
181.59998939	0.00000000	-93.28863000	-39.47465000
181.79998938	0.00000000	-93.24557000	-39.47465000
181.99998937	0.00000000	-92.87032000	-39.51771000
182.19998935	0.00000000	-92.12598000	-39.89296000
182.39998934	0.00000000	-91.79995000	-40.58809000
182.59998933	0.00000000	-92.12598000	-40.63730000
182.79998932	0.00000000	-92.87032000	-40.31127000
182.99998931	0.00000000	-93.24557000	-40.63730000
183.19998929	0.00000000	-93.28863000	-40.63730000
183.39998928	0.00000000	-93.28863000	-40.31127000
183.59998927	0.00000000	-93.28863000	-40.63730000
183.79998926	0.00000000	-93.28863000	-40.58809000
183.99998925	0.00000000	-93.28863000	-39.89296000
184.19998923	0.00000000	-93.28863000	-39.51771000
184.39998922	0.00000000	-93.28863000	-39.47465000
184.59998921	0.00000000	-93.28863000	-39.47465000
184.79998920	0.00000000	-93.24557000	-39.47465000
184.99998919	0.00000000	-92.91338000	-39.47465000
185.19998918	0.00000000	-92.50123000	-39.47465000
185.39998916	0.00000000	-92.49507000	-39.47465000
185.59998915	0.00000000	-92.08292000	-39.51771000
185.79998914	0.00000000	-91.75073000	-39.89296000
185.99998913	0.00000000	-91.70767000	-40.58809000
186.19998912	0.00000000	-91.70767000	-40.58809000
186.39998910	0.00000000	-91.75073000	-39.89296000
186.59998909	0.00000000	-92.12598000	-39.51771000
186.79998908	0.00000000	-92.87032000	-39.43159000
186.99998907	0.00000000	-93.24557000	-39.05635000
187.19998906	0.00000000	-93.28863000	-38.31200000
187.39998904	0.00000000	-93.24557000	-37.93676000
187.59998903	0.00000000	-92.87032000	-37.89370000
187.79998902	0.00000000	-92.12598000	-37.89370000
187.99998901	0.00000000	-91.75073000	-37.93676000
188.19998900	0.00000000	-91.70767000	-38.31200000
188.39998899	0.00000000	-91.70767000	-39.05635000
188.59998897	0.00000000	-91.70767000	-39.47465000
188.79998896	0.00000000	-91.75073000	-39.89296000
188.99998895	0.00000000	-92.08292000	-40.58809000
189.19998894	0.00000000	-92.45201000	-40.58809000
189.39998893	0.00000000	-92.12598000	-39.89296000
189.59998891	0.00000000	-92.17519000	-39.51771000
189.79998890	0.00000000	-92.87032000	-39.47465000
189.99998889	0.00000000	-93.24557000	-39.47465000
190.19998888	0.00000000	-93.28863000	-39.47465000
190.39998887	0.00000000	-93.28863000	-39.47465000
190.59998885	0.00000000	-93.24557000	-39.47465000
190.79998884	0.00000000	-92.87032000	-39.47465000
190.99998883	0.00000000	-92.12598000	-39.47465000
191.19998882	0.00000000	-91.75073000	-39.47465000
191.39998881	0.00000000	-91.70767000	-39.47465000
191.59998880	0.00000000	-91.70767000	-39.47465000
191.79998878	0.00000000	-91.70767000	-39.47465000
191.99998877	0.00000000	-91.70767000	-39.47465000
192.19998876	0.00000000	-91.75073000	-39.47465000
192.39998875	0.00000000	-92.12598000	-39.51771000
192.59998874	0.00000000	-92.87032000	-39.84990000
192.79998872	0.00000000	-93.24557000	-40.16978000
192.99998871	0.00000000	-93.28863000	-39.47465000
193.19998870	0.00000000	-93.28863000	-38.77953000
193.39998869	0.00000000	-93.24557000	-39.09941000
193.59998868	0.00000000	-92.87032000	-39.43159000
193.79998866	0.00000000	-92.12598000	-39.47465000
193.99998865	0.00000000	-91.75073000	-39.47465000
194.19998864	0.00000000	-91.70767000	-39.47465000
194.39998863	0.00000000	-91.70767000	-39.47465000
194.59998862	0.00000000	-91.70767000	-39.47465000
194.79998861	0.00000000	-91.75073000	-39.47465000
194.99998859	0.00000000	-92.12598000	-39.47465000
195.19998858	0.00000000	-92.87032000	-39.47465000
195.39998857	0.00000000	-93.24557000	-39.47465000
195.59998856	0.00000000	-93.28863000	-39.47465000
195.79998855	0.00000000	-93.28863000	-39.51771000
195.99998853	0.00000000	-93.28863000	-39.84990000
