Time	Channel A	Channel B	Channel C
(us)	(V)	(mV)	(mV)

-4.49999956	0.00000000	-26.87623000	-7.89247000
-4.29999957	0.00000000	-26.87623000	-7.89247000
-4.09999958	0.00000000	-26.87623000	-7.89247000
-3.89999959	0.00000000	-26.87623000	-7.89247000
-3.69999960	0.00000000	-26.87623000	-7.89247000
-3.49999962	0.00000000	-26.87623000	-7.84940900
-3.29999963	0.00000000	-26.87623000	-7.51722400
-3.09999964	0.00000000	-26.87623000	-7.14812900
-2.89999965	0.00000000	-26.87623000	-7.51722400
-2.69999966	0.00000000	-26.87623000	-7.84940900
-2.49999968	0.00000000	-26.87623000	-7.89247000
-2.29999969	0.00000000	-26.87623000	-7.89247000
-2.09999970	0.00000000	-26.87623000	-7.89247000
-1.89999971	0.00000000	-26.87623000	-7.89247000
-1.69999972	0.00000000	-26.87623000	-7.89247000
-1.49999973	0.00000000	-26.87623000	-7.84940900
-1.29999975	0.00000000	-26.87623000	-7.47416300
-1.09999976	0.00000000	-26.87623000	-6.77903500
-0.89999977	0.00000000	-26.87623000	-6.77903500
-0.69999978	0.00000000	-26.87623000	-7.47416300
-0.49999979	0.00000000	-26.87623000	-7.84940900
-0.29999981	0.31803640	-26.87623000	-7.89247000
-0.09999982	0.63668800	-26.87623000	-7.89247000
0.10000017	0.95533960	-26.87623000	-7.89247000
0.30000016	0.95533960	-26.87623000	-7.89247000
0.50000015	0.63668800	-26.87623000	-7.89247000
0.70000013	0.15871060	-26.87623000	-7.89247000
0.90000012	-0.79601380	-26.87623000	-7.89247000
1.10000011	-1.75196900	-26.87623000	-7.89247000
1.30000010	-2.54859700	-26.87623000	-7.84940900
1.50000009	-2.70792300	-26.87623000	-7.51722400
1.70000008	-2.22994600	-26.87623000	-7.10506800
1.90000006	-0.95533960	-26.87623000	-7.14197800
2.10000005	1.11466500	-26.87623000	-7.10506800
2.30000004	3.18590100	-26.83317000	-7.47416300
2.50000003	4.77854300	-26.50098000	-7.47416300
2.70000002	5.41584600	-26.13189000	-7.14812900
2.90000000	4.45989200	-26.50098000	-7.51722400
3.09999999	2.22994600	-26.83317000	-7.84940900
3.29999998	-0.95533960	-26.87623000	-7.89247000
3.49999997	-4.30056600	-26.87623000	-7.89247000
3.69999996	-7.00848900	-26.87623000	-7.84940900
3.89999994	-7.96444400	-26.87623000	-7.47416300
4.09999993	-7.00848900	-26.87623000	-6.72982200
4.29999992	-3.98191400	-26.87623000	-6.35457700
4.49999991	0.00000000	-26.87623000	-6.31151500
4.69999990	4.45989200	-26.87623000	-6.35457700
4.89999989	7.80511800	-26.87623000	-6.72982200
5.09999987	9.39837600	-26.87623000	-7.47416300
5.29999986	8.60174700	-26.87623000	-7.84940900
5.49999985	5.57517200	-26.87623000	-7.89247000
5.69999984	1.11466500	-26.87623000	-7.89247000
5.89999983	-3.50393700	-26.87623000	-7.89247000
6.09999981	-7.48646600	-26.87623000	-7.84940900
6.29999980	-9.39837600	-26.87623000	-7.47416300
6.49999979	-8.92039900	-26.87623000	-6.72982200
6.69999978	-6.37180100	-26.87623000	-6.35457700
6.89999977	-2.38927200	-26.87623000	-6.31151500
7.09999975	2.07062000	-26.87623000	-6.35457700
7.29999974	5.57517200	-26.87623000	-6.72982200
7.49999973	7.48646600	-26.87623000	-7.47416300
7.69999972	7.48646600	-26.87623000	-7.84940900
7.89999971	5.57517200	-26.83317000	-7.89247000
8.09999970	2.54859700	-26.50098000	-7.89247000
8.29999968	-0.79601380	-26.13189000	-7.89247000
8.49999967	-3.50393700	-26.50098000	-7.84940900
8.69999966	-4.93786900	-26.83317000	-7.51722400
8.89999965	-5.09719500	-26.87623000	-7.14812900
9.09999964	-3.98191400	-26.87623000	-7.47416300
9.29999962	-2.22994600	-26.87623000	-7.47416300
9.49999961	-0.15871060	-26.87623000	-7.14812900
9.69999960	1.43331700	-26.87623000	-7.51722400
9.89999959	2.38927200	-26.87623000	-7.84940900
10.09999958	2.54859700	-26.87623000	-7.89247000
10.29999956	2.07062000	-26.87623000	-7.89247000
10.49999955	1.11466500	-26.87623000	-7.89247000
10.69999954	0.31803640	-26.87623000	-7.89247000
10.89999953	-0.47736220	-26.87623000	-7.89247000
11.09999952	-0.79601380	-26.87623000	-7.89247000
11.29999951	-0.95533960	-26.87623000	-7.89247000
11.49999949	-0.95533960	-26.87623000	-7.84940900
11.69999948	-0.63668800	-26.87623000	-7.51722400
11.89999947	-0.31803640	-26.87623000	-7.14812900
12.09999946	-0.15871060	-26.87623000	-7.51722400
12.29999945	-0.15871060	-26.87623000	-7.84940900
12.49999943	-0.15871060	-26.87623000	-7.89247000
12.69999942	0.00000000	-26.87623000	-7.89247000
12.89999941	0.00000000	-26.83317000	-7.84940900
13.09999940	0.00000000	-26.45792000	-7.51722400
13.29999939	0.00000000	-25.76279000	-7.10506800
13.49999937	0.00000000	-25.71358000	-7.14197800
13.69999936	0.00000000	-26.08268000	-7.10506800
13.89999935	-0.15871060	-26.08883000	-7.47416300
14.09999934	-0.15871060	-26.50098000	-7.47416300
14.29999933	-0.15871060	-26.83317000	-7.10506800
14.49999932	-0.15871060	-26.87623000	-7.09891700
14.69999930	0.00000000	-26.87623000	-6.68676100
14.89999929	0.00000000	-26.87623000	-6.35457700
15.09999928	0.00000000	-26.87623000	-6.31151500
15.29999927	0.00000000	-26.87623000	-6.35457700
15.49999926	0.00000000	-26.87623000	-6.68676100
15.69999924	0.00000000	-26.87623000	-7.09891700
15.89999923	0.00000000	-26.87623000	-7.10506800
16.09999922	0.00000000	-26.87623000	-7.51722400
16.29999921	-0.15871060	-26.87623000	-7.84940900
16.49999920	-0.15871060	-26.83317000	-7.89247000
16.69999919	0.00000000	-26.45792000	-7.89247000
16.89999917	0.00000000	-25.71358000	-7.89247000
17.09999916	0.00000000	-25.29527000	-7.89247000
17.29999915	0.00000000	-24.92003000	-7.89247000
17.49999914	0.00000000	-24.55093000	-7.89247000
17.69999913	0.00000000	-24.92003000	-7.89247000
17.89999911	0.00000000	-25.29527000	-7.89247000
18.09999910	0.00000000	-25.76279000	-7.84940900
18.29999909	0.00000000	-26.96850000	-7.51722400
18.49999908	0.00000000	-28.83243000	-7.14812900
18.69999907	0.00000000	-30.73326000	-7.51722400
18.89999905	0.00000000	-31.48376000	-7.84940900
19.09999904	0.00000000	-31.10851000	-7.84940900
19.29999903	0.00000000	-29.52756000	-7.51722400
19.49999902	0.00000000	-26.78395000	-7.14812900
19.69999901	0.00000000	-23.29601000	-7.47416300
19.89999900	0.00000000	-19.43897000	-7.47416300
20.09999898	0.00000000	-16.40625000	-7.14812900
20.29999897	0.00000000	-15.24975000	-7.51722400
20.49999896	0.00000000	-16.45546000	-7.80019600
20.69999895	0.00000000	-20.03568000	-7.51722400
20.89999894	0.00000000	-26.27337000	-7.14812900
21.09999892	0.00000000	-34.31963000	-7.51722400
21.29999891	0.00000000	-41.62770000	-7.84940900
21.49999890	0.00000000	-46.23523000	-7.89247000
21.69999889	0.00000000	-46.93036000	-7.89247000
21.89999888	0.00000000	-42.61196000	-7.89247000
22.09999886	0.00000000	-33.67372000	-7.89247000
22.29999885	0.00000000	-21.71506000	-7.89247000
22.49999884	0.00000000	-9.30118100	-7.89247000
22.69999883	0.00000000	0.66437010	-7.84940900
22.89999882	0.00000000	5.96087600	-7.47416300
23.09999881	0.00000000	3.54945900	-6.72982200
23.29999879	0.00000000	-6.45300100	-6.31151500
23.49999878	0.00000000	-21.61663000	-5.93626900
23.69999877	0.00000000	-39.39468000	-5.53026500
23.89999876	0.00000000	-55.95472000	-5.51796200
24.09999875	0.00000000	-66.66461000	-5.15501900
24.29999873	0.00000000	-68.56544000	-5.24729300
24.49999872	0.00000000	-60.38385000	-6.36072800
24.69999871	0.00000000	-43.76845000	-7.89247000
24.89999870	0.00000000	-22.09030000	-9.47342500
25.09999869	0.00000000	-0.12918310	-11.00517000
25.29999867	0.00000000	16.84916000	-12.11860000
25.49999866	0.00000000	24.48326000	-12.07554000
25.69999865	0.00000000	20.62008000	-10.53765000
25.89999864	0.00000000	5.54872000	-7.80019600
26.09999863	0.00000000	-16.83071000	-4.31840500
26.29999862	0.00000000	-41.62770000	-0.46751960
26.49999860	0.00000000	-63.58883000	2.60211600
26.69999859	0.00000000	-77.45448000	4.14000900
26.89999858	0.00000000	-79.36761000	3.62942900
27.09999857	0.00000000	-68.98991000	0.09842519
27.29999856	0.00000000	-48.88656000	-6.44685000
27.49999854	0.00000000	-23.80659000	-14.16092000
27.69999853	0.00000000	0.52288380	-21.50590000
27.89999852	0.00000000	18.29478000	-26.84547000
28.09999851	0.00000000	25.68897000	-28.34030000
28.29999850	0.00000000	21.50590000	-25.17839000
28.49999848	0.00000000	7.22194800	-17.42126000
28.69999847	0.00000000	-13.62574000	-6.18233200
28.89999846	0.00000000	-36.46653000	6.13312000
29.09999845	0.00000000	-56.15157000	16.91068000
29.29999844	0.00000000	-68.56544000	23.00074000
29.49999843	0.00000000	-70.89690000	22.63164000
29.69999841	0.00000000	-63.30585000	15.61885000
29.89999840	0.00000000	-48.23449000	3.25418300
30.09999839	0.00000000	-29.66289000	-12.25394000
30.29999838	0.00000000	-11.10359000	-27.63902000
30.49999837	0.00000000	3.22342500	-39.62229000
30.69999835	0.00000000	10.24852000	-44.93110000
30.89999834	0.00000000	9.54724300	-42.23056000
31.09999833	0.00000000	1.45177200	-31.40379000
31.29999832	0.00000000	-11.66339000	-15.18824000
31.49999831	0.00000000	-26.79011000	2.97736200
31.69999829	0.00000000	-41.07406000	19.55585000
31.89999828	0.00000000	-51.11958000	30.38878000
32.09999827	-0.15871060	-54.69980000	33.50147000
32.29999826	0.00000000	-52.04847000	28.43258000
32.49999825	0.00000000	-44.32209000	15.70497000
32.69999824	0.00000000	-33.11393000	-1.66707700
32.89999822	0.00000000	-21.14911000	-19.83883000
33.09999821	0.00000000	-11.10359000	-35.30389000
33.29999820	0.00000000	-5.29035400	-44.59892000
33.49999819	0.00000000	-4.82283400	-46.13066000
33.69999818	0.00000000	-9.06126900	-39.57923000
33.89999816	0.00000000	-16.78149000	-26.06422000
34.09999815	0.00000000	-26.36565000	-9.09817800
34.29999814	0.00000000	-34.83636000	7.90477300
34.49999813	0.00000000	-39.91141000	21.05069000
34.69999812	0.00000000	-41.11712000	27.65133000
34.89999810	0.00000000	-38.41658000	26.90084000
35.09999809	0.00000000	-32.68946000	18.77460000
35.29999808	0.00000000	-25.76279000	5.33956700
35.49999807	0.00000000	-19.61737000	-10.07628000
35.69999806	0.00000000	-15.76033000	-23.60359000
35.89999805	0.00000000	-15.33587000	-32.52337000
36.09999803	0.00000000	-17.98720000	-35.21776000
36.29999802	0.00000000	-22.60088000	-31.02854000
36.49999801	0.00000000	-27.98966000	-21.41363000
36.69999800	0.00000000	-32.60334000	-9.09817800
36.89999799	0.00000000	-35.30389000	3.21112200
37.09999797	0.00000000	-35.30389000	11.99557000
37.29999796	0.00000000	-32.60334000	14.73302000
37.49999795	0.00000000	-28.03888000	11.01132000
37.69999794	0.00000000	-23.01919000	2.97736200
37.89999793	0.00000000	-19.14985000	-6.64370100
38.09999791	0.00000000	-16.78149000	-15.88336000
38.29999790	0.00000000	-16.45546000	-21.97957000
38.49999789	0.00000000	-18.36245000	-23.13607000
38.69999788	0.00000000	-22.22564000	-18.90994000
38.89999787	0.00000000	-26.78395000	-10.54380000
39.09999786	0.00000000	-30.69020000	-0.97194880
39.29999784	0.00000000	-33.06471000	6.64985200
39.49999783	0.00000000	-34.27657000	10.08243000
39.69999782	0.00000000	-34.23351000	7.81250000
39.89999781	0.00000000	-32.64640000	0.93503930
40.09999780	0.00000000	-29.57062000	-8.31077700
40.29999778	0.00000000	-25.76279000	-17.88263000
40.49999777	0.00000000	-22.60088000	-24.76009000
40.69999776	0.00000000	-20.22022000	-26.66708000
40.89999775	0.00000000	-18.31939000	-23.22835000
41.09999774	0.00000000	-17.94414000	-15.14518000
41.29999772	0.00000000	-19.01451000	-4.82898600
41.49999771	0.00000000	-20.64468000	4.78592500
41.69999770	0.00000000	-22.96998000	10.96826000
41.89999769	0.00000000	-26.08268000	12.54921000
42.09999768	0.00000000	-28.78937000	9.43036400
42.29999767	0.00000000	-31.15157000	2.14074800
42.49999765	0.00000000	-32.64640000	-7.38188900
42.69999764	0.00000000	-32.68946000	-15.88336000
42.89999763	0.00000000	-31.57603000	-21.37057000
43.09999762	0.00000000	-29.99508000	-23.68971000
43.29999761	0.00000000	-28.03888000	-22.10876000
43.49999759	0.00000000	-25.71358000	-16.76919000
43.69999758	0.00000000	-23.75738000	-9.51648500
43.89999757	0.00000000	-22.17643000	-2.55290300
44.09999756	0.00000000	-21.01993000	2.46678100
44.29999755	0.00000000	-20.59547000	4.82898600
44.49999753	0.00000000	-20.59547000	4.09079700
44.69999752	0.00000000	-20.97072000	1.07037400
44.89999751	0.00000000	-21.75812000	-3.20497000
45.09999750	0.00000000	-22.55167000	-7.80019600
45.29999749	0.00000000	-23.80659000	-11.65723000
45.49999748	0.00000000	-25.76279000	-13.61343000
45.69999746	0.00000000	-28.50024000	-13.69956000
45.89999745	0.00000000	-31.57603000	-12.53691000
46.09999744	0.00000000	-34.27657000	-10.58686000
46.29999743	0.00000000	-35.81446000	-7.89247000
46.49999742	0.00000000	-35.72219000	-5.19808000
46.69999740	0.00000000	-33.34769000	-3.24803100
46.89999739	0.00000000	-28.32185000	-2.08538400
47.09999738	0.00000000	-22.17643000	-2.08538400
47.29999737	0.00000000	-16.32013000	-3.24803100
47.49999736	0.00000000	-11.71260000	-5.19808000
47.69999734	0.00000000	-9.43651600	-7.89247000
47.89999733	0.00000000	-10.68528000	-10.53765000
48.09999732	0.00000000	-15.71112000	-12.11860000
48.29999731	0.00000000	-23.80659000	-12.53691000
48.49999730	0.00000000	-32.64640000	-12.11860000
48.69999729	0.00000000	-40.04675000	-10.53765000
48.89999727	0.00000000	-44.65428000	-7.84940900
49.09999726	0.00000000	-45.34940000	-4.73671200
49.29999725	0.00000000	-41.07406000	-1.71013800
49.49999724	0.00000000	-32.60334000	0.18454720
49.69999723	0.00000000	-22.22564000	-0.17839570
49.89999721	0.00000000	-12.59842000	-2.08538400
50.09999720	0.00000000	-6.45300100	-5.19808000
50.29999719	0.00000000	-5.24729300	-9.05511800
50.49999718	0.00000000	-9.10433000	-12.49385000
50.69999717	0.00000000	-16.78149000	-14.85605000
50.89999715	0.00000000	-26.45792000	-15.56348000
51.09999714	0.00000000	-35.67913000	-14.39468000
51.29999713	0.00000000	-42.23671000	-10.95595000
51.49999712	0.00000000	-44.14370000	-6.72982200
51.69999711	0.00000000	-41.11712000	-2.82972400
51.89999710	0.00000000	-34.18430000	0.60285430
52.09999708	0.00000000	-25.38755000	2.09153500
52.29999707	0.00000000	-17.29208000	1.02116100
52.49999706	0.00000000	-12.26624000	-1.66707700
52.69999705	0.00000000	-11.06053000	-5.15501900
52.89999704	0.00000000	-13.80413000	-9.00590400
53.09999702	0.00000000	-19.90034000	-12.07554000
53.29999701	0.00000000	-27.57751000	-13.61343000
53.49999700	0.00000000	-34.09818000	-13.23819000
53.69999699	0.00000000	-37.95522000	-10.96211000
53.89999698	0.00000000	-37.95522000	-7.93553100
54.09999696	0.00000000	-34.14124000	-5.19808000
54.29999695	0.00000000	-27.99582000	-3.33415300
54.49999694	0.00000000	-21.14911000	-2.87893700
54.69999693	0.00000000	-16.12943000	-4.02928100
54.89999692	0.00000000	-14.54232000	-5.53026500
55.09999691	0.00000000	-15.66806000	-7.47416300
55.29999689	0.00000000	-19.56816000	-8.91978400
55.49999688	0.00000000	-25.29527000	-8.96284400
55.69999687	0.00000000	-31.02239000	-7.80019600
55.89999686	0.00000000	-34.88558000	-5.89320800
56.09999685	0.00000000	-35.67913000	-3.61712600
56.29999683	0.00000000	-33.76599000	-2.12844500
56.49999682	0.00000000	-29.52756000	-2.12844500
56.69999681	0.00000000	-24.18184000	-3.70939900
56.89999680	0.00000000	-19.52510000	-6.77903500
57.09999679	0.00000000	-16.45546000	-10.62992000
57.29999677	0.00000000	-15.66806000	-14.03174000
57.49999676	0.00000000	-17.56890000	-15.92642000
57.69999675	0.00000000	-21.01993000	-15.14518000
57.89999674	0.00000000	-25.29527000	-12.03248000
58.09999673	0.00000000	-29.48450000	-7.01279500
58.29999672	0.00000000	-32.17888000	-0.87967510
58.49999670	0.00000000	-32.60334000	4.04773600
58.69999669	0.00000000	-31.06545000	6.36687900
58.89999668	0.00000000	-28.03888000	5.24729300
59.09999667	0.00000000	-24.55093000	1.39640700
59.29999666	0.00000000	-21.85039000	-4.08464600
59.49999664	0.00000000	-19.90034000	-11.00517000
59.69999663	0.00000000	-19.56816000	-17.46432000
59.89999662	0.00000000	-21.06299000	-20.95226000
60.09999661	0.00000000	-23.71432000	-20.95226000
60.29999660	0.00000000	-26.40871000	-17.46432000
60.49999658	0.00000000	-28.36491000	-10.91289000
60.69999657	0.00000000	-29.52756000	-3.24803100
60.89999656	0.00000000	-29.48450000	3.67249000
61.09999655	0.00000000	-27.98966000	7.89862200
61.29999654	0.00000000	-25.71358000	8.31692900
61.49999653	0.00000000	-23.80659000	5.20423200
61.69999651	0.00000000	-22.60088000	-0.97194880
61.89999650	0.00000000	-22.26870000	-9.05511800
62.09999649	0.00000000	-23.01919000	-16.67692000
62.29999648	0.00000000	-24.92003000	-21.73966000
62.49999647	-0.15871060	-26.83317000	-22.90231000
62.69999645	0.00000000	-28.41412000	-20.62008000
62.89999644	0.00000000	-29.52756000	-15.18824000
63.09999643	0.00000000	-29.48450000	-7.89247000
63.29999642	0.00000000	-27.98966000	-0.55364170
63.49999641	0.00000000	-25.67052000	5.20423200
63.69999639	0.00000000	-23.38214000	7.94783400
63.89999638	0.00000000	-21.43824000	7.20349400
64.09999637	0.00000000	-20.68774000	3.76476400
64.29999636	0.00000000	-21.06299000	-1.66707700
64.49999635	0.00000000	-22.60088000	-7.80019600
64.69999634	0.00000000	-24.87697000	-13.28125000
64.89999632	0.00000000	-26.83317000	-17.14444000
65.09999631	0.00000000	-28.36491000	-19.04527000
65.29999630	0.00000000	-29.10925000	-17.93184000
65.49999629	0.00000000	-28.36491000	-14.53617000
65.69999628	0.00000000	-26.87623000	-10.62992000
65.89999626	0.00000000	-25.29527000	-6.35457700
66.09999625	0.00000000	-23.75738000	-2.50369100
66.29999624	0.00000000	-22.64394000	-0.09227362
66.49999623	0.00000000	-22.68701000	1.48868100
66.69999622	0.00000000	-24.18184000	2.22687000
66.89999620	0.00000000	-26.40871000	1.43946800
67.09999619	0.00000000	-27.94660000	-0.46751960
67.29999618	0.00000000	-28.36491000	-3.19881900
67.49999617	0.00000000	-27.94660000	-6.31151500
67.69999616	0.00000000	-26.36565000	-9.47342500
67.89999615	0.00000000	-23.71432000	-12.58612000
68.09999613	0.00000000	-21.06299000	-15.27436000
68.29999612	0.00000000	-19.52510000	-16.81225000
68.49999611	0.00000000	-19.52510000	-16.76919000
68.69999610	0.00000000	-21.10605000	-14.81299000
68.89999609	0.00000000	-24.18184000	-10.91289000
69.09999607	0.00000000	-28.03888000	-5.89320800
69.29999606	0.00000000	-31.53297000	-0.51058070
69.49999605	0.00000000	-34.23351000	3.71555100
69.69999604	0.00000000	-35.26082000	5.67175200
69.89999603	0.00000000	-33.30462000	5.29650500
70.09999601	0.00000000	-28.37106000	2.55905500
70.29999600	0.00000000	-22.60088000	-2.08538400
70.49999599	0.00000000	-17.52584000	-7.89247000
70.69999598	0.00000000	-13.66880000	-13.65650000
70.89999597	0.00000000	-12.17397000	-17.88263000
71.09999596	0.00000000	-13.75492000	-19.42052000
71.29999594	0.00000000	-18.36245000	-17.88263000
71.49999593	0.00000000	-24.92003000	-13.69956000
71.69999592	0.00000000	-31.44069000	-8.31077700
71.89999591	0.00000000	-36.50959000	-3.29109200
72.09999590	0.00000000	-38.84104000	0.60285430
72.29999588	0.00000000	-38.46580000	2.50984200
72.49999587	0.00000000	-35.30389000	2.18380900
72.69999586	0.00000000	-29.52756000	-0.13533460
72.89999585	0.00000000	-22.60088000	-3.57406500
73.09999584	0.00000000	-16.45546000	-7.38188900
73.29999582	0.00000000	-12.54921000	-10.07628000
73.49999581	0.00000000	-11.75566000	-10.91289000
73.69999580	0.00000000	-13.66880000	-10.53765000
73.89999579	0.00000000	-17.94414000	-9.00590400
74.09999578	0.00000000	-23.71432000	-6.77903500
74.29999577	0.00000000	-29.48450000	-5.29035400
74.49999575	0.00000000	-33.72293000	-5.24729300
74.69999574	0.00000000	-35.30389000	-6.36072800
74.89999573	0.00000000	-34.23351000	-7.89247000
75.09999572	0.00000000	-31.53297000	-9.42421200
75.29999571	0.00000000	-28.03888000	-10.49459000
75.49999569	0.00000000	-24.13263000	-10.07628000
75.69999568	0.00000000	-20.68774000	-7.80019600
75.89999567	0.00000000	-18.41166000	-4.73671200
76.09999566	0.00000000	-18.36245000	-1.62401600
76.29999565	0.00000000	-20.22022000	1.02116100
76.49999563	0.00000000	-22.50861000	2.09153500
76.69999562	0.00000000	-24.82775000	0.55979330
76.89999561	0.00000000	-26.36565000	-3.24803100
77.09999560	0.00000000	-26.83317000	-7.89247000
77.29999559	0.00000000	-26.83317000	-12.53691000
77.49999558	0.00000000	-26.45792000	-16.39395000
77.69999556	0.00000000	-25.71358000	-18.25787000
77.89999555	0.00000000	-25.33834000	-17.50738000
78.09999554	0.00000000	-25.33834000	-14.03174000
78.29999553	0.00000000	-25.71358000	-9.00590400
78.49999552	0.00000000	-26.45792000	-3.20497000
78.69999550	0.00000000	-26.78395000	2.14074800
78.89999549	0.00000000	-26.40871000	5.20423200
79.09999548	0.00000000	-25.25221000	5.24729300
79.29999547	0.00000000	-23.71432000	2.60211600
79.49999546	0.00000000	-22.13336000	-1.66707700
79.69999544	0.00000000	-20.64468000	-6.68676100
79.89999543	0.00000000	-19.90034000	-11.70029000
80.09999542	0.00000000	-20.68774000	-15.18824000
80.29999541	0.00000000	-22.60088000	-16.76919000
80.49999540	0.00000000	-25.33834000	-16.39395000
80.69999539	0.00000000	-28.36491000	-14.07480000
80.89999537	0.00000000	-30.64714000	-10.62992000
81.09999536	0.00000000	-31.06545000	-6.72982200
81.29999535	0.00000000	-29.94586000	-3.29109200
81.49999534	0.00000000	-27.98966000	-0.92888770
81.69999533	0.00000000	-25.29527000	-0.09227362
81.89999531	0.00000000	-22.60088000	-0.04306102
82.09999530	0.00000000	-20.64468000	-0.46136810
82.29999529	0.00000000	-19.48204000	-1.66707700
82.49999528	0.00000000	-19.52510000	-3.57406500
82.69999527	0.00000000	-21.01993000	-5.93626900
82.89999525	0.00000000	-23.29601000	-8.26771600
83.09999524	0.00000000	-25.25221000	-10.62992000
83.29999523	0.00000000	-26.83317000	-12.53691000
83.49999522	0.00000000	-27.94660000	-13.69956000
83.69999521	0.00000000	-27.98966000	-13.65650000
83.89999520	0.00000000	-27.20841000	-12.11860000
84.09999518	0.00000000	-26.08268000	-9.42421200
84.29999517	0.00000000	-24.55093000	-6.26845500
84.49999516	0.00000000	-23.80659000	-2.78051200
84.69999515	0.00000000	-23.71432000	0.64591530
84.89999514	0.00000000	-23.75738000	2.50984200
85.09999512	0.00000000	-24.08957000	2.18380900
85.29999511	0.00000000	-24.45866000	-0.13533460
85.49999510	0.00000000	-24.08957000	-3.62327700
85.69999509	0.00000000	-23.75738000	-7.89247000
85.89999508	0.00000000	-23.71432000	-12.11860000
86.09999506	0.00000000	-23.71432000	-15.18824000
86.29999505	0.00000000	-23.75738000	-16.34473000
86.49999504	0.00000000	-24.18184000	-15.18824000
86.69999503	0.00000000	-25.33834000	-12.11860000
86.89999502	0.00000000	-26.83317000	-7.84940900
87.09999501	0.00000000	-27.98966000	-3.24803100
87.29999499	0.00000000	-28.36491000	0.55979330
87.49999498	0.00000000	-27.98966000	2.09153500
87.69999497	0.00000000	-26.78395000	1.02116100
87.89999496	0.00000000	-24.92003000	-1.66707700
88.09999495	0.00000000	-22.96998000	-5.19808000
88.29999493	0.00000000	-21.80118000	-9.43036400
88.49999492	0.00000000	-21.01993000	-13.18898000
88.69999491	0.00000000	-21.06299000	-14.72687000
88.89999490	0.00000000	-22.17643000	-13.60728000
89.09999489	0.00000000	-23.75738000	-10.58686000
89.29999487	0.00000000	-25.67052000	-6.68676100
89.49999486	0.00000000	-27.57136000	-2.87278500
89.69999485	0.00000000	-28.32185000	0.22760820
89.89999484	0.00000000	-27.98966000	1.35334600
90.09999483	0.00000000	-26.83317000	0.60285430
90.29999482	0.00000000	-25.33834000	-2.12844500
90.49999480	0.00000000	-24.13263000	-6.31151500
90.69999479	0.00000000	-23.33907000	-10.53765000
90.89999478	0.00000000	-22.60088000	-13.60728000
91.09999477	0.00000000	-22.60088000	-14.76993000
91.29999476	0.00000000	-23.29601000	-13.56422000
91.49999474	0.00000000	-23.71432000	-10.11934000
91.69999473	0.00000000	-24.08957000	-5.15501900
91.89999472	0.00000000	-24.45866000	-0.55364170
92.09999471	0.00000000	-24.08957000	2.46678100
92.29999470	0.00000000	-23.75738000	2.87893700
92.49999468	0.00000000	-23.75738000	0.23991140
92.69999467	0.00000000	-24.13263000	-3.57406500
92.89999466	0.00000000	-24.92003000	-7.89247000
93.09999465	0.00000000	-25.67052000	-12.07554000
93.29999464	0.00000000	-26.50098000	-14.76993000
93.49999463	0.00000000	-27.20841000	-15.14518000
93.69999461	0.00000000	-27.57136000	-13.23819000
93.89999460	0.00000000	-26.74089000	-9.38115100
94.09999459	0.00000000	-24.87697000	-4.77977300
94.29999458	0.00000000	-22.55167000	-0.59670270
94.49999457	0.00000000	-20.64468000	1.71628900
94.69999455	0.00000000	-19.43897000	1.35334600
94.89999454	0.00000000	-19.10679000	-0.92888770
95.09999453	0.00000000	-19.90034000	-4.77977300
95.29999452	0.00000000	-22.22564000	-9.00590400
95.49999451	0.00000000	-25.29527000	-12.45079000
95.69999449	0.00000000	-28.41412000	-14.35162000
95.89999448	0.00000000	-31.06545000	-13.60728000
96.09999447	0.00000000	-32.22810000	-11.00517000
96.29999446	0.00000000	-31.48376000	-7.89247000
96.49999445	0.00000000	-29.52756000	-4.77977300
96.69999444	0.00000000	-26.36565000	-2.08538400
96.89999442	0.00000000	-22.17643000	-0.59670270
97.09999441	0.00000000	-18.31939000	-0.97194880
97.29999440	0.00000000	-15.98794000	-3.19881900
97.49999439	0.00000000	-15.20054000	-5.89320800
97.69999438	0.00000000	-16.40625000	-8.21850300
97.89999436	0.00000000	-19.48204000	-10.16855000
98.09999435	0.00000000	-23.71432000	-10.91289000
98.29999434	0.00000000	-27.94660000	-10.58686000
98.49999433	0.00000000	-31.06545000	-9.42421200
98.69999432	0.00000000	-32.64640000	-7.89247000
98.89999430	0.00000000	-32.64640000	-6.36072800
99.09999429	0.00000000	-31.06545000	-5.19808000
99.29999428	0.00000000	-27.98966000	-4.77977300
99.49999427	0.00000000	-24.13263000	-4.73671200
99.69999426	0.00000000	-20.64468000	-4.73671200
99.89999425	0.00000000	-17.90108000	-4.73671200
100.09999423	0.00000000	-16.40625000	-4.69365100
100.29999422	0.00000000	-16.78149000	-4.36146600
100.49999421	0.00000000	-19.01451000	-3.99237200
100.69999420	0.00000000	-21.75812000	-4.40452700
100.89999419	0.00000000	-24.50787000	-5.15501900
101.09999417	0.00000000	-27.62057000	-6.36072800
101.29999416	0.00000000	-29.90280000	-7.89247000
101.49999415	0.00000000	-31.10851000	-9.42421200
101.69999414	0.00000000	-31.06545000	-10.53765000
101.89999413	0.00000000	-29.57062000	-10.53765000
102.09999411	0.00000000	-27.25147000	-9.38115100
102.29999410	0.00000000	-24.92003000	-7.43110200
102.49999409	0.00000000	-22.55167000	-4.73671200
102.69999408	0.00000000	-20.64468000	-2.08538400
102.89999407	0.00000000	-19.48204000	-0.51058070
103.09999406	0.00000000	-19.48204000	-0.13533460
103.29999404	0.00000000	-20.59547000	-0.92888770
103.49999403	0.00000000	-22.17643000	-3.29109200
103.69999402	0.00000000	-24.08957000	-6.68676100
103.89999401	0.00000000	-26.03961000	-10.11934000
104.09999400	0.00000000	-27.20841000	-12.07554000
104.29999398	0.00000000	-27.98966000	-12.49385000
104.49999397	0.00000000	-27.94660000	-11.70029000
104.69999396	0.00000000	-26.87623000	-9.38115100
104.89999395	0.00000000	-25.67052000	-6.36072800
105.09999394	0.00000000	-24.50172000	-3.61712600
105.29999392	0.00000000	-22.96998000	-1.71013800
105.49999391	0.00000000	-22.22564000	-0.92888770
105.69999390	0.00000000	-22.17643000	-1.71013800
105.89999389	0.00000000	-22.60088000	-3.57406500
106.09999388	0.00000000	-23.71432000	-5.89320800
106.29999387	0.00000000	-24.82775000	-7.80019600
106.49999385	0.00000000	-25.25221000	-9.00590400
106.69999384	0.00000000	-25.29527000	-9.38115100
106.89999383	0.00000000	-25.25221000	-9.00590400
107.09999382	0.00000000	-24.87697000	-7.84940900
107.29999381	0.00000000	-24.08957000	-6.31151500
107.49999379	0.00000000	-23.38214000	-4.77977300
107.69999378	0.00000000	-22.96998000	-3.66633800
107.89999377	0.00000000	-23.38214000	-3.66633800
108.09999376	0.00000000	-24.08957000	-4.77977300
108.29999375	0.00000000	-24.87697000	-6.31151500
108.49999374	0.00000000	-25.29527000	-7.84940900
108.69999372	0.00000000	-25.71358000	-9.00590400
108.89999371	0.00000000	-26.40871000	-9.38115100
109.09999370	0.00000000	-26.36565000	-8.96284400
109.29999369	0.00000000	-25.25221000	-7.47416300
109.49999368	0.00000000	-23.75738000	-5.57332700
109.69999366	0.00000000	-22.60088000	-4.40452700
109.89999365	0.00000000	-22.17643000	-3.57406500
110.09999364	0.00000000	-22.17643000	-3.24803100
110.29999363	0.00000000	-22.55167000	-3.62327700
110.49999362	0.00000000	-23.33907000	-4.77977300
110.69999360	0.00000000	-24.13263000	-6.31151500
110.89999359	0.00000000	-25.29527000	-7.84940900
111.09999358	0.00000000	-26.40871000	-9.00590400
111.29999357	0.00000000	-26.78395000	-9.38115100
111.49999356	0.00000000	-26.45792000	-9.05511800
111.69999355	0.00000000	-25.67052000	-8.26771600
111.89999353	0.00000000	-24.92003000	-7.47416300
112.09999352	0.00000000	-24.08957000	-6.31151500
112.29999351	0.00000000	-23.33907000	-5.19808000
112.49999350	0.00000000	-22.60088000	-4.77977300
112.69999349	0.00000000	-22.60088000	-4.73671200
112.89999347	0.00000000	-23.33907000	-4.77977300
113.09999346	0.00000000	-24.08957000	-5.15501900
113.29999345	0.00000000	-24.87697000	-5.89320800
113.49999344	0.00000000	-25.25221000	-6.26845500
113.69999343	0.00000000	-25.29527000	-6.31151500
113.89999341	0.00000000	-25.29527000	-6.35457700
114.09999340	0.00000000	-25.25221000	-6.72982200
114.29999339	0.00000000	-24.87697000	-7.47416300
114.49999338	0.00000000	-24.13263000	-7.84940900
114.69999337	0.00000000	-23.75738000	-7.89247000
114.89999336	0.00000000	-23.71432000	-7.89247000
115.09999334	0.00000000	-23.71432000	-7.89247000
115.29999333	0.00000000	-23.71432000	-7.84940900
115.49999332	0.00000000	-23.71432000	-7.42495000
115.69999331	0.00000000	-23.71432000	-6.31151500
115.89999330	0.00000000	-23.75738000	-5.19808000
116.09999328	0.00000000	-24.13263000	-4.77977300
116.29999327	0.00000000	-24.87697000	-4.73671200
116.49999326	0.00000000	-25.25221000	-4.73671200
116.69999325	0.00000000	-25.25221000	-4.73671200
116.89999324	0.00000000	-24.87697000	-4.77977300
117.09999322	0.00000000	-24.13263000	-5.19808000
117.29999321	0.00000000	-23.71432000	-6.31151500
117.49999320	0.00000000	-23.29601000	-7.47416300
117.69999319	0.00000000	-22.55167000	-8.22465500
117.89999318	0.00000000	-22.17643000	-8.63681000
118.09999317	0.00000000	-22.17643000	-8.26771600
118.29999315	0.00000000	-22.55167000	-7.84940900
118.49999314	0.00000000	-23.33907000	-7.05585600
118.69999313	0.00000000	-24.13263000	-5.57332700
118.89999312	0.00000000	-25.29527000	-4.77977300
119.09999311	0.00000000	-26.40871000	-4.36146600
119.29999309	0.00000000	-26.78395000	-3.99237200
119.49999308	0.00000000	-26.40871000	-4.36146600
119.69999307	0.00000000	-25.29527000	-4.69365100
119.89999306	0.00000000	-24.13263000	-4.77977300
120.09999305	0.00000000	-23.29601000	-5.15501900
120.29999303	0.00000000	-22.13336000	-5.89320800
120.49999302	0.00000000	-21.01993000	-6.26845500
120.69999301	0.00000000	-20.64468000	-6.35457700
120.89999300	0.00000000	-21.01993000	-6.72982200
121.09999299	0.00000000	-22.13336000	-7.42495000
121.29999298	0.00000000	-23.29601000	-7.42495000
121.49999296	0.00000000	-24.13263000	-6.72982200
121.69999295	0.00000000	-25.29527000	-6.35457700
121.89999294	0.00000000	-26.40871000	-6.31151500
122.09999293	0.00000000	-26.78395000	-6.26845500
122.29999292	0.00000000	-26.45792000	-5.93626900
122.49999290	0.00000000	-25.67052000	-5.53026500
122.69999289	0.00000000	-24.92003000	-5.51796200
122.89999288	0.00000000	-24.08957000	-5.11195900
123.09999287	0.00000000	-23.33907000	-4.82898600
123.29999286	0.00000000	-22.55167000	-5.15501900
123.49999284	0.00000000	-22.17643000	-5.89320800
123.69999283	0.00000000	-22.13336000	-6.26845500
123.89999282	0.00000000	-22.17643000	-6.31151500
124.09999281	0.00000000	-22.55167000	-6.35457700
124.29999280	0.00000000	-23.33907000	-6.72982200
124.49999279	0.00000000	-24.08957000	-7.42495000
124.69999277	0.00000000	-24.87697000	-7.42495000
124.89999276	0.00000000	-25.25221000	-6.72982200
125.09999275	0.00000000	-25.29527000	-6.35457700
125.29999274	0.00000000	-25.29527000	-6.26845500
125.49999273	0.00000000	-25.25221000	-5.89320800
125.69999271	0.00000000	-24.87697000	-5.15501900
125.89999270	0.00000000	-24.08957000	-4.77977300
126.09999269	0.00000000	-23.33907000	-4.73671200
126.29999268	0.00000000	-22.55167000	-4.77977300
126.49999267	0.00000000	-22.17643000	-5.15501900
126.69999265	0.00000000	-22.17643000	-5.89320800
126.89999264	0.00000000	-22.55167000	-6.26845500
127.09999263	0.00000000	-23.33907000	-6.31151500
127.29999262	0.00000000	-24.13263000	-6.35457700
127.49999261	0.00000000	-25.29527000	-6.68676100
127.69999260	0.00000000	-26.36565000	-7.05585600
127.89999258	0.00000000	-26.40871000	-6.68676100
128.09999257	0.00000000	-25.67052000	-6.35457700
128.29999256	0.00000000	-24.87697000	-6.31151500
128.49999255	0.00000000	-23.71432000	-6.31151500
128.69999254	0.00000000	-22.60088000	-6.31151500
128.89999252	0.00000000	-22.17643000	-6.31151500
129.09999251	0.00000000	-22.13336000	-6.31151500
129.29999250	0.00000000	-22.17643000	-6.31151500
129.49999249	0.00000000	-22.60088000	-6.31151500
129.69999248	0.00000000	-23.71432000	-6.31151500
129.89999246	0.00000000	-24.82775000	-6.31151500
130.09999245	0.00000000	-25.25221000	-6.31151500
130.29999244	0.00000000	-25.29527000	-6.31151500
130.49999243	0.00000000	-25.25221000	-6.31151500
130.69999242	0.00000000	-24.82775000	-6.31151500
130.89999241	0.00000000	-23.71432000	-6.31151500
131.09999239	0.00000000	-22.60088000	-6.31151500
131.29999238	0.00000000	-22.17643000	-6.31151500
131.49999237	0.00000000	-22.13336000	-6.31151500
131.69999236	0.00000000	-22.17643000	-6.35457700
131.89999235	0.00000000	-22.55167000	-6.72982200
132.09999233	0.00000000	-23.33907000	-7.42495000
132.29999232	0.00000000	-24.08957000	-7.42495000
132.49999231	0.00000000	-24.87697000	-6.72982200
132.69999230	0.00000000	-25.20300000	-6.35457700
132.89999229	0.00000000	-24.87697000	-6.26845500
133.09999227	0.00000000	-24.13263000	-5.89320800
133.29999226	0.00000000	-23.75738000	-5.15501900
133.49999225	0.00000000	-23.71432000	-4.77977300
133.69999224	0.00000000	-23.71432000	-4.73671200
133.89999223	0.00000000	-23.71432000	-4.77977300
134.09999222	0.00000000	-23.71432000	-5.15501900
134.29999220	0.00000000	-23.71432000	-5.93626900
134.49999219	0.00000000	-23.71432000	-6.68676100
134.69999218	0.00000000	-23.71432000	-7.47416300
134.89999217	0.00000000	-23.71432000	-7.84940900
135.09999216	0.00000000	-23.67126000	-7.84940900
135.29999214	0.00000000	-23.29601000	-7.47416300
135.49999213	0.00000000	-22.60088000	-6.68676100
135.69999212	0.00000000	-22.60088000	-5.93626900
135.89999211	0.00000000	-23.33907000	-5.15501900
136.09999210	0.00000000	-24.08957000	-4.77977300
136.29999208	0.00000000	-24.87697000	-4.73671200
136.49999207	0.00000000	-25.25221000	-4.73671200
136.69999206	0.00000000	-25.29527000	-4.77977300
136.89999205	0.00000000	-25.25221000	-5.15501900
137.09999204	0.00000000	-24.82775000	-5.89320800
137.29999203	0.00000000	-23.71432000	-6.26845500
137.49999201	0.00000000	-22.60088000	-6.35457700
137.69999200	0.00000000	-22.17643000	-6.68676100
137.89999199	0.00000000	-22.17643000	-7.09891700
138.09999198	0.00000000	-22.55167000	-7.06200700
138.29999197	0.00000000	-23.29601000	-7.09891700
138.49999195	0.00000000	-23.71432000	-6.68676100
138.69999194	0.00000000	-24.13263000	-6.31151500
138.89999193	0.00000000	-24.87697000	-5.89320800
139.09999192	0.00000000	-25.25221000	-5.15501900
139.29999191	0.00000000	-25.25221000	-4.77977300
139.49999189	0.00000000	-24.87697000	-4.73671200
139.69999188	0.00000000	-24.08957000	-4.73671200
139.89999187	0.00000000	-23.33907000	-4.73671200
140.09999186	0.00000000	-22.55167000	-4.77977300
140.29999185	0.00000000	-22.22564000	-5.19808000
140.49999184	0.00000000	-22.55167000	-6.31151500
140.69999182	0.00000000	-23.29601000	-7.42495000
140.89999181	0.00000000	-23.67126000	-7.84940900
141.09999180	0.00000000	-23.75738000	-7.89247000
141.29999179	0.00000000	-24.13263000	-7.84940900
141.49999178	0.00000000	-24.82775000	-7.42495000
141.69999176	0.00000000	-24.82775000	-6.31151500
141.89999175	0.00000000	-24.13263000	-5.19808000
142.09999174	0.00000000	-23.71432000	-4.77977300
142.29999173	0.00000000	-23.29601000	-4.73671200
142.49999172	0.00000000	-22.60088000	-4.73671200
142.69999170	0.00000000	-22.60088000	-4.77977300
142.89999169	0.00000000	-23.29601000	-5.15501900
143.09999168	0.00000000	-23.67126000	-5.93626900
143.29999167	0.00000000	-23.71432000	-6.68676100
143.49999166	0.00000000	-23.71432000	-7.47416300
143.69999165	0.00000000	-23.71432000	-7.84940900
143.89999163	0.00000000	-23.71432000	-7.84940900
144.09999162	0.00000000	-23.71432000	-7.47416300
144.29999161	0.00000000	-23.67126000	-6.68676100
144.49999160	0.00000000	-23.29601000	-5.93626900
144.69999159	0.00000000	-22.55167000	-5.15501900
144.89999157	0.00000000	-22.22564000	-4.77977300
145.09999156	0.00000000	-22.55167000	-4.73671200
145.29999155	0.00000000	-23.29601000	-4.77977300
145.49999154	0.00000000	-23.67126000	-5.15501900
145.69999153	0.00000000	-23.71432000	-5.89320800
145.89999151	0.00000000	-23.71432000	-6.31151500
146.09999150	0.00000000	-23.71432000	-6.72982200
146.29999149	0.00000000	-23.71432000	-7.42495000
146.49999148	0.00000000	-23.67126000	-7.42495000
146.69999147	0.00000000	-23.29601000	-6.72982200
146.89999146	0.00000000	-22.60088000	-6.35457700
147.09999144	0.00000000	-22.55167000	-6.26845500
147.29999143	0.00000000	-22.92076000	-5.89320800
147.49999142	0.00000000	-22.92692000	-5.15501900
147.69999141	0.00000000	-23.33907000	-4.77977300
147.89999140	0.00000000	-23.67126000	-4.73671200
148.09999138	0.00000000	-23.71432000	-4.77977300
148.29999137	0.00000000	-23.71432000	-5.15501900
148.49999136	0.00000000	-23.71432000	-5.89320800
148.69999135	0.00000000	-23.71432000	-6.26845500
148.89999134	0.00000000	-23.71432000	-6.31151500
149.09999132	0.00000000	-23.67126000	-6.31151500
149.29999131	0.00000000	-23.29601000	-6.31151500
149.49999130	0.00000000	-22.55167000	-6.31151500
149.69999129	0.00000000	-22.17643000	-6.31151500
149.89999128	0.00000000	-22.13336000	-6.31151500
150.09999127	0.00000000	-22.17643000	-6.31151500
150.29999125	0.00000000	-22.55167000	-6.26845500
150.49999124	0.00000000	-23.29601000	-5.89320800
150.69999123	0.00000000	-23.67126000	-5.15501900
150.89999122	0.00000000	-23.71432000	-4.77977300
151.09999121	0.00000000	-23.71432000	-4.77977300
151.29999119	0.00000000	-23.71432000	-5.15501900
151.49999118	0.00000000	-23.71432000	-5.89320800
151.69999117	0.00000000	-23.71432000	-6.26845500
151.89999116	0.00000000	-23.71432000	-6.31151500
152.09999115	0.00000000	-23.67126000	-6.31151500
152.29999113	0.00000000	-23.29601000	-6.31151500
152.49999112	0.00000000	-22.55167000	-6.31151500
152.69999111	0.00000000	-22.17643000	-6.31151500
152.89999110	0.00000000	-22.17643000	-6.31151500
153.09999109	0.00000000	-22.55167000	-6.26845500
153.29999108	0.00000000	-23.29601000	-5.93626900
153.49999106	0.00000000	-23.67126000	-5.57332700
153.69999105	0.00000000	-23.71432000	-5.89320800
153.89999104	0.00000000	-23.71432000	-5.85014700
154.09999103	0.00000000	-23.71432000	-5.19808000
154.29999102	0.00000000	-23.71432000	-5.19808000
154.49999100	0.00000000	-23.71432000	-5.89320800
154.69999099	0.00000000	-23.71432000	-6.26845500
154.89999098	0.00000000	-23.67126000	-6.31151500
155.09999097	0.00000000	-23.29601000	-6.31151500
155.29999096	0.00000000	-22.55167000	-6.31151500
155.49999094	0.00000000	-22.17643000	-6.31151500
155.69999093	0.00000000	-22.13336000	-6.31151500
155.89999092	0.00000000	-22.17643000	-6.31151500
156.09999091	0.00000000	-22.55167000	-6.26845500
156.29999090	0.00000000	-23.29601000	-5.89320800
156.49999089	0.00000000	-23.67126000	-5.15501900
156.69999087	0.00000000	-23.71432000	-4.77977300
156.89999086	0.00000000	-23.71432000	-4.73671200
157.09999085	0.00000000	-23.71432000	-4.73671200
157.29999084	0.00000000	-23.71432000	-4.77977300
157.49999083	0.00000000	-23.71432000	-5.15501900
157.69999081	0.00000000	-23.67126000	-5.89320800
157.89999080	0.00000000	-23.29601000	-6.26845500
158.09999079	0.00000000	-22.55167000	-6.31151500
158.29999078	0.00000000	-22.17643000	-6.31151500
158.49999077	0.00000000	-22.13336000	-6.31151500
158.69999075	0.00000000	-22.13336000	-6.31151500
158.89999074	0.00000000	-22.13336000	-6.31151500
159.09999073	0.00000000	-22.17643000	-6.26845500
159.29999072	0.00000000	-22.55167000	-5.89320800
159.49999071	0.00000000	-23.29601000	-5.15501900
159.69999070	0.00000000	-23.67126000	-4.77977300
159.89999068	0.00000000	-23.71432000	-4.73671200
160.09999067	0.00000000	-23.71432000	-4.73671200
160.29999066	0.00000000	-23.71432000	-4.77977300
160.49999065	0.00000000	-23.71432000	-5.15501900
160.69999064	0.00000000	-23.71432000	-5.89320800
160.89999062	0.00000000	-23.71432000	-6.26845500
161.09999061	0.00000000	-23.71432000	-6.31151500
161.29999060	0.00000000	-23.71432000	-6.31151500
161.49999059	0.00000000	-23.67126000	-6.31151500
161.69999058	0.00000000	-23.33907000	-6.31151500
161.89999056	0.00000000	-22.92692000	-6.26845500
162.09999055	0.00000000	-22.92076000	-5.89320800
162.29999054	0.00000000	-22.50861000	-5.15501900
162.49999053	0.00000000	-22.22564000	-4.77977300
162.69999052	0.00000000	-22.55167000	-4.73671200
162.89999051	0.00000000	-23.29601000	-4.77977300
163.09999049	0.00000000	-23.67126000	-5.15501900
163.29999048	0.00000000	-23.71432000	-5.89320800
163.49999047	0.00000000	-23.71432000	-6.26845500
163.69999046	0.00000000	-23.71432000	-6.31151500
163.89999045	0.00000000	-23.71432000	-6.31151500
164.09999043	0.00000000	-23.67126000	-6.31151500
164.29999042	0.00000000	-23.29601000	-6.31151500
164.49999041	0.00000000	-22.55167000	-6.31151500
164.69999040	0.00000000	-22.17643000	-6.31151500
164.89999039	0.00000000	-22.13336000	-6.31151500
165.09999037	0.00000000	-22.13336000	-6.31151500
165.29999036	0.00000000	-22.13336000	-6.31151500
165.49999035	0.00000000	-22.17643000	-6.31151500
165.69999034	0.00000000	-22.55167000	-6.31151500
165.89999033	0.00000000	-23.29601000	-6.31151500
166.09999032	0.00000000	-23.67126000	-6.31151500
166.29999030	0.00000000	-23.71432000	-6.31151500
166.49999029	0.00000000	-23.71432000	-6.31151500
166.69999028	0.00000000	-23.71432000	-6.31151500
166.89999027	0.00000000	-23.67126000	-6.31151500
167.09999026	0.00000000	-23.29601000	-6.31151500
167.29999024	0.00000000	-22.55167000	-6.31151500
167.49999023	0.00000000	-22.17643000	-6.31151500
167.69999022	0.00000000	-22.13336000	-6.31151500
167.89999021	0.00000000	-22.13336000	-6.31151500
168.09999020	0.00000000	-22.13336000	-6.31151500
168.29999018	0.00000000	-22.13336000	-6.26845500
168.49999017	0.00000000	-22.17643000	-5.93626900
168.69999016	0.00000000	-22.55167000	-5.57332700
168.89999015	0.00000000	-23.29601000	-5.93626900
169.09999014	0.00000000	-23.67126000	-6.26845500
169.29999013	0.00000000	-23.71432000	-6.31151500
169.49999011	0.00000000	-23.71432000	-6.31151500
169.69999010	0.00000000	-23.71432000	-6.31151500
169.89999009	0.00000000	-23.71432000	-6.31151500
170.09999008	0.00000000	-23.71432000	-6.26845500
170.29999007	0.00000000	-23.71432000	-5.93626900
170.49999005	0.00000000	-23.67126000	-5.57332700
170.69999004	0.00000000	-23.29601000	-5.93626900
170.89999003	0.00000000	-22.55167000	-6.26845500
171.09999002	0.00000000	-22.17643000	-6.31151500
171.29999001	0.00000000	-22.13336000	-6.31151500
171.49998999	0.00000000	-22.17643000	-6.31151500
171.69998998	0.00000000	-22.55167000	-6.31151500
171.89998997	0.00000000	-23.29601000	-6.31151500
172.09998996	0.00000000	-23.67126000	-6.31151500
172.29998995	0.00000000	-23.71432000	-6.31151500
172.49998994	0.00000000	-23.71432000	-6.31151500
172.69998992	0.00000000	-23.71432000	-6.31151500
172.89998991	0.00000000	-23.67126000	-6.31151500
173.09998990	0.00000000	-23.29601000	-6.31151500
173.29998989	0.00000000	-22.55167000	-6.31151500
173.49998988	0.00000000	-22.17643000	-6.31151500
173.69998986	0.00000000	-22.13336000	-6.31151500
173.89998985	0.00000000	-22.13336000	-6.31151500
174.09998984	0.00000000	-22.17643000	-6.31151500
174.29998983	0.00000000	-22.55167000	-6.31151500
174.49998982	0.00000000	-23.24680000	-6.31151500
174.69998980	0.00000000	-23.29601000	-6.31151500
174.89998979	0.00000000	-22.96998000	-6.31151500
175.09998978	0.00000000	-23.33907000	-6.31151500
175.29998977	0.00000000	-23.62205000	-6.31151500
175.49998976	0.00000000	-23.29601000	-6.31151500
175.69998975	0.00000000	-22.60088000	-6.31151500
175.89998973	0.00000000	-22.55167000	-6.31151500
176.09998972	0.00000000	-22.87770000	-6.31151500
176.29998971	0.00000000	-22.50861000	-6.31151500
176.49998970	0.00000000	-22.17643000	-6.31151500
176.69998969	0.00000000	-22.17643000	-6.31151500
176.89998967	0.00000000	-22.55167000	-6.31151500
177.09998966	0.00000000	-23.29601000	-6.31151500
177.29998965	0.00000000	-23.67126000	-6.31151500
177.49998964	0.00000000	-23.67126000	-6.31151500
177.69998963	0.00000000	-23.29601000	-6.31151500
177.89998961	0.00000000	-22.60088000	-6.31151500
178.09998960	0.00000000	-22.55167000	-6.31151500
178.29998959	0.00000000	-22.87770000	-6.31151500
178.49998958	0.00000000	-22.55167000	-6.26845500
178.69998957	0.00000000	-22.55167000	-5.89320800
178.89998956	0.00000000	-22.87770000	-5.19808000
179.09998954	0.00000000	-22.50861000	-5.19808000
179.29998953	0.00000000	-22.17643000	-5.85014700
179.49998952	0.00000000	-22.13336000	-5.89320800
179.69998951	0.00000000	-22.13336000	-5.57332700
179.89998950	0.00000000	-22.13336000	-5.93626900
180.09998948	0.00000000	-22.13336000	-6.26845500
180.29998947	0.00000000	-22.13336000	-6.31151500
180.49998946	0.00000000	-22.13336000	-6.31151500
180.69998945	0.00000000	-22.17643000	-6.31151500
180.89998944	0.00000000	-22.50861000	-6.26845500
181.09998942	0.00000000	-22.92076000	-5.93626900
181.29998941	0.00000000	-22.88386000	-5.53026500
181.49998940	0.00000000	-22.92076000	-5.51796200
181.69998939	0.00000000	-22.50861000	-5.11195900
181.89998938	0.00000000	-22.17643000	-4.77977300
182.09998937	0.00000000	-22.13336000	-4.77977300
182.29998935	0.00000000	-22.17643000	-5.15501900
182.49998934	0.00000000	-22.50861000	-5.89320800
182.69998933	0.00000000	-22.87770000	-6.26845500
182.89998932	0.00000000	-22.50861000	-6.31151500
183.09998931	0.00000000	-22.22564000	-6.31151500
183.29998929	0.00000000	-22.50861000	-6.31151500
183.49998928	0.00000000	-22.87770000	-6.31151500
183.69998927	0.00000000	-22.50861000	-6.31151500
183.89998926	0.00000000	-22.17643000	-6.26845500
184.09998925	0.00000000	-22.17643000	-5.89320800
184.29998923	0.00000000	-22.55167000	-5.15501900
184.49998922	0.00000000	-23.24680000	-4.77977300
184.69998921	0.00000000	-23.24680000	-4.73671200
184.89998920	0.00000000	-22.55167000	-4.73671200
185.09998919	0.00000000	-22.17643000	-4.73671200
185.29998918	0.00000000	-22.13336000	-4.77977300
185.49998916	0.00000000	-22.13336000	-5.15501900
185.69998915	0.00000000	-22.13336000	-5.89320800
185.89998914	0.00000000	-22.13336000	-6.26845500
186.09998913	0.00000000	-22.13336000	-6.31151500
186.29998912	0.00000000	-22.13336000	-6.31151500
186.49998910	0.00000000	-22.17643000	-6.31151500
186.69998909	0.00000000	-22.55167000	-6.26845500
186.89998908	0.00000000	-23.29601000	-5.89320800
187.09998907	0.00000000	-23.67126000	-5.15501900
187.29998906	0.00000000	-23.71432000	-4.77977300
187.49998904	0.00000000	-23.67126000	-4.73671200
187.69998903	0.00000000	-23.29601000	-4.73671200
187.89998902	0.00000000	-22.55167000	-4.73671200
188.09998901	0.00000000	-22.17643000	-4.73671200
188.29998900	0.00000000	-22.13336000	-4.77977300
188.49998899	0.00000000	-22.13336000	-5.15501900
188.69998897	0.00000000	-22.13336000	-5.89320800
188.89998896	0.00000000	-22.13336000	-6.26845500
189.09998895	0.00000000	-22.13336000	-6.31151500
189.29998894	0.00000000	-22.13336000	-6.31151500
189.49998893	0.00000000	-22.13336000	-6.31151500
189.69998891	0.00000000	-22.17643000	-6.31151500
189.89998890	0.00000000	-22.55167000	-6.31151500
190.09998889	0.00000000	-23.29601000	-6.26845500
190.29998888	0.00000000	-23.67126000	-5.89320800
190.49998887	0.00000000	-23.71432000	-5.15501900
190.69998885	0.00000000	-23.67126000	-4.77977300
190.89998884	0.00000000	-23.29601000	-4.73671200
191.09998883	0.00000000	-22.55167000	-4.73671200
191.29998882	0.00000000	-22.17643000	-4.77977300
191.49998881	0.00000000	-22.13336000	-5.15501900
191.69998880	0.00000000	-22.13336000	-5.89320800
191.89998878	0.00000000	-22.13336000	-6.26845500
192.09998877	0.00000000	-22.13336000	-6.31151500
192.29998876	0.00000000	-22.13336000	-6.31151500
192.49998875	0.00000000	-22.13336000	-6.31151500
192.69998874	0.00000000	-22.13336000	-6.31151500
192.89998872	0.00000000	-22.17643000	-6.26845500
193.09998871	0.00000000	-22.50861000	-5.93626900
193.29998870	0.00000000	-22.92076000	-5.57332700
193.49998869	0.00000000	-22.88386000	-5.89320800
193.69998868	0.00000000	-22.92076000	-5.85014700
193.89998866	0.00000000	-22.50861000	-5.15501900
194.09998865	0.00000000	-22.17643000	-4.77977300
194.29998864	0.00000000	-22.13336000	-4.77977300
194.49998863	0.00000000	-22.13336000	-5.11195900
194.69998862	0.00000000	-22.13336000	-5.51796200
194.89998861	0.00000000	-22.13336000	-5.53026500
195.09998859	0.00000000	-22.13336000	-5.93626900
195.29998858	0.00000000	-22.13336000	-6.26845500
195.49998857	0.00000000	-22.13336000	-6.31151500
195.69998856	0.00000000	-22.17643000	-6.31151500
195.89998855	0.00000000	-22.55167000	-6.31151500
196.09998853	0.00000000	-23.24680000	-6.26845500
