Time	Channel A	Channel B	Channel C
(us)	(V)	(mV)	(mV)

-4.49999956	0.00000000	-90.12672000	-36.31274000
-4.29999957	0.00000000	-90.12672000	-36.31274000
-4.09999958	0.00000000	-90.12672000	-36.31274000
-3.89999959	0.00000000	-90.12672000	-36.31274000
-3.69999960	0.00000000	-90.12672000	-36.31274000
-3.49999962	0.00000000	-90.12672000	-36.31274000
-3.29999963	0.00000000	-90.12672000	-36.31274000
-3.09999964	0.00000000	-90.12672000	-36.31274000
-2.89999965	0.00000000	-90.12672000	-36.31274000
-2.69999966	0.00000000	-90.12672000	-36.31274000
-2.49999968	0.00000000	-90.12672000	-36.31274000
-2.29999969	0.00000000	-90.12672000	-36.31274000
-2.09999970	0.00000000	-90.12672000	-36.31274000
-1.89999971	0.00000000	-90.12672000	-36.35580000
-1.69999972	0.00000000	-90.12672000	-36.68799000
-1.49999973	0.00000000	-90.12672000	-37.05708000
-1.29999975	0.00000000	-90.08366000	-36.68799000
-1.09999976	0.00000000	-89.75147000	-36.40502000
-0.89999977	0.00000000	-89.38238000	-36.68799000
-0.69999978	0.00000000	-89.75147000	-37.05708000
-0.49999979	0.00000000	-90.08366000	-36.73105000
-0.29999981	0.31803640	-90.12672000	-36.78026000
-0.09999982	0.63668800	-90.12672000	-37.42618000
0.10000017	0.95533960	-90.12672000	-37.42618000
0.30000016	0.95533960	-90.12672000	-36.78026000
0.50000015	0.79601380	-90.12672000	-36.78026000
0.70000013	0.15871060	-90.12672000	-37.47539000
0.90000012	-0.63668800	-90.12672000	-37.85064000
1.10000011	-1.59264300	-90.12672000	-37.89370000
1.30000010	-2.54859700	-90.12672000	-37.85064000
1.50000009	-2.86724900	-90.12672000	-37.47539000
1.70000008	-2.38927200	-90.12672000	-36.73105000
1.90000006	-1.11466500	-90.12672000	-36.40502000
2.10000005	0.79601380	-90.12672000	-36.68799000
2.30000004	2.86724900	-90.12672000	-37.10014000
2.50000003	4.61921700	-90.12672000	-37.10630000
2.70000002	5.41584600	-90.12672000	-37.51845000
2.90000000	4.77854300	-90.12672000	-37.85064000
3.09999999	2.54859700	-90.12672000	-37.89370000
3.29999998	-0.63668800	-90.12672000	-37.89370000
3.49999997	-3.98191400	-90.12672000	-37.89370000
3.69999996	-6.69045300	-90.12672000	-37.85064000
3.89999994	-7.96444400	-90.08366000	-37.47539000
4.09999993	-7.32714100	-89.75147000	-36.73105000
4.29999992	-4.61921700	-89.33932000	-36.35580000
4.49999991	-0.47736220	-89.37623000	-36.31274000
4.69999990	3.82258900	-89.33932000	-36.31274000
4.89999989	7.48646600	-89.75147000	-36.35580000
5.09999987	9.39837600	-90.08366000	-36.73105000
5.29999986	8.92039900	-90.12672000	-37.47539000
5.49999985	6.05315000	-90.12672000	-37.85064000
5.69999984	1.75196900	-90.12672000	-37.89370000
5.89999983	-3.02657500	-90.12672000	-37.85064000
6.09999981	-7.00848900	-90.12672000	-37.47539000
6.29999980	-9.23905000	-90.12672000	-36.73105000
6.49999979	-9.07972400	-90.12672000	-36.35580000
6.69999978	-6.84916400	-90.12672000	-36.31274000
6.89999977	-2.86724900	-90.12672000	-36.31274000
7.09999975	1.59264300	-90.08366000	-36.31274000
7.29999974	5.25652100	-89.75147000	-36.31274000
7.49999973	7.48646600	-89.38238000	-36.31274000
7.69999972	7.64579200	-89.75147000	-36.35580000
7.89999971	5.89382400	-90.08366000	-36.73105000
8.09999970	3.02657500	-90.12672000	-37.42618000
8.29999968	-0.31803640	-90.12672000	-37.42618000
8.49999967	-3.18590100	-90.12672000	-36.73105000
8.69999966	-4.93786900	-90.12672000	-36.35580000
8.89999965	-5.25652100	-90.12672000	-36.31274000
9.09999964	-4.14124000	-90.12672000	-36.31274000
9.29999962	-2.38927200	-90.08366000	-36.31274000
9.49999961	-0.47736220	-89.70841000	-36.31274000
9.69999960	1.27399100	-88.96407000	-36.31274000
9.89999959	2.22994600	-88.63803000	-36.31274000
10.09999958	2.54859700	-88.92101000	-36.31274000
10.29999956	2.07062000	-89.33316000	-36.35580000
10.49999955	1.27399100	-89.33932000	-36.68799000
10.69999954	0.47736220	-89.75147000	-37.05708000
10.89999953	-0.31803640	-90.08366000	-36.68799000
11.09999952	-0.79601380	-90.12672000	-36.40502000
11.29999951	-0.95533960	-90.12672000	-36.68799000
11.49999949	-0.95533960	-90.12672000	-37.05708000
11.69999948	-0.79601380	-90.12672000	-36.73105000
11.89999947	-0.47736220	-90.12672000	-36.73105000
12.09999946	-0.15871060	-90.12672000	-37.10014000
12.29999945	-0.15871060	-90.12672000	-37.06324000
12.49999943	-0.15871060	-90.12672000	-37.10014000
12.69999942	0.00000000	-90.12672000	-36.68799000
12.89999941	0.00000000	-90.12672000	-36.35580000
13.09999940	0.00000000	-90.12672000	-36.31274000
13.29999939	0.00000000	-90.12672000	-36.31274000
13.49999937	0.00000000	-90.12672000	-36.31274000
13.69999936	0.00000000	-90.12672000	-36.31274000
13.89999935	-0.15871060	-90.12672000	-36.31274000
14.09999934	-0.15871060	-90.12672000	-36.31274000
14.29999933	-0.15871060	-90.12672000	-36.31274000
14.49999932	-0.15871060	-90.12672000	-36.31274000
14.69999930	0.00000000	-90.12672000	-36.31274000
14.89999929	0.00000000	-90.12672000	-36.35580000
15.09999928	0.00000000	-90.12672000	-36.68799000
15.29999927	0.00000000	-90.12672000	-37.05708000
15.49999926	0.00000000	-90.12672000	-36.73105000
15.69999924	0.00000000	-90.12672000	-36.73105000
15.89999923	0.00000000	-90.12672000	-37.05708000
16.09999922	0.00000000	-90.12672000	-36.68799000
16.29999921	-0.15871060	-90.12672000	-36.35580000
16.49999920	-0.15871060	-90.08366000	-36.31274000
16.69999919	-0.15871060	-89.70841000	-36.31274000
16.89999917	0.00000000	-88.96407000	-36.31274000
17.09999916	0.00000000	-88.58882000	-36.35580000
17.29999915	0.00000000	-88.54576000	-36.68799000
17.49999914	0.00000000	-88.54576000	-37.05708000
17.69999913	0.00000000	-88.58882000	-36.73105000
17.89999911	0.00000000	-89.01328000	-36.78026000
18.09999910	0.00000000	-90.16978000	-37.47539000
18.29999909	0.00000000	-91.70767000	-37.85064000
18.49999908	0.00000000	-93.24557000	-37.89370000
18.69999907	0.00000000	-94.40206000	-37.89370000
18.89999905	0.00000000	-94.77731000	-37.85064000
19.09999904	0.00000000	-94.35899000	-37.51845000
19.29999903	0.00000000	-92.77805000	-37.10630000
19.49999902	0.00000000	-90.03444000	-37.14321000
19.69999901	0.00000000	-86.54650000	-37.06324000
19.89999900	0.00000000	-82.68947000	-37.10014000
20.09999898	0.00000000	-79.65674000	-36.68799000
20.29999897	0.00000000	-78.54330000	-36.40502000
20.49999896	0.00000000	-80.12425000	-36.73105000
20.69999895	0.00000000	-84.44881000	-37.47539000
20.89999894	0.00000000	-91.01255000	-37.85064000
21.09999892	-0.15871060	-98.77583000	-37.89370000
21.29999891	0.00000000	-105.67170000	-37.89370000
21.49999890	0.00000000	-110.27310000	-37.89370000
21.69999889	0.00000000	-110.51300000	-37.89370000
21.89999888	0.00000000	-105.48100000	-37.89370000
22.09999886	0.00000000	-95.76156000	-37.89370000
22.29999885	0.00000000	-83.38459000	-37.85064000
22.49999884	0.00000000	-70.68159000	-37.51845000
22.69999883	0.00000000	-61.09743000	-37.10630000
22.89999882	0.00000000	-57.64640000	-37.10014000
23.09999881	0.00000000	-61.18356000	-36.68799000
23.29999879	0.00000000	-71.70275000	-36.31274000
23.49999878	-0.15871060	-87.56766000	-35.89444000
23.69999877	0.00000000	-105.33960000	-35.15625000
23.89999876	0.00000000	-121.16140000	-34.78100000
24.09999875	0.00000000	-131.07160000	-34.78100000
24.29999873	0.00000000	-131.77290000	-35.19931000
24.49999872	0.00000000	-122.09650000	-36.36196000
24.69999871	0.00000000	-104.32450000	-37.89370000
24.89999870	0.00000000	-82.26501000	-39.47465000
25.09999869	0.00000000	-60.62992000	-40.96333000
25.29999867	0.00000000	-44.48204000	-41.70152000
25.49999866	-0.15871060	-37.96751000	-40.92027000
25.69999865	0.00000000	-43.45472000	-39.00713000
25.89999864	0.00000000	-60.02706000	-36.22662000
26.09999863	0.00000000	-83.93823000	-32.73868000
26.29999862	0.00000000	-109.01820000	-28.88779000
26.49999860	0.00000000	-129.53990000	-25.86122000
26.69999859	0.00000000	-141.12330000	-24.74778000
26.89999858	0.00000000	-141.12330000	-26.32874000
27.09999857	0.00000000	-129.53990000	-30.59793000
27.29999856	0.00000000	-109.06740000	-36.82332000
27.49999854	-0.15871060	-84.35654000	-44.21136000
27.69999853	0.00000000	-61.18356000	-51.46407000
27.89999852	0.00000000	-44.94955000	-56.42839000
28.09999851	0.00000000	-39.13632000	-57.13583000
28.29999850	0.00000000	-44.85728000	-53.27264000
28.49999848	0.00000000	-60.25467000	-45.06028000
28.69999847	0.00000000	-81.10851000	-33.90133000
28.89999846	0.00000000	-102.78670000	-21.91806000
29.09999845	0.00000000	-120.60780000	-12.34006000
29.29999844	0.00000000	-131.07160000	-7.32652500
29.49999843	0.00000000	-132.28350000	-8.57529400
29.69999841	0.00000000	-124.18800000	-16.28937000
29.89999840	0.00000000	-109.20280000	-29.06619000
30.09999839	0.00000000	-91.01255000	-44.11909000
30.29999838	0.00000000	-73.97884000	-58.42765000
30.49999837	0.00000000	-61.14050000	-68.79305000
30.69999835	0.00000000	-54.95201000	-72.65009000
30.89999834	0.00000000	-56.39764000	-68.75000000
31.09999833	0.00000000	-64.53616000	-57.96629000
31.29999832	0.00000000	-77.24532000	-42.45201000
31.49999831	0.00000000	-91.94144000	-25.44291000
31.69999829	0.00000000	-104.69980000	-10.02092000
31.89999828	0.00000000	-113.29970000	-0.03075787
32.09999827	0.00000000	-116.41850000	1.92544300
32.29999826	0.00000000	-113.76720000	-4.25688900
32.49999825	0.00000000	-106.45920000	-17.40280000
32.69999824	0.00000000	-96.40748000	-34.73794000
32.89999822	0.00000000	-85.93749000	-52.15920000
33.09999821	0.00000000	-77.00541000	-66.09866000
33.29999820	0.00000000	-71.23524000	-74.23105000
33.49999819	0.00000000	-70.07874000	-74.60629000
33.69999818	0.00000000	-73.84350000	-67.30437000
33.89999816	0.00000000	-80.77632000	-54.15846000
34.09999815	0.00000000	-88.87794000	-37.89370000
34.29999814	0.00000000	-96.59202000	-21.67815000
34.49999813	0.00000000	-101.62400000	-8.99360200
34.69999812	0.00000000	-103.25420000	-3.18651600
34.89999810	0.00000000	-101.66710000	-5.41338600
35.09999809	0.00000000	-97.10260000	-14.24705000
35.29999808	0.00000000	-90.96333000	-27.39296000
35.49999807	0.00000000	-85.56225000	-42.07677000
35.69999806	0.00000000	-81.66215000	-55.18577000
35.89999805	0.00000000	-80.16732000	-63.63803000
36.09999803	0.00000000	-81.66215000	-65.21899000
36.29999802	0.00000000	-85.47613000	-59.87328000
36.49999801	0.00000000	-90.08366000	-49.50787000
36.69999800	0.00000000	-94.35899000	-36.82332000
36.89999799	0.00000000	-97.43479000	-25.30143000
37.09999797	0.00000000	-98.54822000	-17.91339000
37.29999796	0.00000000	-97.01033000	-15.95718000
37.49999795	0.00000000	-93.19635000	-19.44513000
37.69999794	0.00000000	-88.58882000	-27.86048000
37.89999793	0.00000000	-84.31348000	-38.50270000
38.09999791	0.00000000	-81.23769000	-47.33021000
38.29999790	0.00000000	-80.08120000	-52.02386000
38.49999789	0.00000000	-81.23769000	-52.02386000
38.69999788	0.00000000	-84.31348000	-47.37327000
38.89999787	0.00000000	-88.54576000	-38.96407000
39.09999786	-0.15871060	-92.82111000	-29.48450000
39.29999784	0.00000000	-96.31520000	-22.56398000
39.49999783	0.00000000	-98.64050000	-20.23253000
39.69999782	0.00000000	-99.01575000	-22.51476000
39.89999781	0.00000000	-97.47784000	-29.10925000
40.09999780	0.00000000	-94.35899000	-38.26894000
40.29999778	0.00000000	-90.12672000	-47.46555000
40.49999777	0.00000000	-85.85137000	-53.60482000
40.69999776	0.00000000	-82.35728000	-55.13656000
40.89999775	0.00000000	-80.03198000	-51.64862000
41.09999774	0.00000000	-79.65674000	-43.61467000
41.29999772	0.00000000	-81.15157000	-33.66756000
41.49999771	0.00000000	-83.89517000	-24.79084000
41.69999770	0.00000000	-87.38312000	-18.98376000
41.89999769	0.00000000	-91.28937000	-17.49508000
42.09999768	0.00000000	-94.73425000	-20.93381000
42.29999767	0.00000000	-97.05954000	-28.55561000
42.49999765	0.00000000	-97.47784000	-37.38312000
42.69999764	0.00000000	-96.35826000	-45.14640000
42.89999763	0.00000000	-94.40206000	-50.53518000
43.09999762	0.00000000	-91.70767000	-52.11614000
43.29999761	0.00000000	-89.01328000	-49.84006000
43.49999759	0.00000000	-87.05708000	-44.86343000
43.69999758	0.00000000	-85.85137000	-38.31200000
43.89999757	0.00000000	-85.47613000	-32.17273000
44.09999756	0.00000000	-85.80216000	-27.90354000
44.29999755	0.00000000	-86.54650000	-26.32259000
44.49999753	0.00000000	-86.92175000	-27.44217000
44.69999752	0.00000000	-86.96481000	-30.46260000
44.89999751	0.00000000	-86.96481000	-34.36269000
45.09999750	0.00000000	-87.00787000	-38.22588000
45.29999749	0.00000000	-87.47539000	-41.70152000
45.49999748	0.00000000	-89.05634000	-43.61467000
45.69999746	0.00000000	-91.75073000	-43.65773000
45.89999745	0.00000000	-94.82652000	-42.16904000
46.09999744	0.00000000	-97.52091000	-39.84990000
46.29999743	0.00000000	-99.05880000	-37.51845000
46.49999742	0.00000000	-98.96652000	-35.15625000
46.69999740	0.00000000	-96.59202000	-33.24926000
46.89999739	0.00000000	-91.57234000	-32.12967000
47.09999738	0.00000000	-85.42691000	-32.50492000
47.29999737	0.00000000	-79.61367000	-34.40575000
47.49999736	0.00000000	-75.38139000	-36.68799000
47.69999734	0.00000000	-73.89271000	-39.05635000
47.89999733	0.00000000	-75.89198000	-40.96333000
48.09999732	0.00000000	-81.70521000	-42.11983000
48.29999731	0.00000000	-90.16978000	-42.11983000
48.49999730	0.00000000	-99.01575000	-40.96333000
48.69999729	0.00000000	-105.94860000	-39.00713000
48.89999727	0.00000000	-109.02440000	-36.26968000
49.09999726	0.00000000	-107.48650000	-33.24926000
49.29999725	0.00000000	-101.66710000	-30.93012000
49.49999724	0.00000000	-92.77805000	-30.13656000
49.69999723	0.00000000	-82.77559000	-30.55487000
49.89999721	0.00000000	-74.31102000	-32.54798000
50.09999720	0.00000000	-69.70349000	-36.36196000
50.29999719	0.00000000	-70.07874000	-40.54502000
50.49999718	0.00000000	-75.47367000	-43.65773000
50.69999717	0.00000000	-84.31348000	-45.23868000
50.89999715	0.00000000	-94.31594000	-45.19562000
51.09999714	0.00000000	-102.78670000	-43.23941000
51.29999713	0.00000000	-107.39420000	-39.43159000
51.49999712	0.00000000	-107.06820000	-35.19931000
51.69999711	0.00000000	-102.09150000	-31.66830000
51.89999710	0.00000000	-94.40822000	-28.97392000
52.09999708	0.00000000	-85.89443000	-27.86048000
52.29999707	0.00000000	-78.63557000	-29.01698000
52.49999706	0.00000000	-74.77238000	-32.04355000
52.69999705	0.00000000	-75.51672000	-35.89444000
52.89999704	0.00000000	-80.08120000	-39.38238000
53.09999702	0.00000000	-87.00787000	-42.11983000
53.29999701	0.00000000	-94.31594000	-43.61467000
53.49999700	0.00000000	-100.08610000	-43.23941000
53.69999699	0.00000000	-102.74360000	-40.96333000
53.89999698	0.00000000	-101.24880000	-37.94291000
54.09999696	0.00000000	-96.31520000	-35.19931000
54.29999695	0.00000000	-90.12672000	-33.29232000
54.49999694	0.00000000	-83.93823000	-32.50492000
54.69999693	0.00000000	-79.01083000	-33.24926000
54.89999692	0.00000000	-77.47293000	-34.78100000
55.09999691	0.00000000	-79.70595000	-36.64493000
55.29999689	0.00000000	-84.31348000	-38.17052000
55.49999688	0.00000000	-90.12672000	-38.17667000
55.69999687	0.00000000	-95.85383000	-37.47539000
55.89999686	0.00000000	-99.66781000	-36.26968000
56.09999685	0.00000000	-100.08610000	-34.78100000
56.29999683	0.00000000	-97.43479000	-33.62450000
56.49999682	0.00000000	-92.87032000	-33.29232000
56.69999681	0.00000000	-87.80142000	-34.08588000
56.89999680	0.00000000	-83.56299000	-36.40502000
57.09999679	0.00000000	-80.45644000	-39.42544000
57.29999677	0.00000000	-79.74902000	-42.11983000
57.49999676	0.00000000	-81.61294000	-43.61467000
57.69999675	0.00000000	-85.42691000	-43.19635000
57.89999674	0.00000000	-89.65919000	-40.50196000
58.09999673	0.00000000	-93.15329000	-36.26968000
58.29999672	0.00000000	-95.47859000	-31.66830000
58.49999670	0.00000000	-95.85383000	-27.81127000
58.69999669	0.00000000	-94.35899000	-25.95349000
58.89999668	0.00000000	-91.70767000	-26.74705000
59.09999667	0.00000000	-89.01328000	-30.64099000
59.29999666	0.00000000	-87.05708000	-36.73105000
59.49999664	0.00000000	-85.89443000	-43.28247000
59.69999663	0.00000000	-85.89443000	-48.25910000
59.89999662	0.00000000	-87.00787000	-50.57824000
60.09999661	0.00000000	-88.54576000	-49.42175000
60.29999660	0.00000000	-90.08366000	-45.19562000
60.49999658	0.00000000	-91.24016000	-38.96407000
60.69999657	0.00000000	-91.61539000	-31.66830000
60.89999656	0.00000000	-91.28937000	-25.16609000
61.09999655	0.00000000	-90.50197000	-21.72736000
61.29999654	0.00000000	-89.70841000	-22.09646000
61.49999653	0.00000000	-88.58882000	-26.32874000
61.69999651	0.00000000	-87.85063000	-33.24926000
61.89999650	0.00000000	-88.21358000	-40.96333000
62.09999649	0.00000000	-88.96407000	-47.88385000
62.29999648	-0.15871060	-90.12672000	-52.11614000
62.49999647	0.00000000	-91.24016000	-52.53445000
62.69999645	0.00000000	-91.66460000	-49.46481000
62.89999644	0.00000000	-91.61539000	-43.65773000
63.09999643	0.00000000	-90.87106000	-36.31274000
63.29999642	0.00000000	-89.33932000	-29.01698000
63.49999641	0.00000000	-88.21358000	-23.62820000
63.69999639	0.00000000	-87.38312000	-21.67815000
63.89999638	0.00000000	-87.00787000	-23.16683000
64.09999637	0.00000000	-87.00787000	-27.43602000
64.29999636	0.00000000	-87.43233000	-33.57529000
64.49999635	0.00000000	-88.58882000	-40.12672000
64.69999634	0.00000000	-90.08366000	-45.19562000
64.89999632	0.00000000	-91.24016000	-48.35138000
65.09999631	0.00000000	-91.61539000	-49.46481000
65.29999630	0.00000000	-91.24016000	-47.93307000
65.49999629	0.00000000	-90.12672000	-44.11909000
65.69999628	0.00000000	-89.01328000	-39.47465000
65.89999626	0.00000000	-88.54576000	-34.78100000
66.09999625	0.00000000	-88.17052000	-30.55487000
66.29999624	0.00000000	-87.85063000	-27.81127000
66.49999623	0.00000000	-88.63803000	-26.97465000
66.69999622	0.00000000	-90.08366000	-27.34990000
66.89999620	0.00000000	-91.24016000	-28.97392000
67.09999619	0.00000000	-91.61539000	-32.04355000
67.29999618	0.00000000	-91.24016000	-35.89444000
67.49999617	0.00000000	-90.03444000	-39.42544000
67.69999616	0.00000000	-88.12745000	-42.54429000
67.89999615	0.00000000	-85.85137000	-44.90649000
68.09999613	0.00000000	-84.35654000	-46.07529000
68.29999612	0.00000000	-84.31348000	-46.43824000
68.49999611	0.00000000	-85.51919000	-45.18947000
68.69999610	0.00000000	-87.85063000	-42.11983000
68.89999609	0.00000000	-91.33242000	-37.85064000
69.09999607	0.00000000	-94.77731000	-33.20005000
69.29999606	0.00000000	-97.47784000	-28.93085000
69.49999605	0.00000000	-98.59129000	-25.86122000
69.69999604	0.00000000	-97.43479000	-24.70472000
69.89999603	0.00000000	-94.31594000	-25.90428000
70.09999601	0.00000000	-89.65919000	-29.39222000
70.29999600	0.00000000	-84.31348000	-34.78100000
70.49999599	0.00000000	-80.08120000	-40.54502000
70.69999598	0.00000000	-78.12499000	-45.19562000
70.89999597	0.00000000	-78.50024000	-47.88385000
71.09999596	0.00000000	-81.23769000	-47.88385000
71.29999594	0.00000000	-85.89443000	-45.23868000
71.49999593	0.00000000	-91.66460000	-41.00639000
71.69999592	0.00000000	-97.05954000	-36.36196000
71.89999591	0.00000000	-100.55360000	-32.08661000
72.09999590	0.00000000	-101.71630000	-28.97392000
72.29999588	0.00000000	-100.13530000	-27.43602000
72.49999587	0.00000000	-95.89690000	-27.86048000
72.69999586	0.00000000	-90.12672000	-30.51181000
72.89999585	0.00000000	-84.35654000	-34.31963000
73.09999584	0.00000000	-80.08120000	-37.75836000
73.29999582	0.00000000	-78.12499000	-40.12672000
73.49999581	0.00000000	-78.50024000	-40.92027000
73.69999580	0.00000000	-81.19463000	-40.58809000
73.89999579	0.00000000	-85.42691000	-39.43159000
74.09999578	0.00000000	-90.08366000	-37.93676000
74.29999577	0.00000000	-94.35899000	-36.78026000
74.49999575	0.00000000	-97.38557000	-36.40502000
74.69999574	0.00000000	-98.17298000	-36.73105000
74.89999573	0.00000000	-96.31520000	-37.51845000
75.09999572	0.00000000	-93.28863000	-38.26894000
75.29999571	0.00000000	-90.16978000	-38.96407000
75.49999569	0.00000000	-87.43233000	-38.54576000
75.69999568	0.00000000	-85.47613000	-36.64493000
75.89999567	0.00000000	-84.31348000	-34.36269000
76.09999566	0.00000000	-84.31348000	-31.99434000
76.29999565	0.00000000	-85.42691000	-30.17962000
76.49999563	0.00000000	-86.96481000	-29.81053000
76.69999562	0.00000000	-88.50270000	-31.75443000
76.89999561	0.00000000	-89.65919000	-35.19931000
77.09999560	0.00000000	-90.08366000	-39.47465000
77.29999559	0.00000000	-90.08366000	-43.65773000
77.49999558	0.00000000	-89.75147000	-46.35211000
77.69999556	0.00000000	-89.38238000	-46.77042000
77.89999555	0.00000000	-89.79453000	-45.18947000
78.09999554	0.00000000	-90.50197000	-41.70152000
78.29999553	0.00000000	-91.28937000	-36.68799000
78.49999552	0.00000000	-91.66460000	-31.71137000
78.69999550	0.00000000	-91.66460000	-27.81127000
78.89999549	0.00000000	-91.19709000	-25.90428000
79.09999548	0.00000000	-89.65919000	-26.27953000
79.29999547	0.00000000	-87.38312000	-28.97392000
79.49999546	0.00000000	-85.47613000	-33.20005000
79.69999544	0.00000000	-84.31348000	-37.85064000
79.89999543	0.00000000	-84.35654000	-42.11983000
80.09999542	0.00000000	-85.89443000	-45.18947000
80.29999541	0.00000000	-88.58882000	-46.35211000
80.49999540	0.00000000	-91.66460000	-45.23868000
80.69999539	-0.15871060	-94.35899000	-42.58735000
80.89999537	0.00000000	-95.89690000	-39.47465000
81.09999536	0.00000000	-95.89690000	-36.31274000
81.29999535	0.00000000	-94.35899000	-33.24926000
81.49999534	0.00000000	-91.66460000	-30.88090000
81.69999533	0.00000000	-88.58882000	-29.71826000
81.89999531	0.00000000	-85.89443000	-29.30610000
82.09999530	0.00000000	-84.35654000	-30.13656000
82.29999529	0.00000000	-84.31348000	-32.04355000
82.49999528	0.00000000	-85.47613000	-34.78100000
82.69999527	0.00000000	-87.38312000	-37.85064000
82.89999525	0.00000000	-89.70841000	-40.58809000
83.09999524	0.00000000	-91.61539000	-42.58735000
83.29999523	0.00000000	-92.82111000	-44.07603000
83.49999522	0.00000000	-93.19635000	-44.44513000
83.69999521	0.00000000	-92.82111000	-42.91954000
83.89999520	0.00000000	-91.66460000	-40.58809000
84.09999518	0.00000000	-90.16978000	-37.43233000
84.29999517	0.00000000	-89.01328000	-33.62450000
84.49999516	0.00000000	-88.58882000	-30.51181000
84.69999515	0.00000000	-88.54576000	-28.51255000
84.89999514	0.00000000	-88.54576000	-27.43602000
85.09999512	0.00000000	-88.54576000	-28.22958000
85.29999511	0.00000000	-88.54576000	-31.33612000
85.49999510	-0.15871060	-88.54576000	-35.53149000
85.69999509	0.00000000	-88.54576000	-40.16978000
85.89999508	0.00000000	-88.54576000	-43.61467000
86.09999506	0.00000000	-88.54576000	-45.19562000
86.29999505	0.00000000	-88.63803000	-44.82037000
86.49999504	0.00000000	-89.38238000	-42.49508000
86.69999503	0.00000000	-90.87106000	-39.00713000
86.89999502	0.00000000	-91.61539000	-34.73794000
87.09999501	0.00000000	-91.66460000	-30.51181000
87.29999499	0.00000000	-91.28937000	-27.48524000
87.49999498	0.00000000	-90.50197000	-26.69783000
87.69999497	0.00000000	-89.70841000	-28.64173000
87.89999496	0.00000000	-88.50270000	-32.41265000
88.09999495	0.00000000	-87.00787000	-37.10014000
88.29999493	0.00000000	-85.89443000	-41.29552000
88.49999492	0.00000000	-85.89443000	-44.40207000
88.69999491	0.00000000	-87.00787000	-45.14640000
88.89999490	0.00000000	-88.54576000	-43.61467000
89.09999489	0.00000000	-90.08366000	-40.12672000
89.29999487	0.00000000	-91.24016000	-35.15625000
89.49999486	0.00000000	-91.61539000	-30.55487000
89.69999485	0.00000000	-91.28937000	-27.48524000
89.89999484	0.00000000	-90.50197000	-26.74705000
90.09999483	0.00000000	-89.75147000	-29.01698000
90.29999482	-0.15871060	-88.96407000	-33.20005000
90.49999480	0.00000000	-88.58882000	-37.85064000
90.69999479	0.00000000	-88.54576000	-42.11983000
90.89999478	0.00000000	-88.54576000	-45.14640000
91.09999477	0.00000000	-88.54576000	-45.93381000
91.29999476	0.00000000	-88.54576000	-43.98991000
91.49999474	0.00000000	-88.54576000	-40.16978000
91.69999473	0.00000000	-88.54576000	-35.15625000
91.89999472	0.00000000	-88.54576000	-30.59793000
92.09999471	0.00000000	-88.54576000	-27.90354000
92.29999470	0.00000000	-88.54576000	-27.86048000
92.49999468	0.00000000	-88.58882000	-30.13656000
92.69999467	0.00000000	-89.01328000	-33.66756000
92.89999466	0.00000000	-90.16978000	-38.26894000
93.09999465	0.00000000	-91.66460000	-42.82111000
93.29999464	0.00000000	-92.77805000	-45.14640000
93.49999463	0.00000000	-92.82111000	-45.19562000
93.69999461	0.00000000	-92.03986000	-43.23941000
93.89999460	0.00000000	-90.87106000	-39.38238000
94.09999459	0.00000000	-88.87794000	-34.83022000
94.29999458	0.00000000	-86.63262000	-30.97318000
94.49999457	0.00000000	-84.68873000	-29.06619000
94.69999455	0.00000000	-83.93823000	-29.43528000
94.89999454	0.00000000	-84.27042000	-32.08661000
95.09999453	0.00000000	-85.47613000	-35.93750000
95.29999452	0.00000000	-87.47539000	-39.80069000
95.49999451	0.00000000	-90.54502000	-43.19635000
95.69999449	0.00000000	-93.94069000	-44.35285000
95.89999448	0.00000000	-95.89690000	-42.91954000
96.09999447	0.00000000	-96.31520000	-40.58809000
96.29999446	0.00000000	-95.52164000	-37.47539000
96.49999445	0.00000000	-93.15329000	-34.08588000
96.69999444	0.00000000	-89.70841000	-32.12967000
96.89999442	0.00000000	-85.85137000	-31.66830000
97.09999441	0.00000000	-82.73252000	-32.08661000
97.29999440	0.00000000	-80.81939000	-33.61835000
97.49999439	0.00000000	-80.45644000	-35.89444000
97.69999438	0.00000000	-82.40034000	-37.85064000
97.89999436	0.00000000	-85.80216000	-39.38238000
98.09999435	0.00000000	-89.75147000	-40.12672000
98.29999434	0.00000000	-93.57159000	-39.38238000
98.49999433	0.00000000	-96.68430000	-37.93676000
98.69999432	0.00000000	-97.80389000	-36.73105000
98.89999430	0.00000000	-97.10260000	-35.93750000
99.09999429	0.00000000	-94.73425000	-35.15625000
99.29999428	0.00000000	-91.28937000	-34.78100000
99.49999427	0.00000000	-87.43233000	-34.73794000
99.69999426	0.00000000	-84.31348000	-34.73794000
99.89999425	0.00000000	-82.31422000	-34.69488000
100.09999423	0.00000000	-81.19463000	-34.31963000
100.29999422	0.00000000	-81.61294000	-33.62450000
100.49999421	0.00000000	-83.89517000	-33.62450000
100.69999420	0.00000000	-86.96481000	-34.36269000
100.89999419	0.00000000	-90.08366000	-35.19931000
101.09999417	0.00000000	-92.82111000	-36.78026000
101.29999416	0.00000000	-94.73425000	-39.00713000
101.49999415	0.00000000	-95.52164000	-40.54502000
101.69999414	0.00000000	-94.73425000	-40.92027000
101.89999413	0.00000000	-92.87032000	-40.16978000
102.09999411	0.00000000	-90.50197000	-38.22588000
102.29999410	0.00000000	-88.21358000	-35.89444000
102.49999409	0.00000000	-86.22047000	-33.20005000
102.69999408	0.00000000	-85.05167000	-30.93012000
102.89999407	0.00000000	-84.27042000	-30.13656000
103.09999406	0.00000000	-84.31348000	-30.51181000
103.29999404	0.00000000	-85.47613000	-32.08661000
103.49999403	0.00000000	-87.38312000	-34.78100000
103.69999402	0.00000000	-89.70841000	-37.85064000
103.89999401	0.00000000	-91.61539000	-40.54502000
104.09999400	0.00000000	-92.82111000	-42.07677000
104.29999398	0.00000000	-93.19635000	-42.07677000
104.49999397	0.00000000	-92.82111000	-40.54502000
104.69999396	0.00000000	-91.66460000	-37.89370000
104.89999395	0.00000000	-90.12672000	-35.15625000
105.09999394	0.00000000	-88.58882000	-32.87401000
105.29999392	0.00000000	-87.43233000	-31.29921000
105.49999391	0.00000000	-87.00787000	-31.33612000
105.69999390	0.00000000	-87.00787000	-32.41265000
105.89999389	0.00000000	-87.43233000	-34.40575000
106.09999388	0.00000000	-88.58882000	-36.68799000
106.29999387	0.00000000	-90.08366000	-39.00713000
106.49999385	0.00000000	-91.24016000	-40.50196000
106.69999384	0.00000000	-91.61539000	-40.54502000
106.89999383	0.00000000	-91.24016000	-39.43159000
107.09999382	0.00000000	-90.12672000	-37.89370000
107.29999381	0.00000000	-88.96407000	-36.31274000
107.49999379	0.00000000	-88.17052000	-34.78100000
107.69999378	0.00000000	-87.43233000	-33.66756000
107.89999377	0.00000000	-87.47539000	-33.66756000
108.09999376	0.00000000	-88.54576000	-34.78100000
108.29999375	0.00000000	-89.70841000	-36.31274000
108.49999374	0.00000000	-90.50197000	-37.85064000
108.69999372	0.00000000	-91.28937000	-39.00713000
108.89999371	0.00000000	-91.61539000	-39.38238000
109.09999370	0.00000000	-91.28937000	-39.00713000
109.29999369	0.00000000	-90.50197000	-37.85064000
109.49999368	0.00000000	-89.70841000	-36.31274000
109.69999366	0.00000000	-88.54576000	-34.78100000
109.89999365	0.00000000	-87.43233000	-33.62450000
110.09999364	0.00000000	-87.00787000	-33.24926000
110.29999363	0.00000000	-87.00787000	-33.62450000
110.49999362	0.00000000	-87.43233000	-34.78100000
110.69999360	0.00000000	-88.54576000	-36.31274000
110.89999359	0.00000000	-89.70841000	-37.85064000
111.09999358	0.00000000	-90.50197000	-39.00713000
111.29999357	0.00000000	-91.24016000	-39.43159000
111.49999356	0.00000000	-91.24016000	-39.43159000
111.69999355	0.00000000	-90.50197000	-39.00713000
111.89999353	0.00000000	-89.75147000	-37.89370000
112.09999352	0.00000000	-88.96407000	-36.73105000
112.29999351	0.00000000	-88.58882000	-35.93750000
112.49999350	0.00000000	-88.54576000	-35.15625000
112.69999349	0.00000000	-88.54576000	-34.83022000
112.89999347	0.00000000	-88.54576000	-35.15625000
113.09999346	0.00000000	-88.54576000	-35.89444000
113.29999345	0.00000000	-88.54576000	-36.26968000
113.49999344	0.00000000	-88.58882000	-36.31274000
113.69999343	0.00000000	-88.96407000	-36.35580000
113.89999341	0.00000000	-89.70841000	-36.73105000
114.09999340	0.00000000	-90.08366000	-37.47539000
114.29999339	0.00000000	-90.12672000	-37.85064000
114.49999338	0.00000000	-90.12672000	-37.89370000
114.69999337	0.00000000	-90.08366000	-37.89370000
114.89999336	0.00000000	-89.70841000	-37.89370000
115.09999334	0.00000000	-88.96407000	-37.85064000
115.29999333	0.00000000	-88.58882000	-37.47539000
115.49999332	0.00000000	-88.54576000	-36.68799000
115.69999331	0.00000000	-88.58882000	-35.93750000
115.89999330	0.00000000	-88.92101000	-35.11319000
116.09999328	0.00000000	-89.33316000	-34.36269000
116.29999327	0.00000000	-89.33932000	-33.62450000
116.49999326	0.00000000	-89.75147000	-33.62450000
116.69999325	0.00000000	-90.08366000	-34.36269000
116.89999324	0.00000000	-90.08366000	-35.15625000
117.09999322	0.00000000	-89.70841000	-36.31274000
117.29999321	0.00000000	-88.92101000	-37.42618000
117.49999320	0.00000000	-88.17052000	-37.89370000
117.69999319	0.00000000	-87.38312000	-38.26894000
117.89999318	0.00000000	-87.00787000	-38.63804000
118.09999317	0.00000000	-87.00787000	-38.22588000
118.29999315	0.00000000	-87.43233000	-37.47539000
118.49999314	0.00000000	-88.54576000	-36.31274000
118.69999313	0.00000000	-89.70841000	-35.19931000
118.89999312	0.00000000	-90.50197000	-34.78100000
119.09999311	0.00000000	-91.28937000	-34.73794000
119.29999309	0.00000000	-91.61539000	-34.73794000
119.49999308	0.00000000	-91.28937000	-34.73794000
119.69999307	0.00000000	-90.50197000	-34.78100000
119.89999306	0.00000000	-89.70841000	-35.15625000
120.09999305	0.00000000	-88.54576000	-35.93750000
120.29999303	0.00000000	-87.38312000	-36.68799000
120.49999302	0.00000000	-86.58956000	-37.47539000
120.69999301	0.00000000	-85.85137000	-37.85064000
120.89999300	0.00000000	-85.89443000	-37.89370000
121.09999299	0.00000000	-87.00787000	-37.85064000
121.29999298	0.00000000	-88.54576000	-37.47539000
121.49999296	0.00000000	-90.08366000	-36.73105000
121.69999295	0.00000000	-91.24016000	-36.35580000
121.89999294	0.00000000	-91.66460000	-36.31274000
122.09999293	0.00000000	-91.66460000	-36.31274000
122.29999292	0.00000000	-91.28937000	-36.26968000
122.49999290	0.00000000	-90.50197000	-35.89444000
122.69999289	0.00000000	-89.70841000	-35.19931000
122.89999288	0.00000000	-88.54576000	-35.19931000
123.09999287	0.00000000	-87.43233000	-35.89444000
123.29999286	0.00000000	-87.00787000	-36.26968000
123.49999284	0.00000000	-86.96481000	-36.31274000
123.69999283	0.00000000	-87.00787000	-36.35580000
123.89999282	0.00000000	-87.38312000	-36.73105000
124.09999281	0.00000000	-88.17052000	-37.47539000
124.29999280	0.00000000	-88.96407000	-37.85064000
124.49999279	0.00000000	-90.12672000	-37.89370000
124.69999277	0.00000000	-91.24016000	-37.85064000
124.89999276	0.00000000	-91.66460000	-37.47539000
125.09999275	0.00000000	-91.66460000	-36.68799000
125.29999274	0.00000000	-91.28937000	-35.93750000
125.49999273	0.00000000	-90.50197000	-35.15625000
125.69999271	0.00000000	-89.70841000	-34.78100000
125.89999270	0.00000000	-88.54576000	-34.78100000
126.09999269	0.00000000	-87.43233000	-35.15625000
126.29999268	-0.15871060	-87.00787000	-35.89444000
126.49999267	0.00000000	-86.96481000	-36.26968000
126.69999265	0.00000000	-87.00787000	-36.35580000
126.89999264	0.00000000	-87.43233000	-36.73105000
127.09999263	0.00000000	-88.54576000	-37.42618000
127.29999262	0.00000000	-89.75147000	-37.47539000
127.49999261	0.00000000	-90.87720000	-37.14936000
127.69999260	0.00000000	-91.98449000	-37.47539000
127.89999258	0.00000000	-91.61539000	-37.42618000
128.09999257	0.00000000	-90.54502000	-36.68799000
128.29999256	0.00000000	-89.70841000	-35.98671000
128.49999255	0.00000000	-88.54576000	-35.53149000
128.69999254	0.00000000	-87.38312000	-35.56840000
128.89999252	0.00000000	-86.63262000	-35.53149000
129.09999251	0.00000000	-86.26968000	-35.93750000
129.29999250	0.00000000	-87.00787000	-36.26968000
129.49999249	0.00000000	-88.12745000	-36.31274000
129.69999248	0.00000000	-88.92101000	-36.35580000
129.89999246	0.00000000	-89.75147000	-36.68799000
130.09999245	0.00000000	-90.45890000	-37.05708000
130.29999244	0.00000000	-90.87106000	-36.68799000
130.49999243	0.00000000	-90.45890000	-36.31274000
130.69999242	0.00000000	-89.75147000	-35.89444000
130.89999241	0.00000000	-88.92101000	-35.15625000
131.09999239	0.00000000	-88.17052000	-34.83022000
131.29999238	0.00000000	-87.38312000	-35.15625000
131.49999237	0.00000000	-87.05708000	-35.89444000
131.69999236	0.00000000	-87.38312000	-36.26968000
131.89999235	0.00000000	-88.12745000	-36.35580000
132.09999233	0.00000000	-88.54576000	-36.68799000
132.29999232	0.00000000	-88.96407000	-37.05708000
132.49999231	0.00000000	-89.70841000	-36.68799000
132.69999230	0.00000000	-90.03444000	-36.31274000
132.89999229	0.00000000	-89.75147000	-35.89444000
133.09999227	0.00000000	-89.33932000	-35.15625000
133.29999226	0.00000000	-89.33316000	-34.78100000
133.49999225	0.00000000	-88.92101000	-34.73794000
133.69999224	0.00000000	-88.58882000	-34.73794000
133.89999223	0.00000000	-88.54576000	-34.78100000
134.09999222	0.00000000	-88.54576000	-35.15625000
134.29999220	0.00000000	-88.54576000	-35.93750000
134.49999219	0.00000000	-88.54576000	-36.68799000
134.69999218	0.00000000	-88.54576000	-37.47539000
134.89999217	0.00000000	-88.54576000	-37.85064000
135.09999216	0.00000000	-88.54576000	-37.89370000
135.29999214	0.00000000	-88.54576000	-37.85064000
135.49999213	0.00000000	-88.54576000	-37.42618000
135.69999212	0.00000000	-88.58882000	-36.31274000
135.89999211	0.00000000	-88.96407000	-35.19931000
136.09999210	0.00000000	-89.70841000	-34.78100000
136.29999208	0.00000000	-90.08366000	-34.73794000
136.49999207	0.00000000	-90.12672000	-34.73794000
136.69999206	0.00000000	-90.08366000	-34.78100000
136.89999205	0.00000000	-89.70841000	-35.15625000
137.09999204	0.00000000	-88.96407000	-35.93750000
137.29999203	0.00000000	-88.54576000	-36.68799000
137.49999201	0.00000000	-88.12745000	-37.47539000
137.69999200	0.00000000	-87.43233000	-37.85064000
137.89999199	0.00000000	-87.43233000	-37.89370000
138.09999198	0.00000000	-88.12745000	-37.89370000
138.29999197	0.00000000	-88.54576000	-37.85064000
138.49999195	0.00000000	-88.96407000	-37.47539000
138.69999194	0.00000000	-89.70841000	-36.68799000
138.89999193	0.00000000	-90.08366000	-35.93750000
139.09999192	0.00000000	-90.12672000	-35.15625000
139.29999191	0.00000000	-90.08366000	-34.78100000
139.49999189	0.00000000	-89.70841000	-34.73794000
139.69999188	0.00000000	-88.96407000	-34.78100000
139.89999187	0.00000000	-88.58882000	-35.15625000
140.09999186	0.00000000	-88.54576000	-35.89444000
140.29999185	0.00000000	-88.54576000	-36.31274000
140.49999184	0.00000000	-88.54576000	-36.73105000
140.69999182	0.00000000	-88.58882000	-37.47539000
140.89999181	0.00000000	-88.96407000	-37.85064000
141.09999180	0.00000000	-89.70841000	-37.85064000
141.29999179	0.00000000	-90.03444000	-37.47539000
141.49999178	0.00000000	-89.70841000	-36.68799000
141.69999176	0.00000000	-88.96407000	-35.93750000
141.89999175	0.00000000	-88.58882000	-35.15625000
142.09999174	0.00000000	-88.54576000	-34.78100000
142.29999173	0.00000000	-88.54576000	-34.73794000
142.49999172	0.00000000	-88.54576000	-34.78100000
142.69999170	0.00000000	-88.54576000	-35.15625000
142.89999169	0.00000000	-88.58882000	-35.93750000
143.09999168	0.00000000	-88.96407000	-36.68799000
143.29999167	0.00000000	-89.65919000	-37.47539000
143.49999166	0.00000000	-89.70841000	-37.85064000
143.69999165	0.00000000	-89.33932000	-37.85064000
143.89999163	0.00000000	-89.33316000	-37.47539000
144.09999162	0.00000000	-88.92101000	-36.68799000
144.29999161	0.00000000	-88.58882000	-35.93750000
144.49999160	0.00000000	-88.54576000	-35.15625000
144.69999159	0.00000000	-88.54576000	-34.78100000
144.89999157	0.00000000	-88.54576000	-34.73794000
145.09999156	0.00000000	-88.54576000	-34.78100000
145.29999155	0.00000000	-88.58882000	-35.15625000
145.49999154	0.00000000	-88.96407000	-35.89444000
145.69999153	0.00000000	-89.65919000	-36.26968000
145.89999151	0.00000000	-89.70841000	-36.35580000
146.09999150	0.00000000	-89.33932000	-36.68799000
146.29999149	0.00000000	-89.33316000	-37.05708000
146.49999148	0.00000000	-88.92101000	-36.68799000
146.69999147	0.00000000	-88.58882000	-36.35580000
146.89999146	0.00000000	-88.54576000	-36.26968000
147.09999144	0.00000000	-88.54576000	-35.89444000
147.29999143	0.00000000	-88.54576000	-35.15625000
147.49999142	-0.15871060	-88.58882000	-34.78100000
147.69999141	0.00000000	-88.92101000	-34.73794000
147.89999140	0.00000000	-89.29010000	-34.73794000
148.09999138	0.00000000	-88.96407000	-34.78100000
148.29999137	0.00000000	-89.01328000	-35.15625000
148.49999136	0.00000000	-89.65919000	-35.89444000
148.69999135	0.00000000	-89.65919000	-36.26968000
148.89999134	0.00000000	-88.96407000	-36.31274000
149.09999132	0.00000000	-88.58882000	-36.31274000
149.29999131	0.00000000	-88.54576000	-36.31274000
149.49999130	0.00000000	-88.54576000	-36.26968000
149.69999129	0.00000000	-88.54576000	-35.89444000
149.89999128	0.00000000	-88.54576000	-35.15625000
150.09999127	0.00000000	-88.54576000	-34.78100000
150.29999125	0.00000000	-88.54576000	-34.73794000
150.49999124	0.00000000	-88.58882000	-34.73794000
150.69999123	0.00000000	-88.96407000	-34.73794000
150.89999122	0.00000000	-89.65919000	-34.78100000
151.09999121	0.00000000	-89.70841000	-35.15625000
151.29999119	0.00000000	-89.38238000	-35.89444000
151.49999118	0.00000000	-89.70841000	-36.26968000
151.69999117	0.00000000	-89.65919000	-36.31274000
151.89999116	0.00000000	-88.96407000	-36.31274000
152.09999115	0.00000000	-88.58882000	-36.31274000
152.29999113	0.00000000	-88.54576000	-36.31274000
152.49999112	0.00000000	-88.50270000	-36.31274000
152.69999111	0.00000000	-88.17052000	-36.26968000
152.89999110	0.00000000	-87.80142000	-35.93750000
153.09999109	0.00000000	-88.17052000	-35.57455000
153.29999108	0.00000000	-88.54576000	-35.93750000
153.49999106	0.00000000	-88.96407000	-36.26968000
153.69999105	0.00000000	-89.70841000	-36.31274000
153.89999104	0.00000000	-90.08366000	-36.31274000
154.09999103	0.00000000	-90.12672000	-36.31274000
154.29999102	0.00000000	-90.12672000	-36.31274000
154.49999100	0.00000000	-90.08366000	-36.31274000
154.69999099	0.00000000	-89.70841000	-36.31274000
154.89999098	0.00000000	-88.96407000	-36.35580000
155.09999097	0.00000000	-88.58882000	-36.73105000
155.29999096	0.00000000	-88.54576000	-37.47539000
155.49999094	0.00000000	-88.54576000	-37.80142000
155.69999093	0.00000000	-88.54576000	-37.47539000
155.89999092	0.00000000	-88.54576000	-36.73105000
156.09999091	0.00000000	-88.58882000	-36.31274000
156.29999090	0.00000000	-88.96407000	-35.89444000
156.49999089	0.00000000	-89.70841000	-35.15625000
156.69999087	0.00000000	-90.08366000	-34.78100000
156.89999086	0.00000000	-90.12672000	-34.78100000
157.09999085	0.00000000	-90.12672000	-35.15625000
157.29999084	0.00000000	-90.08366000	-35.89444000
157.49999083	0.00000000	-89.70841000	-36.26968000
157.69999081	0.00000000	-88.96407000	-36.31274000
157.89999080	0.00000000	-88.58882000	-36.31274000
158.09999079	0.00000000	-88.50270000	-36.31274000
158.29999078	0.00000000	-88.17052000	-36.31274000
158.49999077	0.00000000	-87.80142000	-36.31274000
158.69999075	0.00000000	-88.17052000	-36.26968000
158.89999074	0.00000000	-88.50270000	-35.89444000
159.09999073	0.00000000	-88.54576000	-35.11319000
159.29999072	0.00000000	-88.54576000	-34.40575000
159.49999071	0.00000000	-88.58882000	-33.99360000
159.69999070	0.00000000	-88.92101000	-34.36269000
159.89999068	0.00000000	-89.29010000	-34.69488000
160.09999067	0.00000000	-88.92101000	-34.73794000
160.29999066	0.00000000	-88.58882000	-34.78100000
160.49999065	0.00000000	-88.54576000	-35.15625000
160.69999064	0.00000000	-88.54576000	-35.89444000
160.89999062	0.00000000	-88.54576000	-36.26968000
161.09999061	0.00000000	-88.54576000	-36.31274000
161.29999060	0.00000000	-88.54576000	-36.31274000
161.49999059	0.00000000	-88.54576000	-36.31274000
161.69999058	0.00000000	-88.54576000	-36.26968000
161.89999056	0.00000000	-88.54576000	-35.89444000
162.09999055	0.00000000	-88.54576000	-35.15625000
162.29999054	0.00000000	-88.54576000	-34.78100000
162.49999053	0.00000000	-88.54576000	-34.73794000
162.69999052	0.00000000	-88.54576000	-34.73794000
162.89999051	0.00000000	-88.58882000	-34.78100000
163.09999049	0.00000000	-88.96407000	-35.15625000
163.29999048	0.00000000	-89.70841000	-35.89444000
163.49999047	0.00000000	-90.03444000	-36.26968000
163.69999046	0.00000000	-89.70841000	-36.31274000
163.89999045	0.00000000	-88.96407000	-36.31274000
164.09999043	0.00000000	-88.58882000	-36.31274000
164.29999042	0.00000000	-88.54576000	-36.31274000
164.49999041	0.00000000	-88.54576000	-36.31274000
164.69999040	0.00000000	-88.50270000	-36.31274000
164.89999039	0.00000000	-88.17052000	-36.31274000
165.09999037	0.00000000	-87.80142000	-36.31274000
165.29999036	0.00000000	-88.17052000	-36.31274000
165.49999035	0.00000000	-88.50270000	-36.31274000
165.69999034	0.00000000	-88.54576000	-36.31274000
165.89999033	0.00000000	-88.54576000	-36.31274000
166.09999032	0.00000000	-88.58882000	-36.31274000
166.29999030	-0.15871060	-88.92101000	-36.31274000
166.49999029	0.00000000	-89.29010000	-36.31274000
166.69999028	0.00000000	-88.92101000	-36.31274000
166.89999027	0.00000000	-88.58882000	-36.31274000
167.09999026	0.00000000	-88.54576000	-36.31274000
167.29999024	0.00000000	-88.54576000	-36.31274000
167.49999023	0.00000000	-88.54576000	-36.31274000
167.69999022	0.00000000	-88.54576000	-36.31274000
167.89999021	0.00000000	-88.54576000	-36.31274000
168.09999020	0.00000000	-88.54576000	-36.26968000
168.29999018	0.00000000	-88.54576000	-35.93750000
168.49999017	0.00000000	-88.54576000	-35.57455000
168.69999016	0.00000000	-88.54576000	-35.93750000
168.89999015	0.00000000	-88.54576000	-36.26968000
169.09999014	0.00000000	-88.54576000	-36.31274000
169.29999013	0.00000000	-88.54576000	-36.31274000
169.49999011	0.00000000	-88.54576000	-36.31274000
169.69999010	0.00000000	-88.54576000	-36.31274000
169.89999009	0.00000000	-88.54576000	-36.31274000
170.09999008	0.00000000	-88.54576000	-36.31274000
170.29999007	0.00000000	-88.54576000	-36.31274000
170.49999005	0.00000000	-88.54576000	-36.31274000
170.69999004	0.00000000	-88.54576000	-36.31274000
170.89999003	0.00000000	-88.54576000	-36.31274000
171.09999002	0.00000000	-88.54576000	-36.31274000
171.29999001	0.00000000	-88.54576000	-36.31274000
171.49998999	0.00000000	-88.54576000	-36.31274000
171.69998998	0.00000000	-88.54576000	-36.31274000
171.89998997	0.00000000	-88.54576000	-36.31274000
172.09998996	0.00000000	-88.54576000	-36.31274000
172.29998995	0.00000000	-88.54576000	-36.31274000
172.49998994	0.00000000	-88.54576000	-36.31274000
172.69998992	0.00000000	-88.54576000	-36.31274000
172.89998991	0.00000000	-88.54576000	-36.31274000
173.09998990	0.00000000	-88.54576000	-36.31274000
173.29998989	0.00000000	-88.54576000	-36.31274000
173.49998988	0.00000000	-88.54576000	-36.31274000
173.69998986	0.00000000	-88.54576000	-36.31274000
173.89998985	0.00000000	-88.54576000	-36.31274000
174.09998984	0.00000000	-88.54576000	-36.31274000
174.29998983	0.00000000	-88.54576000	-36.31274000
174.49998982	0.00000000	-88.54576000	-36.26968000
174.69998980	0.00000000	-88.54576000	-35.93750000
174.89998979	0.00000000	-88.54576000	-35.57455000
175.09998978	0.00000000	-88.54576000	-35.93750000
175.29998977	0.00000000	-88.54576000	-36.26968000
175.49998976	0.00000000	-88.54576000	-36.31274000
175.69998975	0.00000000	-88.54576000	-36.31274000
175.89998973	0.00000000	-88.54576000	-36.31274000
176.09998972	0.00000000	-88.54576000	-36.31274000
176.29998971	0.00000000	-88.54576000	-36.31274000
176.49998970	0.00000000	-88.54576000	-36.31274000
176.69998969	0.00000000	-88.54576000	-36.31274000
176.89998967	0.00000000	-88.54576000	-36.31274000
177.09998966	0.00000000	-88.54576000	-36.31274000
177.29998965	0.00000000	-88.54576000	-36.31274000
177.49998964	0.00000000	-88.54576000	-36.31274000
177.69998963	0.00000000	-88.54576000	-36.26968000
177.89998961	0.00000000	-88.54576000	-35.89444000
178.09998960	0.00000000	-88.54576000	-35.15625000
178.29998959	0.00000000	-88.54576000	-34.83022000
178.49998958	0.00000000	-88.54576000	-35.11319000
178.69998957	0.00000000	-88.54576000	-35.47613000
178.89998956	0.00000000	-88.54576000	-35.11319000
179.09998954	0.00000000	-88.54576000	-34.83022000
179.29998953	0.00000000	-88.54576000	-35.15625000
179.49998952	0.00000000	-88.54576000	-35.89444000
179.69998951	0.00000000	-88.54576000	-36.26968000
179.89998950	0.00000000	-88.54576000	-36.31274000
180.09998948	0.00000000	-88.54576000	-36.31274000
180.29998947	0.00000000	-88.54576000	-36.31274000
180.49998946	0.00000000	-88.54576000	-36.26968000
180.69998945	0.00000000	-88.54576000	-35.89444000
180.89998944	0.00000000	-88.54576000	-35.15625000
181.09998942	0.00000000	-88.54576000	-34.78100000
181.29998941	0.00000000	-88.54576000	-34.73794000
181.49998940	0.00000000	-88.54576000	-34.78100000
181.69998939	0.00000000	-88.54576000	-35.11319000
181.89998938	-0.15871060	-88.54576000	-35.47613000
182.09998937	0.00000000	-88.54576000	-35.15625000
182.29998935	0.00000000	-88.50270000	-35.19931000
182.49998934	0.00000000	-88.17052000	-35.89444000
182.69998933	0.00000000	-87.80142000	-36.26968000
182.89998932	0.00000000	-88.17052000	-36.31274000
183.09998931	0.00000000	-88.50270000	-36.31274000
183.29998929	0.00000000	-88.54576000	-36.31274000
183.49998928	0.00000000	-88.54576000	-36.31274000
183.69998927	0.00000000	-88.54576000	-36.31274000
183.89998926	0.00000000	-88.54576000	-36.31274000
184.09998925	0.00000000	-88.54576000	-36.26968000
184.29998923	0.00000000	-88.54576000	-35.89444000
184.49998922	0.00000000	-88.54576000	-35.15625000
184.69998921	0.00000000	-88.54576000	-34.83022000
184.89998920	0.00000000	-88.54576000	-35.15625000
185.09998919	0.00000000	-88.54576000	-35.89444000
185.29998918	0.00000000	-88.54576000	-36.26968000
185.49998916	0.00000000	-88.54576000	-36.35580000
185.69998915	0.00000000	-88.54576000	-36.68799000
185.89998914	0.00000000	-88.54576000	-37.05708000
186.09998913	0.00000000	-88.54576000	-36.68799000
186.29998912	0.00000000	-88.54576000	-36.35580000
186.49998910	0.00000000	-88.54576000	-36.31274000
186.69998909	0.00000000	-88.54576000	-36.31274000
186.89998908	0.00000000	-88.54576000	-36.26968000
187.09998907	-0.15871060	-88.54576000	-35.93750000
187.29998906	0.00000000	-88.54576000	-35.53149000
187.49998904	0.00000000	-88.54576000	-35.51919000
187.69998903	0.00000000	-88.54576000	-35.15625000
187.89998902	0.00000000	-88.54576000	-35.19931000
188.09998901	0.00000000	-88.54576000	-35.89444000
188.29998900	0.00000000	-88.54576000	-36.26968000
188.49998899	0.00000000	-88.54576000	-36.31274000
188.69998897	0.00000000	-88.54576000	-36.31274000
188.89998896	0.00000000	-88.54576000	-36.31274000
189.09998895	0.00000000	-88.54576000	-36.31274000
189.29998894	0.00000000	-88.54576000	-36.31274000
189.49998893	0.00000000	-88.58882000	-36.31274000
189.69998891	0.00000000	-88.92101000	-36.26968000
189.89998890	0.00000000	-89.29010000	-35.93750000
190.09998889	0.00000000	-88.92101000	-35.53149000
190.29998888	0.00000000	-88.58882000	-35.56840000
190.49998887	0.00000000	-88.54576000	-35.48228000
190.69998885	0.00000000	-88.54576000	-35.51919000
190.89998884	0.00000000	-88.54576000	-35.11319000
191.09998883	0.00000000	-88.54576000	-34.78100000
191.29998882	0.00000000	-88.54576000	-34.78100000
191.49998881	0.00000000	-88.54576000	-35.15625000
191.69998880	0.00000000	-88.50270000	-35.89444000
191.89998878	0.00000000	-88.17052000	-36.22047000
192.09998877	0.00000000	-87.80142000	-35.93750000
192.29998876	0.00000000	-88.17052000	-35.57455000
192.49998875	0.00000000	-88.50270000	-35.93750000
192.69998874	0.00000000	-88.54576000	-36.26968000
192.89998872	0.00000000	-88.54576000	-36.26968000
193.09998871	0.00000000	-88.54576000	-35.89444000
193.29998870	0.00000000	-88.54576000	-35.15625000
193.49998869	0.00000000	-88.54576000	-34.78100000
193.69998868	0.00000000	-88.54576000	-34.73794000
193.89998866	0.00000000	-88.54576000	-34.73794000
194.09998865	0.00000000	-88.50270000	-34.73794000
194.29998864	0.00000000	-88.17052000	-34.73794000
194.49998863	0.00000000	-87.80142000	-34.73794000
194.69998862	0.00000000	-88.17052000	-34.73794000
194.89998861	0.00000000	-88.50270000	-34.78100000
195.09998859	-0.15871060	-88.54576000	-35.15625000
195.29998858	0.00000000	-88.54576000	-35.89444000
195.49998857	0.00000000	-88.54576000	-36.26968000
195.69998856	0.00000000	-88.54576000	-36.26968000
195.89998855	0.00000000	-88.54576000	-35.89444000
196.09998853	0.00000000	-88.54576000	-35.19931000
