Time	Channel A	Channel B	Channel C
(us)	(V)	(mV)	(mV)

-4.59999956	0.00000000	-91.70767000	-37.89370000
-4.39999957	0.00000000	-91.70767000	-37.89370000
-4.19999958	0.00000000	-91.70767000	-37.89370000
-3.99999959	0.00000000	-91.70767000	-37.89370000
-3.79999960	0.00000000	-91.70767000	-37.89370000
-3.59999962	0.00000000	-91.70767000	-37.89370000
-3.39999963	0.00000000	-91.70767000	-37.89370000
-3.19999964	0.00000000	-91.70767000	-37.89370000
-2.99999965	0.00000000	-91.70767000	-37.89370000
-2.79999966	0.00000000	-91.70767000	-37.89370000
-2.59999968	0.00000000	-91.70767000	-37.89370000
-2.39999969	0.00000000	-91.70767000	-37.89370000
-2.19999970	0.00000000	-91.70767000	-37.89370000
-1.99999971	0.00000000	-91.70767000	-37.89370000
-1.79999972	0.00000000	-91.70767000	-37.89370000
-1.59999973	0.00000000	-91.70767000	-37.89370000
-1.39999975	0.00000000	-91.70767000	-37.89370000
-1.19999976	0.00000000	-91.70767000	-37.89370000
-0.99999977	0.00000000	-91.70767000	-37.89370000
-0.79999978	0.00000000	-91.70767000	-37.89370000
-0.59999979	0.00000000	-91.70767000	-37.93676000
-0.39999981	0.15871060	-91.70767000	-38.31200000
-0.19999982	0.47736220	-91.70767000	-39.05635000
0.00000017	0.79601380	-91.70767000	-39.43159000
0.20000016	0.95533960	-91.70767000	-39.47465000
0.40000015	0.95533960	-91.70767000	-39.47465000
0.60000013	0.63668800	-91.70767000	-39.47465000
0.80000012	-0.15871060	-91.70767000	-39.47465000
1.00000011	-1.11466500	-91.70767000	-39.47465000
1.20000010	-2.07062000	-91.70767000	-39.47465000
1.40000009	-2.70792300	-91.70767000	-39.47465000
1.60000008	-2.70792300	-91.70767000	-39.43159000
1.80000006	-1.91129400	-91.70767000	-39.05635000
2.00000005	-0.47736220	-91.70767000	-38.31200000
2.20000004	1.59264300	-91.70767000	-37.98597000
2.40000003	3.66326300	-91.70767000	-38.31200000
2.60000002	5.09719500	-91.70767000	-39.05635000
2.80000000	5.25652100	-91.70767000	-39.43159000
2.99999999	3.98191400	-91.70767000	-39.47465000
3.19999998	1.43331700	-91.70767000	-39.47465000
3.39999997	-1.91129400	-91.70767000	-39.47465000
3.59999996	-5.25652100	-91.70767000	-39.43159000
3.79999994	-7.48646600	-91.70767000	-39.05635000
3.99999993	-7.96444400	-91.70767000	-38.31200000
4.19999992	-6.37180100	-91.70767000	-37.93676000
4.39999991	-3.02657500	-91.70767000	-37.89370000
4.59999990	1.27399100	-91.70767000	-37.89370000
4.79999989	5.41584600	-91.70767000	-37.93676000
4.99999987	8.44242100	-91.70767000	-38.26894000
5.19999986	9.39837600	-91.70767000	-38.68110000
5.39999985	7.96444400	-91.70767000	-38.68725000
5.59999984	4.45989200	-91.75073000	-39.09941000
5.79999983	-0.15871060	-92.08292000	-39.38238000
5.99999981	-4.77854300	-92.45201000	-39.05635000
6.19999980	-8.28309500	-92.08292000	-38.31200000
6.39999979	-9.55770200	-91.75073000	-37.93676000
6.59999978	-8.44242100	-91.70767000	-37.89370000
6.79999977	-5.41584600	-91.70767000	-37.85064000
6.99999975	-1.11466500	-91.70767000	-37.51845000
7.19999974	3.18590100	-91.70767000	-37.14936000
7.39999973	6.37180100	-91.70767000	-37.51845000
7.59999972	7.64579200	-91.70767000	-37.85064000
7.79999971	7.16781500	-91.70767000	-37.89370000
7.99999970	4.77854300	-91.70767000	-37.89370000
8.19999968	1.59264300	-91.70767000	-37.89370000
8.39999967	-1.59264300	-91.70767000	-37.89370000
8.59999966	-3.98191400	-91.70767000	-37.89370000
8.79999965	-5.09719500	-91.70767000	-37.89370000
8.99999964	-4.93786900	-91.70767000	-37.89370000
9.19999962	-3.66326300	-91.70767000	-37.89370000
9.39999961	-1.59264300	-91.70767000	-37.89370000
9.59999960	0.31803640	-91.70767000	-37.89370000
9.79999959	1.75196900	-91.70767000	-37.89370000
9.99999958	2.38927200	-91.70767000	-37.89370000
10.19999956	2.38927200	-91.70767000	-37.89370000
10.39999955	1.75196900	-91.70767000	-37.89370000
10.59999954	0.95533960	-91.66460000	-37.89370000
10.79999953	0.00000000	-91.33242000	-37.89370000
10.99999952	-0.47736220	-90.96333000	-37.89370000
11.19999951	-0.95533960	-91.33242000	-37.93676000
11.39999949	-0.95533960	-91.66460000	-38.26894000
11.59999948	-0.95533960	-91.70767000	-38.63804000
11.79999947	-0.63668800	-91.70767000	-38.26894000
11.99999946	-0.31803640	-91.70767000	-37.98597000
12.19999945	-0.15871060	-91.70767000	-38.31200000
12.39999943	-0.15871060	-91.70767000	-39.00713000
12.59999942	0.00000000	-91.70767000	-39.05635000
12.79999941	0.00000000	-91.70767000	-38.73031000
12.99999940	0.00000000	-91.70767000	-39.05635000
13.19999939	0.00000000	-91.70767000	-39.05635000
13.39999937	0.00000000	-91.70767000	-38.68725000
13.59999936	0.00000000	-91.70767000	-38.68110000
13.79999935	0.00000000	-91.70767000	-38.26894000
13.99999934	-0.15871060	-91.70767000	-37.93676000
14.19999933	-0.15871060	-91.70767000	-37.93676000
14.39999932	-0.15871060	-91.70767000	-38.26894000
14.59999930	-0.15871060	-91.66460000	-38.63804000
14.79999929	0.00000000	-91.37549000	-38.26894000
14.99999928	0.00000000	-91.33858000	-37.93676000
15.19999927	0.00000000	-92.07677000	-37.93676000
15.39999926	0.00000000	-92.03986000	-38.26894000
15.59999924	0.00000000	-91.75073000	-38.63804000
15.79999923	0.00000000	-91.70767000	-38.31200000
15.99999922	0.00000000	-91.70767000	-38.36122000
16.19999921	-0.15871060	-91.70767000	-39.05635000
16.39999920	-0.15871060	-91.70767000	-39.38238000
16.59999919	-0.15871060	-91.70767000	-39.05635000
16.79999917	-0.15871060	-91.66460000	-38.31200000
16.99999916	0.00000000	-91.28937000	-37.98597000
17.19999915	0.00000000	-90.54502000	-38.26894000
17.39999914	0.00000000	-90.16978000	-38.63804000
17.59999913	0.00000000	-90.16978000	-38.26894000
17.79999911	0.00000000	-90.54502000	-37.93676000
17.99999910	0.00000000	-91.33242000	-37.89370000
18.19999909	0.00000000	-92.12598000	-37.89370000
18.39999908	-0.15871060	-93.33169000	-37.89370000
18.59999907	-0.15871060	-94.86958000	-37.89370000
18.79999905	-0.15871060	-96.35826000	-37.89370000
18.99999904	-0.15871060	-97.05954000	-37.89370000
19.19999903	0.00000000	-95.93995000	-37.89370000
19.39999902	0.00000000	-93.57159000	-37.89370000
19.59999901	0.00000000	-90.44660000	-37.89370000
19.79999900	0.00000000	-86.17741000	-37.89370000
19.99999898	0.00000000	-82.40034000	-37.89370000
20.19999897	0.00000000	-80.08120000	-37.89370000
20.39999896	0.00000000	-80.12425000	-37.89370000
20.59999895	0.00000000	-82.86786000	-37.89370000
20.79999894	0.00000000	-87.98597000	-37.89370000
20.99999892	-0.15871060	-95.33710000	-37.89370000
21.19999891	0.00000000	-103.38340000	-37.89370000
21.39999890	0.00000000	-109.52880000	-37.89370000
21.59999889	0.00000000	-112.22930000	-37.89370000
21.79999888	0.00000000	-110.55610000	-37.89370000
21.99999886	0.00000000	-103.94930000	-37.89370000
22.19999885	0.00000000	-93.11023000	-37.89370000
22.39999884	0.00000000	-80.73326000	-37.89370000
22.59999883	0.00000000	-69.14369000	-37.89370000
22.79999882	0.00000000	-61.14050000	-37.89370000
22.99999881	0.00000000	-59.69488000	-37.85064000
23.19999879	-0.15871060	-65.92642000	-37.47539000
23.39999878	0.00000000	-79.09695000	-36.73105000
23.59999877	0.00000000	-96.49975000	-36.35580000
23.79999876	0.00000000	-114.22860000	-36.31274000
23.99999875	0.00000000	-128.09420000	-36.31274000
24.19999873	0.00000000	-134.19040000	-36.35580000
24.39999872	0.00000000	-130.65330000	-36.78026000
24.59999871	0.00000000	-117.48890000	-37.98597000
24.79999870	0.00000000	-97.38557000	-39.89296000
24.99999869	0.00000000	-75.00614000	-42.11983000
25.19999867	0.00000000	-55.28420000	-43.28247000
25.39999866	0.00000000	-42.99335000	-42.91338000
25.59999865	0.00000000	-41.13558000	-41.75073000
25.79999864	-0.15871060	-51.23031000	-39.38238000
25.99999863	0.00000000	-71.28445000	-36.26968000
26.19999862	0.00000000	-96.36441000	-32.78174000
26.39999860	0.00000000	-120.69390000	-29.34916000
26.59999859	0.00000000	-138.42890000	-27.43602000
26.79999858	0.00000000	-145.40480000	-27.48524000
26.99999857	0.00000000	-140.00980000	-29.90280000
27.19999856	0.00000000	-123.81270000	-35.33464000
27.39999854	0.00000000	-100.64590000	-42.63041000
27.59999853	0.00000000	-75.93503000	-49.97539000
27.79999852	0.00000000	-55.41954000	-55.78247000
27.99999851	0.00000000	-43.41166000	-58.80290000
28.19999850	0.00000000	-42.24901000	-57.92323000
28.39999848	0.00000000	-52.25763000	-52.06693000
28.59999847	0.00000000	-70.72466000	-42.07677000
28.79999846	0.00000000	-92.73499000	-30.46260000
28.99999845	0.00000000	-113.25050000	-19.63582000
29.19999844	0.00000000	-128.00200000	-11.59572000
29.39999843	0.00000000	-134.28270000	-8.99360200
29.59999841	0.00000000	-131.58220000	-13.21973000
29.79999840	0.00000000	-120.78620000	-23.30216000
29.99999839	0.00000000	-104.18310000	-37.24163000
30.19999838	0.00000000	-86.02977000	-52.66363000
30.39999837	0.00000000	-70.12180000	-65.77264000
30.59999835	0.00000000	-59.69488000	-73.48671000
30.79999834	0.00000000	-56.85900000	-74.23105000
30.99999833	0.00000000	-61.46038000	-67.21825000
31.19999832	0.00000000	-71.47514000	-53.74015000
31.39999831	0.00000000	-85.05167000	-36.73105000
31.59999829	0.00000000	-98.97268000	-20.09719000
31.79999828	0.00000000	-110.59920000	-6.95127900
31.99999827	0.00000000	-117.57500000	-0.03075787
32.19999826	0.00000000	-118.37470000	-1.19340500
32.39999825	0.00000000	-113.43500000	-10.10704000
32.59999824	0.00000000	-104.18310000	-25.16609000
32.79999822	0.00000000	-93.38090000	-43.28247000
32.99999821	0.00000000	-83.24310000	-59.87328000
33.19999820	0.00000000	-75.51672000	-71.53666000
33.39999819	0.00000000	-71.65969000	-76.18109000
33.59999818	0.00000000	-72.77312000	-73.11147000
33.79999816	0.00000000	-78.12499000	-63.03519000
33.99999815	0.00000000	-85.85137000	-48.01919000
34.19999814	0.00000000	-94.31594000	-31.39149000
34.39999813	0.00000000	-101.24880000	-17.07677000
34.59999812	0.00000000	-104.78590000	-7.36958600
34.79999810	0.00000000	-104.83510000	-4.34301100
34.99999809	0.00000000	-101.75930000	-8.90132800
35.19999808	0.00000000	-96.36441000	-19.67889000
35.39999807	0.00000000	-90.21899000	-33.57529000
35.59999806	0.00000000	-84.82406000	-47.88385000
35.79999805	0.00000000	-81.74828000	-59.41191000
35.99999803	0.00000000	-81.70521000	-65.21899000
36.19999802	0.00000000	-84.39960000	-64.10556000
36.39999801	0.00000000	-89.01328000	-56.85285000
36.59999800	0.00000000	-94.35899000	-45.70005000
36.79999799	0.00000000	-98.59743000	-33.75369000
36.99999797	0.00000000	-100.55360000	-23.72047000
37.19999796	0.00000000	-100.17840000	-17.95645000
37.39999795	0.00000000	-97.47784000	-17.95645000
37.59999794	0.00000000	-93.19635000	-23.67741000
37.79999793	0.00000000	-88.26279000	-33.24926000
37.99999791	0.00000000	-83.99359000	-43.56545000
38.19999790	0.00000000	-82.07431000	-51.60556000
38.39999789	0.00000000	-82.03740000	-54.67519000
38.59999788	0.00000000	-84.39960000	-52.06693000
38.79999787	0.00000000	-88.58882000	-45.18947000
38.99999786	0.00000000	-93.19635000	-36.36196000
39.19999784	0.00000000	-97.14566000	-27.90354000
39.39999783	0.00000000	-99.85236000	-22.18873000
39.59999782	0.00000000	-101.38410000	-21.07529000
39.79999781	0.00000000	-100.59670000	-25.30143000
39.99999780	0.00000000	-97.94537000	-33.66756000
40.19999778	0.00000000	-94.40206000	-43.28247000
40.39999777	0.00000000	-90.12672000	-51.32874000
40.59999776	0.00000000	-85.89443000	-55.96703000
40.79999775	0.00000000	-82.77559000	-55.55487000
40.99999774	0.00000000	-81.23769000	-50.53518000
41.19999772	0.00000000	-81.61294000	-41.70152000
41.39999771	0.00000000	-83.93823000	-31.43455000
41.59999770	-0.15871060	-87.38312000	-23.72047000
41.79999769	0.00000000	-91.28937000	-20.18947000
41.99999768	0.00000000	-94.82652000	-20.93996000
42.19999767	0.00000000	-97.89616000	-25.99655000
42.39999765	0.00000000	-99.80315000	-33.99360000
42.59999764	0.00000000	-99.43405000	-42.86417000
42.79999763	0.00000000	-97.56396000	-49.79700000
42.99999762	0.00000000	-94.86958000	-53.69094000
43.19999761	-0.15871060	-92.12598000	-53.69094000
43.39999759	0.00000000	-89.79453000	-49.93233000
43.59999758	0.00000000	-87.85063000	-44.16830000
43.79999757	0.00000000	-87.10014000	-37.98597000
43.99999756	0.00000000	-87.38312000	-32.54798000
44.19999755	0.00000000	-88.17052000	-29.10925000
44.39999753	0.00000000	-88.92101000	-28.27879000
44.59999752	0.00000000	-89.65919000	-30.17962000
44.79999751	0.00000000	-89.70841000	-33.57529000
44.99999750	0.00000000	-89.38238000	-37.47539000
45.19999749	0.00000000	-89.79453000	-40.96333000
45.39999748	0.00000000	-90.59423000	-43.65773000
45.59999746	0.00000000	-92.21825000	-44.82037000
45.79999745	0.00000000	-94.91264000	-44.07603000
45.99999744	0.00000000	-97.98843000	-42.21210000
46.19999743	0.00000000	-100.64590000	-39.84990000
46.39999742	0.00000000	-101.75930000	-37.51845000
46.59999740	0.00000000	-100.51060000	-35.19931000
46.79999739	0.00000000	-96.68430000	-33.71063000
46.99999738	0.00000000	-90.87720000	-33.66756000
47.19999737	0.00000000	-85.05167000	-34.78100000
47.39999736	0.00000000	-79.61367000	-36.36196000
47.59999734	0.00000000	-75.89198000	-38.31200000
47.79999733	0.00000000	-75.93503000	-40.63730000
47.99999732	0.00000000	-80.12425000	-42.49508000
48.19999731	0.00000000	-87.10014000	-43.28247000
48.39999730	0.00000000	-95.24483000	-42.54429000
48.59999729	0.00000000	-103.34030000	-41.00639000
48.79999727	0.00000000	-109.06740000	-39.00713000
48.99999726	0.00000000	-110.60530000	-36.31274000
49.19999725	0.00000000	-107.48650000	-33.61835000
49.39999724	0.00000000	-100.17840000	-31.71137000
49.59999723	0.00000000	-90.54502000	-30.97318000
49.79999721	0.00000000	-81.28690000	-32.17888000
49.99999720	0.00000000	-74.35408000	-35.19931000
50.19999719	0.00000000	-71.70275000	-39.05635000
50.39999718	0.00000000	-74.35408000	-42.54429000
50.59999717	0.00000000	-81.23769000	-45.28174000
50.79999715	0.00000000	-90.16978000	-46.77042000
50.99999714	0.00000000	-99.39098000	-46.35211000
51.19999713	0.00000000	-106.68680000	-43.65773000
51.39999712	0.00000000	-109.39340000	-39.47465000
51.59999711	0.00000000	-107.48650000	-35.19931000
51.79999710	0.00000000	-101.34100000	-31.71137000
51.99999708	0.00000000	-92.55044000	-29.43528000
52.19999707	0.00000000	-84.44881000	-29.43528000
52.39999706	0.00000000	-78.63557000	-31.66830000
52.59999705	0.00000000	-76.35335000	-34.78100000
52.79999704	0.00000000	-78.67863000	-38.31200000
52.99999702	0.00000000	-84.73178000	-42.11983000
53.19999701	0.00000000	-92.45201000	-44.77116000
53.39999700	0.00000000	-99.34177000	-45.19562000
53.59999699	0.00000000	-103.99240000	-43.70079000
53.79999698	0.00000000	-104.74290000	-41.05561000
53.99999696	0.00000000	-101.71630000	-38.36122000
54.19999695	0.00000000	-95.93995000	-36.36196000
54.39999694	0.00000000	-89.05634000	-34.82406000
54.59999693	0.00000000	-83.28617000	-34.08588000
54.79999692	0.00000000	-80.16732000	-34.87328000
54.99999691	0.00000000	-80.16732000	-36.68799000
55.19999689	0.00000000	-83.24310000	-38.58883000
55.39999688	0.00000000	-88.58882000	-39.33932000
55.59999687	0.00000000	-94.35899000	-39.00713000
55.79999686	0.00000000	-99.01575000	-37.85064000
55.99999685	0.00000000	-101.71630000	-36.36196000
56.19999683	0.00000000	-101.66710000	-35.19931000
56.39999682	0.00000000	-98.59743000	-34.83022000
56.59999681	0.00000000	-93.28863000	-35.24852000
56.79999680	0.00000000	-87.93675000	-36.82332000
56.99999679	0.00000000	-84.39960000	-39.51771000
57.19999677	0.00000000	-82.81864000	-42.54429000
57.39999676	0.00000000	-83.19389000	-44.82037000
57.59999675	0.00000000	-85.51919000	-45.19562000
57.79999674	0.00000000	-88.96407000	-43.61467000
57.99999673	0.00000000	-92.82111000	-40.12672000
58.19999672	0.00000000	-95.89690000	-35.15625000
58.39999670	0.00000000	-97.47784000	-30.59793000
58.59999669	0.00000000	-97.47784000	-27.86048000
58.79999668	0.00000000	-95.93995000	-27.48524000
58.99999667	0.00000000	-93.28863000	-29.48450000
59.19999666	0.00000000	-90.59423000	-34.12894000
59.39999664	0.00000000	-88.63803000	-40.63730000
59.59999663	0.00000000	-87.47539000	-46.77042000
59.79999662	0.00000000	-87.47539000	-50.99655000
59.99999661	0.00000000	-88.58882000	-52.10999000
60.19999660	0.00000000	-90.12672000	-49.46481000
60.39999658	0.00000000	-91.66460000	-44.07603000
60.59999657	0.00000000	-92.82111000	-37.47539000
60.79999656	0.00000000	-93.19635000	-30.51181000
60.99999655	0.00000000	-92.82111000	-24.84006000
61.19999654	0.00000000	-91.70767000	-22.51476000
61.39999653	0.00000000	-90.59423000	-24.46481000
61.59999651	0.00000000	-90.16978000	-29.81053000
61.79999650	0.00000000	-90.16978000	-37.51845000
61.99999649	0.00000000	-90.59423000	-45.18947000
62.19999648	0.00000000	-91.70767000	-51.04576000
62.39999647	0.00000000	-92.87032000	-54.10925000
62.59999645	0.00000000	-93.62081000	-53.69094000
62.79999644	0.00000000	-94.03297000	-49.46481000
62.99999643	0.00000000	-93.62081000	-42.54429000
63.19999642	0.00000000	-92.87032000	-34.82406000
63.39999641	0.00000000	-91.66460000	-27.90354000
63.59999639	0.00000000	-90.16978000	-23.67741000
63.79999638	0.00000000	-89.01328000	-23.20989000
63.99999637	0.00000000	-88.63803000	-25.90428000
64.19999636	0.00000000	-89.01328000	-30.93012000
64.39999635	0.00000000	-90.16978000	-37.47539000
64.59999634	0.00000000	-91.70767000	-43.65773000
64.79999632	0.00000000	-93.24557000	-48.35138000
64.99999631	0.00000000	-94.35899000	-51.03962000
65.19999630	0.00000000	-94.35899000	-51.03962000
65.39999629	0.00000000	-93.24557000	-48.35138000
65.59999628	0.00000000	-91.75073000	-43.74385000
65.79999626	0.00000000	-90.59423000	-38.36122000
65.99999625	0.00000000	-90.16978000	-33.71063000
66.19999624	0.00000000	-90.16978000	-30.55487000
66.39999623	0.00000000	-90.59423000	-28.93085000
66.59999622	0.00000000	-91.75073000	-28.55561000
66.79999620	0.00000000	-93.24557000	-29.39222000
66.99999619	0.00000000	-94.35899000	-31.99434000
67.19999618	0.00000000	-94.35899000	-35.10088000
67.39999617	0.00000000	-93.19635000	-37.52460000
67.59999616	0.00000000	-91.28937000	-40.68036000
67.79999615	0.00000000	-88.96407000	-43.70079000
67.99999613	0.00000000	-87.05708000	-45.70005000
68.19999612	0.00000000	-85.89443000	-46.85654000
68.39999611	0.00000000	-85.98056000	-46.77042000
68.59999610	0.00000000	-87.89370000	-44.86343000
68.79999609	0.00000000	-91.33242000	-41.33858000
68.99999607	0.00000000	-94.82652000	-37.10014000
69.19999606	0.00000000	-97.94537000	-32.41265000
69.39999605	0.00000000	-100.17840000	-28.59867000
69.59999604	0.00000000	-100.17840000	-26.27953000
69.79999603	0.00000000	-97.85310000	-26.27953000
69.99999601	0.00000000	-93.98376000	-28.59867000
70.19999600	0.00000000	-88.92101000	-32.50492000
70.39999599	0.00000000	-83.98129000	-37.89370000
70.59999598	0.00000000	-80.49950000	-43.28247000
70.79999597	0.00000000	-79.70595000	-47.14566000
70.99999596	0.00000000	-81.23769000	-49.08956000
71.19999594	0.00000000	-84.77485000	-48.30832000
71.39999593	0.00000000	-90.16978000	-45.28174000
71.59999592	0.00000000	-95.93995000	-41.00639000
71.79999591	0.00000000	-100.59670000	-36.36196000
71.99999590	0.00000000	-103.29720000	-32.12967000
72.19999588	0.00000000	-103.29720000	-29.43528000
72.39999587	0.00000000	-100.59670000	-29.01698000
72.59999586	0.00000000	-95.93995000	-30.55487000
72.79999585	0.00000000	-90.16978000	-33.62450000
72.99999584	0.00000000	-84.77485000	-37.43233000
73.19999582	0.00000000	-81.28690000	-40.50196000
73.39999581	0.00000000	-80.08120000	-42.11983000
73.59999580	0.00000000	-81.28690000	-42.49508000
73.79999579	0.00000000	-84.73178000	-41.75073000
73.99999578	0.00000000	-89.75147000	-39.89296000
74.19999577	0.00000000	-94.73425000	-38.36122000
74.39999575	0.00000000	-98.59743000	-37.56152000
74.59999574	0.00000000	-100.17840000	-37.19857000
74.79999573	0.00000000	-99.47710000	-37.98597000
74.99999572	0.00000000	-97.56396000	-39.43159000
75.19999571	0.00000000	-94.82652000	-40.54502000
75.39999569	0.00000000	-91.75073000	-40.54502000
75.59999568	0.00000000	-89.05634000	-39.38238000
75.79999567	0.00000000	-87.47539000	-37.43233000
75.99999566	0.00000000	-87.05708000	-34.78100000
76.19999565	0.00000000	-87.43233000	-32.50492000
76.39999563	0.00000000	-88.58882000	-31.75443000
76.59999562	0.00000000	-90.08366000	-32.50492000
76.79999561	-0.15871060	-91.28937000	-34.87328000
76.99999560	0.00000000	-92.03986000	-38.36122000
77.19999559	0.00000000	-92.45201000	-42.58735000
77.39999558	0.00000000	-92.08292000	-46.39517000
77.59999556	0.00000000	-91.75073000	-48.35138000
77.79999555	0.00000000	-91.75073000	-48.35138000
77.99999554	0.00000000	-92.12598000	-46.35211000
78.19999553	0.00000000	-92.91338000	-42.11983000
78.39999552	0.00000000	-93.62081000	-36.78026000
78.59999550	0.00000000	-94.03297000	-32.12967000
78.79999549	0.00000000	-93.57159000	-29.01698000
78.99999548	0.00000000	-92.45201000	-27.86048000
79.19999547	0.00000000	-90.50197000	-29.01698000
79.39999546	0.00000000	-88.58882000	-32.08661000
79.59999544	0.00000000	-87.00787000	-36.36196000
79.79999543	0.00000000	-85.89443000	-40.96333000
79.99999542	0.00000000	-85.93749000	-44.82037000
80.19999541	0.00000000	-87.47539000	-46.77042000
80.39999540	0.00000000	-90.16978000	-46.81348000
80.59999539	0.00000000	-93.24557000	-45.28174000
80.79999537	0.00000000	-95.93995000	-42.58735000
80.99999536	0.00000000	-97.43479000	-39.47465000
81.19999535	0.00000000	-97.05954000	-36.36196000
81.39999534	0.00000000	-94.77731000	-33.61835000
81.59999533	0.00000000	-91.75073000	-31.66830000
81.79999531	0.00000000	-89.01328000	-30.51181000
81.99999530	0.00000000	-87.05708000	-30.55487000
82.19999529	0.00000000	-85.89443000	-32.04355000
82.39999528	0.00000000	-85.93749000	-34.36269000
82.59999527	0.00000000	-87.43233000	-36.73105000
82.79999525	0.00000000	-89.75147000	-39.47465000
82.99999524	0.00000000	-92.03986000	-42.16904000
83.19999523	0.00000000	-93.98376000	-44.11909000
83.39999522	0.00000000	-94.73425000	-45.28174000
83.59999521	0.00000000	-94.40206000	-45.23868000
83.79999520	0.00000000	-93.28863000	-43.70079000
83.99999518	0.00000000	-92.12598000	-40.96333000
84.19999517	0.00000000	-91.33242000	-37.47539000
84.39999516	0.00000000	-90.54502000	-33.62450000
84.59999515	0.00000000	-90.16978000	-30.55487000
84.79999514	0.00000000	-90.12672000	-28.97392000
84.99999512	0.00000000	-90.12672000	-29.01698000
85.19999511	0.00000000	-90.12672000	-30.97318000
85.39999510	0.00000000	-90.12672000	-34.78100000
85.59999509	0.00000000	-90.12672000	-39.05635000
85.79999508	0.00000000	-90.12672000	-42.96260000
85.99999506	0.00000000	-90.12672000	-46.39517000
86.19999505	0.00000000	-90.16978000	-47.88385000
86.39999504	0.00000000	-90.59423000	-46.77042000
86.59999503	0.00000000	-91.70767000	-43.70079000
86.79999502	0.00000000	-92.82111000	-39.43159000
86.99999501	0.00000000	-93.24557000	-34.83022000
87.19999499	0.00000000	-93.28863000	-30.97318000
87.39999498	0.00000000	-93.24557000	-29.06619000
87.59999497	0.00000000	-92.82111000	-29.43528000
87.79999496	0.00000000	-91.66460000	-32.12967000
87.99999495	0.00000000	-90.16978000	-36.36196000
88.19999493	0.00000000	-89.01328000	-40.96333000
88.39999492	0.00000000	-88.58882000	-44.82037000
88.59999491	0.00000000	-88.58882000	-46.77042000
88.79999490	0.00000000	-89.05634000	-46.77042000
88.99999489	-0.15871060	-90.54502000	-44.77116000
89.19999487	0.00000000	-92.40280000	-40.54502000
89.39999486	0.00000000	-93.19635000	-35.24852000
89.59999485	0.00000000	-93.28863000	-31.01624000
89.79999484	0.00000000	-93.24557000	-29.06619000
89.99999483	0.00000000	-92.87032000	-29.43528000
90.19999482	0.00000000	-92.08292000	-32.12967000
90.39999480	0.00000000	-91.33242000	-36.36196000
90.59999479	0.00000000	-90.54502000	-41.00639000
90.79999478	0.00000000	-90.16978000	-45.19562000
90.99999477	0.00000000	-90.16978000	-47.46555000
91.19999476	0.00000000	-90.50197000	-46.72736000
91.39999474	0.00000000	-90.91412000	-43.70079000
91.59999473	0.00000000	-90.87720000	-39.43159000
91.79999472	0.00000000	-90.91412000	-34.83022000
91.99999471	0.00000000	-90.50197000	-30.97318000
92.19999470	0.00000000	-90.16978000	-29.06619000
92.39999468	0.00000000	-90.16978000	-29.48450000
92.59999467	0.00000000	-90.59423000	-32.54798000
92.79999466	0.00000000	-91.70767000	-37.47539000
92.99999465	0.00000000	-92.87032000	-42.07677000
93.19999464	0.00000000	-93.66387000	-45.23868000
93.39999463	0.00000000	-94.40206000	-46.72736000
93.59999461	0.00000000	-94.35899000	-45.92765000
93.79999460	0.00000000	-93.24557000	-42.49508000
93.99999459	0.00000000	-91.66460000	-37.93676000
94.19999458	0.00000000	-89.70841000	-33.71063000
94.39999457	0.00000000	-87.43233000	-31.01624000
94.59999455	0.00000000	-85.89443000	-30.59793000
94.79999454	0.00000000	-85.51919000	-32.12967000
94.99999453	0.00000000	-86.31274000	-35.19931000
95.19999452	0.00000000	-88.63803000	-39.05635000
95.39999451	0.00000000	-91.70767000	-42.49508000
95.59999449	0.00000000	-94.82652000	-44.82037000
95.79999448	0.00000000	-97.52091000	-45.19562000
95.99999447	0.00000000	-99.05880000	-43.65773000
96.19999446	0.00000000	-99.01575000	-40.58809000
96.39999445	0.00000000	-97.10260000	-36.78026000
96.59999444	0.00000000	-93.62081000	-33.71063000
96.79999442	0.00000000	-89.75147000	-32.12967000
96.99999441	0.00000000	-85.85137000	-32.12967000
97.19999440	0.00000000	-82.81864000	-33.61835000
97.39999439	0.00000000	-81.66215000	-35.93750000
97.59999438	0.00000000	-82.81864000	-38.22588000
97.79999436	0.00000000	-85.85137000	-40.21899000
97.99999435	0.00000000	-89.75147000	-41.29552000
98.19999434	0.00000000	-93.62081000	-41.37549000
98.39999433	0.00000000	-97.14566000	-40.22515000
98.59999432	0.00000000	-99.39098000	-39.09941000
98.79999430	0.00000000	-99.84620000	-37.89370000
98.99999429	0.00000000	-98.27140000	-36.78026000
99.19999428	0.00000000	-95.61392000	-36.35580000
99.39999427	0.00000000	-92.08292000	-36.31274000
99.59999426	0.00000000	-88.58882000	-36.31274000
99.79999425	0.00000000	-85.47613000	-36.26968000
99.99999423	0.00000000	-83.19389000	-35.89444000
100.19999422	0.00000000	-82.81864000	-35.15625000
100.39999421	0.00000000	-84.31348000	-34.78100000
100.59999420	0.00000000	-87.00787000	-34.83022000
100.79999419	0.00000000	-90.12672000	-35.61762000
100.99999417	0.00000000	-93.24557000	-37.51845000
101.19999416	0.00000000	-95.93995000	-39.43159000
101.39999415	0.00000000	-97.47784000	-41.00639000
101.59999414	0.00000000	-97.52091000	-42.11983000
101.79999413	0.00000000	-96.35826000	-42.11983000
101.99999411	0.00000000	-94.40206000	-40.96333000
102.19999410	0.00000000	-91.70767000	-39.00713000
102.39999409	0.00000000	-89.05634000	-36.31274000
102.59999408	0.00000000	-87.43233000	-33.66756000
102.79999407	0.00000000	-86.63262000	-32.08661000
102.99999406	0.00000000	-86.26968000	-31.71137000
103.19999404	0.00000000	-87.05708000	-32.50492000
103.39999403	0.00000000	-88.58882000	-34.82406000
103.59999402	0.00000000	-90.54502000	-37.89370000
103.79999401	0.00000000	-92.82111000	-41.00639000
103.99999400	0.00000000	-94.35899000	-43.65773000
104.19999398	0.00000000	-94.82652000	-44.82037000
104.39999397	0.00000000	-94.82652000	-44.07603000
104.59999396	0.00000000	-94.35899000	-42.16904000
104.79999395	0.00000000	-92.87032000	-39.42544000
104.99999394	0.00000000	-90.96333000	-36.36196000
105.19999392	0.00000000	-89.79453000	-33.71063000
105.39999391	0.00000000	-88.96407000	-32.54798000
105.59999390	0.00000000	-88.63803000	-33.29232000
105.79999389	0.00000000	-89.01328000	-35.15625000
105.99999388	0.00000000	-90.16978000	-37.47539000
106.19999387	0.00000000	-91.66460000	-39.43159000
106.39999385	0.00000000	-92.82111000	-41.00639000
106.59999384	0.00000000	-93.24557000	-42.11983000
106.79999383	0.00000000	-93.24557000	-42.07677000
106.99999382	0.00000000	-92.82111000	-40.58809000
107.19999381	0.00000000	-91.70767000	-38.31200000
107.39999379	0.00000000	-90.54502000	-36.40502000
107.59999378	0.00000000	-89.79453000	-35.24852000
107.79999377	0.00000000	-89.38238000	-35.19931000
107.99999376	0.00000000	-89.79453000	-35.98671000
108.19999375	0.00000000	-90.54502000	-37.14936000
108.39999374	0.00000000	-91.70767000	-39.05635000
108.59999372	0.00000000	-92.82111000	-40.54502000
108.79999371	-0.15871060	-93.24557000	-41.01255000
108.99999370	0.00000000	-93.24557000	-41.01255000
109.19999369	0.00000000	-92.82111000	-40.54502000
109.39999368	0.00000000	-91.70767000	-39.05635000
109.59999366	0.00000000	-90.54502000	-37.14936000
109.79999365	0.00000000	-89.75147000	-35.98671000
109.99999364	0.00000000	-88.96407000	-35.19931000
110.19999363	0.00000000	-88.63803000	-35.24852000
110.39999362	0.00000000	-89.01328000	-36.31274000
110.59999360	0.00000000	-90.16978000	-37.47539000
110.79999359	0.00000000	-91.66460000	-38.31200000
110.99999358	0.00000000	-92.82111000	-39.47465000
111.19999357	0.00000000	-93.19635000	-40.58809000
111.39999356	0.00000000	-92.91338000	-40.96333000
111.59999355	0.00000000	-92.50123000	-40.58809000
111.79999353	0.00000000	-92.45201000	-39.47465000
111.99999352	0.00000000	-91.66460000	-38.31200000
112.19999351	0.00000000	-90.59423000	-37.51845000
112.39999350	0.00000000	-90.16978000	-36.73105000
112.59999349	0.00000000	-90.12672000	-36.35580000
112.79999347	0.00000000	-90.12672000	-36.31274000
112.99999346	0.00000000	-90.12672000	-36.31274000
113.19999345	0.00000000	-90.16978000	-36.31274000
113.39999344	0.00000000	-90.54502000	-36.35580000
113.59999343	0.00000000	-91.28937000	-36.73105000
113.79999341	0.00000000	-91.66460000	-37.47539000
113.99999340	0.00000000	-91.70767000	-37.85064000
114.19999339	0.00000000	-91.70767000	-37.93676000
114.39999338	0.00000000	-91.70767000	-38.31200000
114.59999337	0.00000000	-91.70767000	-39.05635000
114.79999336	0.00000000	-91.66460000	-39.43159000
114.99999334	0.00000000	-91.28937000	-39.43159000
115.19999333	0.00000000	-90.54502000	-39.05635000
115.39999332	0.00000000	-90.16978000	-38.26894000
115.59999331	0.00000000	-90.12672000	-37.51845000
115.79999330	0.00000000	-90.16978000	-36.73105000
115.99999328	0.00000000	-90.54502000	-36.35580000
116.19999327	0.00000000	-91.28937000	-36.31274000
116.39999326	0.00000000	-91.66460000	-36.31274000
116.59999325	0.00000000	-91.70767000	-36.31274000
116.79999324	0.00000000	-91.70767000	-36.35580000
116.99999322	0.00000000	-91.66460000	-36.78026000
117.19999321	0.00000000	-91.28937000	-37.89370000
117.39999320	0.00000000	-90.54502000	-39.00713000
117.59999319	0.00000000	-90.12672000	-39.47465000
117.79999318	0.00000000	-89.70841000	-39.84990000
117.99999317	0.00000000	-89.01328000	-40.21899000
118.19999315	0.00000000	-89.01328000	-39.80684000
118.39999314	0.00000000	-89.75147000	-39.09941000
118.59999313	0.00000000	-90.54502000	-38.26894000
118.79999312	0.00000000	-91.70767000	-37.51845000
118.99999311	0.00000000	-92.82111000	-36.73105000
119.19999309	0.00000000	-93.24557000	-36.35580000
119.39999308	0.00000000	-93.28863000	-36.31274000
119.59999307	0.00000000	-93.24557000	-36.35580000
119.79999306	0.00000000	-92.82111000	-36.73105000
119.99999305	0.00000000	-91.66460000	-37.47539000
120.19999303	0.00000000	-90.16978000	-37.89370000
120.39999302	0.00000000	-89.01328000	-38.31200000
120.59999301	0.00000000	-88.58882000	-39.05635000
120.79999300	0.00000000	-88.58882000	-39.43159000
120.99999299	0.00000000	-89.01328000	-39.47465000
121.19999298	0.00000000	-90.16978000	-39.43159000
121.39999296	0.00000000	-91.66460000	-39.05635000
121.59999295	0.00000000	-92.87032000	-38.31200000
121.79999294	0.00000000	-93.66387000	-37.93676000
121.99999293	0.00000000	-94.40206000	-37.89370000
122.19999292	0.00000000	-94.35899000	-37.89370000
122.39999290	0.00000000	-93.28863000	-37.89370000
122.59999289	0.00000000	-92.12598000	-37.89370000
122.79999288	0.00000000	-91.28937000	-37.89370000
122.99999287	0.00000000	-90.12672000	-37.89370000
123.19999286	0.00000000	-89.01328000	-37.89370000
123.39999284	0.00000000	-88.63803000	-37.89370000
123.59999283	0.00000000	-88.96407000	-37.93676000
123.79999282	0.00000000	-89.70841000	-38.31200000
123.99999281	0.00000000	-90.12672000	-39.05635000
124.19999280	0.00000000	-90.59423000	-39.43159000
124.39999279	0.00000000	-91.70767000	-39.47465000
124.59999277	0.00000000	-92.82111000	-39.43159000
124.79999276	0.00000000	-93.24557000	-39.05635000
124.99999275	0.00000000	-93.28863000	-38.31200000
125.19999274	0.00000000	-93.24557000	-37.89370000
125.39999273	0.00000000	-92.87032000	-37.47539000
125.59999271	0.00000000	-92.08292000	-36.73105000
125.79999270	0.00000000	-91.28937000	-36.35580000
125.99999269	0.00000000	-90.12672000	-36.31274000
126.19999268	0.00000000	-89.01328000	-36.35580000
126.39999267	0.00000000	-88.58882000	-36.73105000
126.59999265	0.00000000	-88.58882000	-37.47539000
126.79999264	0.00000000	-89.01328000	-37.89370000
126.99999263	0.00000000	-90.12672000	-38.31200000
127.19999262	0.00000000	-91.28937000	-39.00713000
127.39999261	0.00000000	-92.12598000	-39.05635000
127.59999260	0.00000000	-93.24557000	-38.68725000
127.79999258	0.00000000	-93.98376000	-38.68110000
127.99999257	0.00000000	-93.62081000	-38.22588000
128.19999256	0.00000000	-92.87032000	-37.51845000
128.39999255	0.00000000	-91.70767000	-36.78026000
128.59999254	0.00000000	-90.54502000	-36.73105000
128.79999252	0.00000000	-89.75147000	-37.05708000
128.99999251	0.00000000	-89.01328000	-36.73105000
129.19999250	0.00000000	-89.01328000	-36.78026000
129.39999249	0.00000000	-89.75147000	-37.47539000
129.59999248	0.00000000	-90.50197000	-37.85064000
129.79999246	0.00000000	-91.33242000	-37.89370000
129.99999245	0.00000000	-92.08292000	-37.89370000
130.19999244	0.00000000	-92.82111000	-37.89370000
130.39999243	0.00000000	-92.82111000	-37.85064000
130.59999242	0.00000000	-92.08292000	-37.47539000
130.79999241	0.00000000	-91.33242000	-36.73105000
130.99999239	0.00000000	-90.54502000	-36.40502000
131.19999238	0.00000000	-90.12672000	-36.73105000
131.39999237	0.00000000	-89.75147000	-37.47539000
131.59999236	0.00000000	-89.38238000	-37.85064000
131.79999235	0.00000000	-89.79453000	-37.93676000
131.99999233	0.00000000	-90.50197000	-38.31200000
132.19999232	0.00000000	-91.28937000	-39.00713000
132.39999231	0.00000000	-91.66460000	-39.00713000
132.59999230	0.00000000	-91.70767000	-38.31200000
132.79999229	0.00000000	-91.70767000	-37.89370000
132.99999227	0.00000000	-91.70767000	-37.47539000
133.19999226	0.00000000	-91.70767000	-36.73105000
133.39999225	0.00000000	-91.66460000	-36.35580000
133.59999224	0.00000000	-91.33242000	-36.31274000
133.79999223	0.00000000	-90.92027000	-36.31274000
133.99999222	0.00000000	-90.91412000	-36.35580000
134.19999220	0.00000000	-90.54502000	-36.73105000
134.39999219	0.00000000	-90.54502000	-37.51845000
134.59999218	0.00000000	-90.87106000	-38.26894000
134.79999217	0.00000000	-90.50197000	-39.00713000
134.99999216	0.00000000	-90.16978000	-39.05635000
135.19999214	0.00000000	-90.12672000	-38.68725000
135.39999213	0.00000000	-90.16978000	-38.68110000
135.59999212	0.00000000	-90.54502000	-38.26894000
135.79999211	0.00000000	-91.33242000	-37.93676000
135.99999210	0.00000000	-92.08292000	-37.85064000
136.19999208	0.00000000	-92.87032000	-37.47539000
136.39999207	0.00000000	-93.24557000	-36.78026000
136.59999206	0.00000000	-93.24557000	-36.78026000
136.79999205	0.00000000	-92.87032000	-37.47539000
136.99999204	0.00000000	-92.08292000	-37.89370000
137.19999203	0.00000000	-91.33242000	-38.31200000
137.39999201	0.00000000	-90.54502000	-39.05635000
137.59999200	0.00000000	-90.16978000	-39.43159000
137.79999199	0.00000000	-90.12672000	-39.47465000
137.99999198	0.00000000	-90.16978000	-39.47465000
138.19999197	0.00000000	-90.54502000	-39.47465000
138.39999195	0.00000000	-91.28937000	-39.43159000
138.59999194	0.00000000	-91.70767000	-39.05635000
138.79999193	0.00000000	-92.08292000	-38.26894000
138.99999192	0.00000000	-92.45201000	-37.51845000
139.19999191	0.00000000	-92.08292000	-36.73105000
139.39999189	0.00000000	-91.70767000	-36.35580000
139.59999188	0.00000000	-91.28937000	-36.35580000
139.79999187	0.00000000	-90.54502000	-36.73105000
139.99999186	0.00000000	-90.16978000	-37.47539000
140.19999185	0.00000000	-90.12672000	-37.89370000
140.39999184	0.00000000	-90.16978000	-38.31200000
140.59999182	0.00000000	-90.54502000	-39.05635000
140.79999181	0.00000000	-91.28937000	-39.43159000
140.99999180	0.00000000	-91.66460000	-39.43159000
141.19999179	0.00000000	-91.70767000	-39.05635000
141.39999178	0.00000000	-91.70767000	-38.26894000
141.59999176	0.00000000	-91.66460000	-37.51845000
141.79999175	0.00000000	-91.28937000	-36.73105000
141.99999174	-0.15871060	-90.54502000	-36.31274000
142.19999173	0.00000000	-90.16978000	-35.93750000
142.39999172	0.00000000	-90.12672000	-35.57455000
142.59999170	0.00000000	-90.12672000	-35.98671000
142.79999169	0.00000000	-90.12672000	-36.68799000
142.99999168	0.00000000	-90.12672000	-37.51845000
143.19999167	0.00000000	-90.16978000	-38.26894000
143.39999166	0.00000000	-90.54502000	-39.05635000
143.59999165	0.00000000	-91.28937000	-39.43159000
143.79999163	0.00000000	-91.61539000	-39.43159000
143.99999162	0.00000000	-91.28937000	-39.00713000
144.19999161	0.00000000	-90.54502000	-37.89370000
144.39999160	0.00000000	-90.16978000	-36.78026000
144.59999159	0.00000000	-90.12672000	-36.35580000
144.79999157	0.00000000	-90.12672000	-36.31274000
144.99999156	0.00000000	-90.16978000	-36.31274000
145.19999155	0.00000000	-90.54502000	-36.35580000
145.39999154	0.00000000	-91.28937000	-36.73105000
145.59999153	0.00000000	-91.66460000	-37.51845000
145.79999151	0.00000000	-91.70767000	-38.26894000
145.99999150	0.00000000	-91.70767000	-39.05635000
146.19999149	0.00000000	-91.70767000	-39.43159000
146.39999148	0.00000000	-91.66460000	-39.43159000
146.59999147	0.00000000	-91.28937000	-39.05635000
146.79999146	0.00000000	-90.54502000	-38.31200000
146.99999144	0.00000000	-90.16978000	-37.93676000
147.19999143	0.00000000	-90.12672000	-37.85064000
147.39999142	0.00000000	-90.16978000	-37.47539000
147.59999141	0.00000000	-90.54502000	-36.78026000
147.79999140	0.00000000	-91.28937000	-36.73105000
147.99999138	0.00000000	-91.66460000	-37.10014000
148.19999137	0.00000000	-91.70767000	-37.10630000
148.39999136	0.00000000	-91.70767000	-37.51845000
148.59999135	0.00000000	-91.66460000	-37.89370000
148.79999134	0.00000000	-91.28937000	-38.26894000
148.99999132	0.00000000	-90.54502000	-38.63804000
149.19999131	0.00000000	-90.16978000	-38.26894000
149.39999130	0.00000000	-90.12672000	-37.93676000
149.59999129	0.00000000	-90.12672000	-37.89370000
149.79999128	0.00000000	-90.12672000	-37.89370000
149.99999127	0.00000000	-90.12672000	-37.85064000
150.19999125	0.00000000	-90.16978000	-37.47539000
150.39999124	0.00000000	-90.54502000	-36.73105000
150.59999123	0.00000000	-91.28937000	-36.40502000
150.79999122	0.00000000	-91.66460000	-36.68799000
150.99999121	0.00000000	-91.70767000	-37.10014000
151.19999119	0.00000000	-91.70767000	-37.10630000
151.39999118	0.00000000	-91.70767000	-37.51845000
151.59999117	0.00000000	-91.66460000	-37.85064000
151.79999116	0.00000000	-91.28937000	-37.89370000
151.99999115	0.00000000	-90.54502000	-37.89370000
152.19999113	0.00000000	-90.12672000	-37.89370000
152.39999112	0.00000000	-89.75147000	-37.89370000
152.59999111	0.00000000	-89.38238000	-37.89370000
152.79999110	0.00000000	-89.75147000	-37.89370000
152.99999109	0.00000000	-90.08366000	-37.89370000
153.19999108	0.00000000	-90.16978000	-37.89370000
153.39999106	0.00000000	-90.54502000	-37.89370000
153.59999105	0.00000000	-91.28937000	-37.89370000
153.79999104	0.00000000	-91.66460000	-37.89370000
153.99999103	0.00000000	-91.70767000	-37.89370000
154.19999102	0.00000000	-91.70767000	-37.89370000
154.39999100	0.00000000	-91.70767000	-37.89370000
154.59999099	0.00000000	-91.66460000	-37.89370000
154.79999098	0.00000000	-91.28937000	-37.89370000
154.99999097	0.00000000	-90.54502000	-37.89370000
155.19999096	0.00000000	-90.16978000	-37.89370000
155.39999094	0.00000000	-90.12672000	-37.89370000
155.59999093	0.00000000	-90.12672000	-37.89370000
155.79999092	0.00000000	-90.12672000	-37.89370000
155.99999091	0.00000000	-90.16978000	-37.89370000
156.19999090	0.00000000	-90.54502000	-37.89370000
156.39999089	0.00000000	-91.28937000	-37.85064000
156.59999087	0.00000000	-91.66460000	-37.47539000
156.79999086	0.00000000	-91.70767000	-36.78026000
156.99999085	0.00000000	-91.70767000	-36.78026000
157.19999084	0.00000000	-91.70767000	-37.47539000
157.39999083	0.00000000	-91.66460000	-37.85064000
157.59999081	0.00000000	-91.28937000	-37.89370000
157.79999080	0.00000000	-90.54502000	-37.93676000
157.99999079	-0.15871060	-90.16978000	-38.31200000
158.19999078	0.00000000	-90.12672000	-39.00713000
158.39999077	0.00000000	-90.12672000	-39.00713000
158.59999075	0.00000000	-90.12672000	-38.31200000
158.79999074	0.00000000	-90.12672000	-37.93676000
158.99999073	0.00000000	-90.16978000	-37.85064000
159.19999072	0.00000000	-90.54502000	-37.47539000
159.39999071	0.00000000	-91.28937000	-36.73105000
159.59999070	0.00000000	-91.66460000	-36.35580000
159.79999068	0.00000000	-91.70767000	-36.31274000
159.99999067	0.00000000	-91.70767000	-36.31274000
160.19999066	0.00000000	-91.66460000	-36.35580000
160.39999065	0.00000000	-91.33242000	-36.73105000
160.59999064	0.00000000	-90.92027000	-37.47539000
160.79999062	0.00000000	-90.91412000	-37.85064000
160.99999061	0.00000000	-90.50197000	-37.89370000
161.19999060	0.00000000	-90.16978000	-37.89370000
161.39999059	0.00000000	-90.12672000	-37.89370000
161.59999058	0.00000000	-90.12672000	-37.89370000
161.79999056	0.00000000	-90.12672000	-37.89370000
161.99999055	0.00000000	-90.12672000	-37.85064000
162.19999054	0.00000000	-90.12672000	-37.47539000
162.39999053	0.00000000	-90.12672000	-36.73105000
162.59999052	0.00000000	-90.16978000	-36.35580000
162.79999051	0.00000000	-90.54502000	-36.31274000
162.99999049	0.00000000	-91.28937000	-36.35580000
163.19999048	0.00000000	-91.66460000	-36.73105000
163.39999047	0.00000000	-91.70767000	-37.47539000
163.59999046	0.00000000	-91.70767000	-37.85064000
163.79999045	0.00000000	-91.70767000	-37.89370000
163.99999043	-0.15871060	-91.66460000	-37.89370000
164.19999042	0.00000000	-91.28937000	-37.89370000
164.39999041	0.00000000	-90.54502000	-37.89370000
164.59999040	0.00000000	-90.16978000	-37.89370000
164.79999039	0.00000000	-90.12672000	-37.89370000
164.99999037	0.00000000	-90.12672000	-37.89370000
165.19999036	0.00000000	-90.12672000	-37.89370000
165.39999035	0.00000000	-90.16978000	-37.89370000
165.59999034	0.00000000	-90.54502000	-37.89370000
165.79999033	0.00000000	-91.28937000	-37.89370000
165.99999032	0.00000000	-91.70767000	-37.89370000
166.19999030	0.00000000	-92.03986000	-37.89370000
166.39999029	0.00000000	-92.07677000	-37.89370000
166.59999028	0.00000000	-91.33858000	-37.89370000
166.79999027	0.00000000	-91.33242000	-37.89370000
166.99999026	0.00000000	-91.24016000	-37.89370000
167.19999024	0.00000000	-90.54502000	-37.89370000
167.39999023	0.00000000	-90.16978000	-37.89370000
167.59999022	0.00000000	-90.12672000	-37.89370000
167.79999021	0.00000000	-90.12672000	-37.89370000
167.99999020	0.00000000	-90.12672000	-37.89370000
168.19999018	0.00000000	-90.12672000	-37.89370000
168.39999017	0.00000000	-90.12672000	-37.89370000
168.59999016	0.00000000	-90.16978000	-37.89370000
168.79999015	0.00000000	-90.54502000	-37.89370000
168.99999014	0.00000000	-91.28937000	-37.89370000
169.19999013	0.00000000	-91.66460000	-37.89370000
169.39999011	0.00000000	-91.70767000	-37.89370000
169.59999010	0.00000000	-91.66460000	-37.89370000
169.79999009	0.00000000	-91.33242000	-37.89370000
169.99999008	0.00000000	-90.96333000	-37.89370000
170.19999007	0.00000000	-91.28937000	-37.89370000
170.39999005	0.00000000	-91.28937000	-37.89370000
170.59999004	0.00000000	-90.92027000	-37.89370000
170.79999003	0.00000000	-90.91412000	-37.89370000
170.99999002	0.00000000	-90.54502000	-37.89370000
171.19999001	-0.15871060	-90.54502000	-37.89370000
171.39998999	0.00000000	-90.87106000	-37.89370000
171.59998998	0.00000000	-90.50197000	-37.89370000
171.79998997	0.00000000	-90.21899000	-37.89370000
171.99998996	0.00000000	-90.54502000	-37.89370000
172.19998995	0.00000000	-91.24016000	-37.89370000
172.39998994	0.00000000	-91.28937000	-37.89370000
172.59998992	0.00000000	-90.96333000	-37.89370000
172.79998991	0.00000000	-91.33242000	-37.89370000
172.99998990	0.00000000	-91.61539000	-37.89370000
173.19998989	0.00000000	-91.33242000	-37.89370000
173.39998988	0.00000000	-90.92027000	-37.89370000
173.59998986	0.00000000	-90.91412000	-37.89370000
173.79998985	0.00000000	-90.50197000	-37.85064000
173.99998984	0.00000000	-90.16978000	-37.51845000
174.19998983	0.00000000	-90.12672000	-37.10630000
174.39998982	0.00000000	-90.12672000	-37.14321000
174.59998980	0.00000000	-90.12672000	-37.10630000
174.79998979	0.00000000	-90.12672000	-37.51845000
174.99998978	0.00000000	-90.12672000	-37.85064000
175.19998977	0.00000000	-90.12672000	-37.85064000
175.39998976	0.00000000	-90.16978000	-37.51845000
175.59998975	0.00000000	-90.50197000	-37.14936000
175.79998973	0.00000000	-90.87106000	-37.51845000
175.99998972	0.00000000	-90.50197000	-37.85064000
176.19998971	0.00000000	-90.16978000	-37.89370000
176.39998970	0.00000000	-90.12672000	-37.85064000
176.59998969	0.00000000	-90.12672000	-37.51845000
176.79998967	0.00000000	-90.12672000	-37.14936000
176.99998966	0.00000000	-90.12672000	-37.51845000
177.19998965	0.00000000	-90.12672000	-37.85064000
177.39998964	0.00000000	-90.12672000	-37.89370000
177.59998963	-0.15871060	-90.12672000	-37.89370000
177.79998961	0.00000000	-90.12672000	-37.85064000
177.99998960	0.00000000	-90.12672000	-37.51845000
178.19998959	0.00000000	-90.12672000	-37.14936000
178.39998958	0.00000000	-90.12672000	-37.51845000
178.59998957	0.00000000	-90.12672000	-37.85064000
178.79998956	0.00000000	-90.12672000	-37.85064000
178.99998954	0.00000000	-90.12672000	-37.51845000
179.19998953	0.00000000	-90.12672000	-37.14936000
179.39998952	0.00000000	-90.16978000	-37.51845000
179.59998951	0.00000000	-90.50197000	-37.85064000
179.79998950	0.00000000	-90.87106000	-37.89370000
179.99998948	0.00000000	-90.50197000	-37.89370000
180.19998947	0.00000000	-90.16978000	-37.89370000
180.39998946	0.00000000	-90.16978000	-37.89370000
180.59998945	0.00000000	-90.50197000	-37.89370000
180.79998944	0.00000000	-90.87106000	-37.89370000
180.99998942	0.00000000	-90.54502000	-37.85064000
181.19998941	0.00000000	-90.59423000	-37.51845000
181.39998940	0.00000000	-91.24016000	-37.14936000
181.59998939	0.00000000	-91.24016000	-37.47539000
181.79998938	0.00000000	-90.54502000	-37.47539000
181.99998937	0.00000000	-90.16978000	-37.14936000
182.19998935	0.00000000	-90.12672000	-37.51845000
182.39998934	0.00000000	-90.12672000	-37.85064000
182.59998933	0.00000000	-90.12672000	-37.93676000
182.79998932	0.00000000	-90.12672000	-38.26894000
182.99998931	0.00000000	-90.12672000	-38.63804000
183.19998929	0.00000000	-90.12672000	-38.26894000
183.39998928	0.00000000	-90.16978000	-37.93676000
183.59998927	0.00000000	-90.54502000	-37.89370000
183.79998926	0.00000000	-91.28937000	-37.89370000
183.99998925	0.00000000	-91.61539000	-37.89370000
184.19998923	0.00000000	-91.33242000	-37.85064000
184.39998922	0.00000000	-90.96333000	-37.51845000
184.59998921	0.00000000	-91.28937000	-37.14936000
184.79998920	0.00000000	-91.24016000	-37.51845000
184.99998919	0.00000000	-90.54502000	-37.85064000
185.19998918	0.00000000	-90.16978000	-37.89370000
185.39998916	0.00000000	-90.12672000	-37.89370000
185.59998915	0.00000000	-90.12672000	-37.93676000
185.79998914	0.00000000	-90.12672000	-38.26894000
185.99998913	0.00000000	-90.12672000	-38.63804000
186.19998912	0.00000000	-90.12672000	-38.26894000
186.39998910	0.00000000	-90.16978000	-37.93676000
186.59998909	0.00000000	-90.54502000	-37.89370000
186.79998908	0.00000000	-91.28937000	-37.89370000
186.99998907	0.00000000	-91.66460000	-37.85064000
187.19998906	0.00000000	-91.70767000	-37.47539000
187.39998904	0.00000000	-91.70767000	-36.73105000
187.59998903	0.00000000	-91.66460000	-36.40502000
187.79998902	0.00000000	-91.28937000	-36.73105000
187.99998901	0.00000000	-90.54502000	-37.47539000
188.19998900	0.00000000	-90.16978000	-37.85064000
188.39998899	0.00000000	-90.12672000	-37.89370000
188.59998897	0.00000000	-90.12672000	-37.89370000
188.79998896	0.00000000	-90.12672000	-37.89370000
188.99998895	0.00000000	-90.16978000	-37.89370000
189.19998894	0.00000000	-90.50197000	-37.89370000
189.39998893	0.00000000	-90.91412000	-37.89370000
189.59998891	0.00000000	-90.87720000	-37.89370000
189.79998890	0.00000000	-90.95718000	-37.85064000
189.99998889	0.00000000	-90.92027000	-37.47539000
190.19998888	0.00000000	-91.28937000	-36.73105000
190.39998887	0.00000000	-91.24016000	-36.35580000
190.59998885	0.00000000	-90.54502000	-36.31274000
190.79998884	0.00000000	-90.16978000	-36.35580000
190.99998883	0.00000000	-90.12672000	-36.73105000
191.19998882	0.00000000	-90.12672000	-37.42618000
191.39998881	0.00000000	-90.12672000	-37.42618000
191.59998880	0.00000000	-90.12672000	-36.78026000
191.79998878	0.00000000	-90.12672000	-36.78026000
191.99998877	0.00000000	-90.12672000	-37.47539000
192.19998876	0.00000000	-90.12672000	-37.85064000
192.39998875	0.00000000	-90.12672000	-37.89370000
192.59998874	0.00000000	-90.16978000	-37.89370000
192.79998872	0.00000000	-90.50197000	-37.89370000
192.99998871	0.00000000	-90.87106000	-37.89370000
193.19998870	0.00000000	-90.50197000	-37.89370000
193.39998869	0.00000000	-90.16978000	-37.85064000
193.59998868	0.00000000	-90.12672000	-37.47539000
193.79998866	0.00000000	-90.12672000	-36.73105000
193.99998865	0.00000000	-90.12672000	-36.35580000
194.19998864	0.00000000	-90.12672000	-36.35580000
194.39998863	0.00000000	-90.12672000	-36.73105000
194.59998862	0.00000000	-90.12672000	-37.47539000
194.79998861	0.00000000	-90.12672000	-37.85064000
194.99998859	0.00000000	-90.12672000	-37.89370000
195.19998858	0.00000000	-90.16978000	-37.89370000
195.39998857	0.00000000	-90.54502000	-37.89370000
195.59998856	0.00000000	-91.28937000	-37.89370000
195.79998855	0.00000000	-91.66460000	-37.89370000
195.99998853	0.00000000	-91.70767000	-37.89370000
