Time	Channel A	Channel B	Channel C
(us)	(V)	(mV)	(mV)

-4.49999956	0.00000000	4.74286400	6.31151500
-4.29999957	0.00000000	4.74286400	6.31151500
-4.09999958	0.00000000	4.78592500	6.31151500
-3.89999959	0.00000000	5.11811000	6.31151500
-3.69999960	0.00000000	5.48720400	6.31151500
-3.49999962	0.00000000	5.11811000	6.31151500
-3.29999963	0.00000000	4.83513700	6.31151500
-3.09999964	0.00000000	5.11811000	6.31151500
-2.89999965	0.00000000	5.48720400	6.31151500
-2.69999966	0.00000000	5.11811000	6.31151500
-2.49999968	0.00000000	4.83513700	6.31151500
-2.29999969	0.00000000	5.11811000	6.31151500
-2.09999970	0.00000000	5.48720400	6.31151500
-1.89999971	0.00000000	5.11811000	6.31151500
-1.69999972	0.00000000	4.78592500	6.31151500
-1.49999973	0.00000000	4.74286400	6.31151500
-1.29999975	0.00000000	4.74286400	6.31151500
-1.09999976	0.00000000	4.74286400	6.31151500
-0.89999977	0.00000000	4.74286400	6.31151500
-0.69999978	0.00000000	4.78592500	6.31151500
-0.49999979	0.00000000	5.11811000	6.31151500
-0.29999981	0.15871060	5.53026500	6.31151500
-0.09999982	0.63668800	5.53641700	6.31151500
0.10000017	0.95533960	5.94857300	6.31151500
0.30000016	1.11466500	6.23154500	6.31151500
0.50000015	0.95533960	5.94857300	6.31151500
0.70000013	0.47736220	5.53641700	6.31151500
0.90000012	-0.31803640	5.53026500	6.26845500
1.10000011	-1.27399100	5.11811000	5.93626900
1.30000010	-2.22994600	4.78592500	5.57332700
1.50000009	-2.70792300	4.74286400	5.93626900
1.70000008	-2.54859700	4.74286400	6.26845500
1.90000006	-1.59264300	4.78592500	6.31151500
2.10000005	0.15871060	5.11811000	6.31151500
2.30000004	2.38927200	5.48720400	6.31151500
2.50000003	4.14124000	5.11811000	6.26845500
2.70000002	5.25652100	4.78592500	5.89320800
2.90000000	5.09719500	4.74286400	5.15501900
3.09999999	3.34522600	4.74286400	4.77977300
3.29999998	0.47736220	4.74286400	4.73671200
3.49999997	-2.86724900	4.74286400	4.77977300
3.69999996	-6.05315000	4.74286400	5.15501900
3.89999994	-7.80511800	4.78592500	5.89320800
4.09999993	-7.80511800	5.11811000	6.26845500
4.29999992	-5.57517200	5.53026500	6.31151500
4.49999991	-1.75196900	5.53641700	6.31151500
4.69999990	2.70792300	5.90551100	6.31151500
4.89999989	6.69045300	5.85629900	6.31151500
5.09999987	9.07972400	5.16117100	6.26845500
5.29999986	9.23905000	4.78592500	5.89320800
5.49999985	7.16781500	4.74286400	5.15501900
5.69999984	3.18590100	4.74286400	4.77977300
5.89999983	-1.59264300	4.78592500	4.73671200
6.09999981	-6.05315000	5.11811000	4.73671200
6.29999980	-8.76107300	5.53026500	4.82898600
6.49999979	-9.39837600	5.53641700	5.53026500
6.69999978	-7.64579200	5.94857300	6.63754800
6.89999977	-4.14124000	6.23154500	6.64370100
7.09999975	0.31803640	5.90551100	6.35457700
7.29999974	4.30056600	5.16117100	6.31151500
7.49999973	7.00848900	4.78592500	6.31151500
7.69999972	7.80511800	4.74286400	6.26845500
7.89999971	6.53112700	4.74286400	5.89320800
8.09999970	3.98191400	4.74286400	5.19808000
8.29999968	0.63668800	4.74286400	5.15501900
8.49999967	-2.38927200	4.74286400	5.51796200
8.69999966	-4.45989200	4.74286400	5.53026500
8.89999965	-5.25652100	4.74286400	5.93626900
9.09999964	-4.61921700	4.78592500	6.26845500
9.29999962	-3.02657500	5.16117100	6.31151500
9.49999961	-0.95533960	5.85629900	6.31151500
9.69999960	0.79601380	5.85629900	6.31151500
9.89999959	2.07062000	5.16117100	6.31151500
10.09999958	2.54859700	4.78592500	6.31151500
10.29999956	2.38927200	4.74286400	6.31151500
10.49999955	1.59264300	4.74286400	6.31151500
10.69999954	0.63668800	4.74286400	6.31151500
10.89999953	-0.15871060	4.74286400	6.31151500
11.09999952	-0.63668800	4.74286400	6.31151500
11.29999951	-0.95533960	4.74286400	6.31151500
11.49999949	-0.95533960	4.74286400	6.31151500
11.69999948	-0.79601380	4.78592500	6.31151500
11.89999947	-0.47736220	5.16117100	6.31151500
12.09999946	-0.15871060	5.90551100	6.31151500
12.29999945	-0.15871060	6.23154500	6.31151500
12.49999943	-0.15871060	5.90551100	6.31151500
12.69999942	0.00000000	5.16117100	6.31151500
12.89999941	0.00000000	4.78592500	6.31151500
13.09999940	0.00000000	4.74286400	6.31151500
13.29999939	0.00000000	4.78592500	6.31151500
13.49999937	0.00000000	5.16117100	6.31151500
13.69999936	0.00000000	5.85629900	6.31151500
13.89999935	0.00000000	5.85629900	6.31151500
14.09999934	-0.15871060	5.21038300	6.31151500
14.29999933	-0.15871060	5.16117100	6.31151500
14.49999932	-0.15871060	5.48720400	6.31151500
14.69999930	0.00000000	5.11811000	6.31151500
14.89999929	0.00000000	4.78592500	6.31151500
15.09999928	0.00000000	4.74286400	6.31151500
15.29999927	0.00000000	4.74286400	6.31151500
15.49999926	0.00000000	4.74286400	6.31151500
15.69999924	0.00000000	4.74286400	6.31151500
15.89999923	0.00000000	4.74286400	6.31151500
16.09999922	0.00000000	4.74286400	6.31151500
16.29999921	0.00000000	4.78592500	6.31151500
16.49999920	-0.15871060	5.11811000	6.31151500
16.69999919	-0.15871060	5.53026500	6.31151500
16.89999917	0.00000000	5.53641700	6.31151500
17.09999916	0.00000000	5.94857300	6.31151500
17.29999915	0.00000000	6.32381900	6.31151500
17.49999914	0.00000000	6.74212600	6.31151500
17.69999913	0.00000000	7.43725300	6.31151500
17.89999911	0.00000000	7.43725300	6.31151500
18.09999910	0.00000000	6.60679100	6.31151500
18.29999909	0.00000000	5.11195900	6.31151500
18.49999908	0.00000000	2.79281500	6.31151500
18.69999907	0.00000000	1.29798200	6.31151500
18.89999905	0.00000000	0.46751960	6.31151500
19.09999904	0.00000000	0.51058070	6.31151500
19.29999903	0.00000000	1.67322800	6.31151500
19.49999902	0.00000000	3.67249000	6.31151500
19.69999901	0.00000000	6.79133800	6.31151500
19.89999900	0.00000000	10.64838000	6.31151500
20.09999898	0.00000000	14.09326000	6.31151500
20.29999897	0.00000000	16.36934000	6.31151500
20.49999896	0.00000000	16.32628000	6.31151500
20.69999895	0.00000000	13.53962000	6.31151500
20.89999894	0.00000000	8.08932000	6.31151500
21.09999892	0.00000000	0.37524600	6.31151500
21.29999891	0.00000000	-7.30807100	6.31151500
21.49999890	0.00000000	-13.12131000	6.31151500
21.69999889	0.00000000	-15.72958000	6.31151500
21.89999888	0.00000000	-13.68110000	6.26845500
22.09999886	0.00000000	-6.28690900	5.93626900
22.29999885	0.00000000	5.29650500	5.57332700
22.49999884	0.00000000	18.37475000	5.93626900
22.69999883	0.00000000	29.58292000	6.26845500
22.89999882	0.00000000	36.10359000	6.31151500
23.09999881	0.00000000	36.42347000	6.35457700
23.29999879	0.00000000	29.40452000	6.72982200
23.49999878	0.00000000	16.19094000	7.47416300
23.69999877	0.00000000	-0.83661410	7.84940900
23.89999876	0.00000000	-18.55930000	7.89247000
24.09999875	0.00000000	-31.96973000	7.84940900
24.29999873	0.00000000	-37.36466000	7.42495000
24.49999872	0.00000000	-33.04010000	6.26845500
24.69999871	0.00000000	-19.45128000	4.73671200
24.89999870	0.00000000	1.02116100	3.15575800
25.09999869	0.00000000	23.76968000	1.62401600
25.29999867	0.00000000	43.03642000	0.51058070
25.49999866	0.00000000	54.24458000	0.51058070
25.69999865	0.00000000	54.57677000	1.71013800
25.89999864	0.00000000	43.73154000	4.03543200
26.09999863	0.00000000	23.63435000	7.56028500
26.29999862	0.00000000	-1.07037400	11.38041000
26.49999860	0.00000000	-24.61245000	14.90526000
26.69999859	0.00000000	-41.59695000	17.13829000
26.89999858	0.00000000	-47.78543000	17.50738000
27.09999857	0.00000000	-42.01525000	15.09596000
27.29999856	0.00000000	-25.77510000	10.03322000
27.49999854	0.00000000	-2.60826800	2.69439000
27.69999853	0.00000000	22.09646000	-5.33956700
27.89999852	0.00000000	42.56889000	-11.52190000
28.09999851	0.00000000	54.20152000	-14.58538000
28.29999850	0.00000000	54.66289000	-13.70571000
28.49999848	0.00000000	44.66043000	-7.85556000
28.69999847	0.00000000	26.83932000	2.17765700
28.89999846	0.00000000	4.83513700	14.11786000
29.09999845	0.00000000	-16.38164000	25.31373000
29.29999844	0.00000000	-31.50221000	33.02780000
29.49999843	0.00000000	-37.78297000	35.67913000
29.69999841	0.00000000	-34.75639000	32.10507000
29.89999840	0.00000000	-23.54207000	22.02264000
30.09999839	0.00000000	-6.97588500	7.38188900
30.29999838	0.00000000	11.20817000	-8.45841400
30.49999837	0.00000000	26.75320000	-21.93036000
30.69999835	0.00000000	37.22318000	-30.01353000
30.89999834	0.00000000	40.74803000	-30.38878000
31.09999833	0.00000000	36.52190000	-23.04995000
31.29999832	0.00000000	26.51329000	-9.47957600
31.49999831	0.00000000	12.55536000	7.89247000
31.69999829	0.00000000	-2.09768700	25.27067000
31.89999828	0.00000000	-14.14862000	38.79183000
32.09999827	0.00000000	-21.49360000	45.76156000
32.29999826	0.00000000	-22.69931000	44.55585000
32.49999825	0.00000000	-17.72884000	35.26082000
32.69999824	0.00000000	-8.46456700	19.46358000
32.89999822	0.00000000	3.16190900	0.97194880
33.09999821	0.00000000	14.70226000	-15.70497000
33.29999820	0.00000000	23.20989000	-27.73745000
33.49999819	0.00000000	26.74705000	-33.08317000
33.69999818	0.00000000	25.25836000	-30.01353000
33.89999816	0.00000000	19.48819000	-19.24212000
34.09999815	0.00000000	11.02362000	-3.80782500
34.29999814	0.00000000	2.13459600	13.23819000
34.49999813	0.00000000	-5.21653500	28.29724000
34.69999812	0.00000000	-9.49187900	38.33046000
34.89999810	0.00000000	-9.86712600	41.02485000
35.09999809	0.00000000	-6.42224400	35.67913000
35.29999808	0.00000000	0.09227362	24.15723000
35.49999807	0.00000000	7.35113100	9.47342500
35.69999806	0.00000000	13.16437000	-5.20423200
35.89999805	0.00000000	16.28322000	-16.77534000
36.09999803	0.00000000	16.28322000	-22.58243000
36.29999802	0.00000000	13.20743000	-21.41978000
36.49999801	0.00000000	7.90477300	-13.79798000
36.69999800	0.00000000	2.46678100	-1.86392700
36.89999799	0.00000000	-1.77780500	10.78371000
37.09999797	0.00000000	-4.46604300	21.22908000
37.29999796	0.00000000	-4.05388800	26.62401000
37.49999795	0.00000000	-1.02731300	26.29183000
37.69999794	0.00000000	3.62942900	20.53395000
37.89999793	0.00000000	8.97514600	10.96211000
38.09999791	0.00000000	13.20743000	0.63976370
38.29999790	0.00000000	15.16363000	-7.43725300
38.49999789	0.00000000	14.83760000	-10.83292000
38.69999788	0.00000000	12.51230000	-8.59375000
38.89999787	0.00000000	9.01820900	-1.35334600
39.09999786	0.00000000	4.74286400	7.80634800
39.29999784	0.00000000	0.51058070	16.30167000
39.49999783	0.00000000	-2.60826800	22.02264000
39.69999782	0.00000000	-4.14616100	23.13607000
39.89999781	0.00000000	-3.77091500	18.90994000
40.09999780	0.00000000	-1.44562000	10.49459000
40.29999778	0.00000000	1.99926200	0.55364170
40.49999777	0.00000000	5.94857300	-7.90477300
40.69999776	0.00000000	9.76870100	-12.50615000
40.89999775	0.00000000	12.92446000	-12.08169000
41.09999774	0.00000000	14.46850000	-6.36687900
41.29999772	0.00000000	14.83760000	2.82972400
41.49999771	0.00000000	13.25664000	12.45079000
41.69999770	0.00000000	9.86097400	20.57702000
41.89999769	0.00000000	6.36687900	25.13533000
42.09999768	0.00000000	3.16190900	24.76009000
42.29999767	0.00000000	0.09227362	19.41437000
42.49999765	0.00000000	-2.18996000	11.00517000
42.69999764	0.00000000	-2.56520700	2.12844500
42.89999763	0.00000000	-1.11343500	-5.20423200
43.09999762	0.00000000	1.20570900	-9.43036400
43.29999761	0.00000000	3.53715500	-9.47957600
43.49999759	0.00000000	5.90551100	-5.67175200
43.69999758	0.00000000	7.81250000	0.46751960
43.89999757	0.00000000	9.01820900	7.38188900
44.09999756	0.00000000	9.44266700	13.18898000
44.29999755	0.00000000	9.44266700	16.67692000
44.49999753	0.00000000	9.06742000	17.46432000
44.69999752	0.00000000	8.32308000	15.23130000
44.89999751	0.00000000	7.94783400	11.42347000
45.09999750	0.00000000	7.86171200	7.51722400
45.29999749	0.00000000	7.43725300	3.62327700
45.49999748	0.00000000	6.23154500	0.55364170
45.69999746	0.00000000	4.27534400	-0.97810030
45.89999745	0.00000000	1.58095500	-0.64591530
46.09999744	0.00000000	-1.11343500	1.24877000
46.29999743	0.00000000	-3.02657500	3.57406500
46.49999742	0.00000000	-3.81397600	6.31151500
46.69999740	0.00000000	-2.93430100	8.96284400
46.89999739	0.00000000	-0.18454720	10.53765000
47.09999738	0.00000000	4.87819900	10.95595000
47.29999737	0.00000000	11.02362000	10.53765000
47.49999736	0.00000000	16.79380000	8.96284400
47.69999734	0.00000000	20.60162000	6.31151500
47.89999733	0.00000000	20.97687000	3.61712600
48.09999732	0.00000000	17.86417000	1.66707700
48.29999731	0.00000000	11.62648000	0.51058070
48.49999730	0.00000000	3.16190900	0.55364170
48.69999729	0.00000000	-5.30265700	2.08538400
48.89999727	0.00000000	-11.44808000	4.77977300
49.09999726	0.00000000	-13.77338000	7.84940900
49.29999725	0.00000000	-11.40502000	10.58686000
49.49999724	0.00000000	-4.88435000	12.49385000
49.69999723	0.00000000	4.36761800	13.23819000
49.89999721	0.00000000	13.63189000	12.07554000
50.09999720	0.00000000	20.93381000	9.38115100
50.29999719	0.00000000	24.41560000	5.89320800
50.49999718	0.00000000	22.89001000	2.04232300
50.69999717	0.00000000	17.48893000	-1.02116100
50.89999715	0.00000000	8.97514600	-2.55905500
51.09999714	0.00000000	-0.55979330	-2.14074800
51.29999713	0.00000000	-7.86786400	0.55364170
51.49999712	0.00000000	-11.02977000	4.73671200
51.69999711	0.00000000	-9.86712600	9.00590400
51.89999710	0.00000000	-4.88435000	12.45079000
52.09999708	0.00000000	2.82972400	14.39468000
52.29999707	0.00000000	10.88829000	14.03174000
52.49999706	0.00000000	17.39665000	12.11860000
52.69999705	0.00000000	20.09719000	9.00590400
52.89999704	0.00000000	18.23942000	5.19808000
53.09999702	0.00000000	13.25664000	2.08538400
53.29999701	0.00000000	6.32381900	0.13533460
53.49999700	0.00000000	-0.55979330	-0.60285430
53.69999699	0.00000000	-5.16732200	0.55364170
53.89999698	0.00000000	-6.37303100	3.19881900
54.09999696	0.00000000	-4.05388800	6.26845500
54.29999695	0.00000000	0.88582670	8.91978400
54.49999694	0.00000000	7.06815900	10.07628000
54.69999693	0.00000000	12.42003000	9.38115100
54.89999692	0.00000000	15.90797000	7.89247000
55.09999691	0.00000000	16.28322000	6.26845500
55.29999689	0.00000000	13.63189000	4.40452700
55.49999688	0.00000000	9.01820900	2.92199800
55.69999687	0.00000000	3.62942900	3.33415300
55.89999686	0.00000000	-0.98425190	5.19808000
56.09999685	0.00000000	-3.67864200	7.89247000
56.29999683	0.00000000	-3.67864200	10.49459000
56.49999682	0.00000000	-1.02731300	11.60802000
56.69999681	0.00000000	3.16190900	10.49459000
56.89999680	0.00000000	7.43725300	7.80019600
57.09999679	0.00000000	10.93135000	4.31840500
57.29999677	0.00000000	13.25664000	0.46751960
57.49999676	0.00000000	13.58268000	-2.51599400
57.69999675	0.00000000	11.71875000	-3.29724400
57.89999674	0.00000000	8.28001900	-1.35334600
58.09999673	0.00000000	4.83513700	2.50369100
58.29999672	0.00000000	2.09153500	7.93553100
58.49999670	0.00000000	0.55364170	13.65650000
58.69999669	0.00000000	0.51058070	17.83957000
58.89999668	0.00000000	1.67322800	19.00221000
59.09999667	0.00000000	3.58021600	16.67692000
59.29999666	0.00000000	5.90551100	11.65723000
59.49999664	0.00000000	7.76943800	4.73671200
59.69999663	0.00000000	8.59990100	-2.18380900
59.89999662	0.00000000	8.23695900	-7.16043300
60.09999661	0.00000000	7.48646600	-9.06126900
60.29999660	0.00000000	6.32381900	-6.78518600
60.49999658	0.00000000	5.21038300	-1.39640700
60.69999657	0.00000000	4.78592500	5.57332700
60.89999656	0.00000000	4.78592500	13.28125000
61.09999655	0.00000000	5.16117100	19.37131000
61.29999654	0.00000000	5.94857300	22.10876000
61.49999653	0.00000000	6.69906400	20.95226000
61.69999651	0.00000000	7.43725300	16.30167000
61.89999650	0.00000000	7.39419200	8.96284400
62.09999649	0.00000000	6.28075700	0.55364170
62.29999648	0.00000000	4.74286400	-6.36687900
62.49999647	0.00000000	3.20497000	-9.84867000
62.69999645	0.00000000	2.04847400	-9.52263600
62.89999644	0.00000000	1.71628900	-5.67175200
63.09999643	0.00000000	2.46678100	0.51058070
63.29999642	0.00000000	4.36761800	7.89247000
63.49999641	0.00000000	6.28075700	15.18824000
63.69999639	0.00000000	7.90477300	20.53395000
63.89999638	0.00000000	9.39345400	22.10876000
64.09999637	0.00000000	10.13779000	19.83883000
64.29999636	0.00000000	9.39345400	14.85605000
64.49999635	0.00000000	7.86171200	8.26771600
64.69999634	0.00000000	5.90551100	1.71013800
64.89999632	0.00000000	3.62942900	-3.72170300
65.09999631	0.00000000	2.13459600	-6.78518600
65.29999630	0.00000000	2.04847400	-6.82824800
65.49999629	0.00000000	2.82972400	-4.18307100
65.69999628	0.00000000	3.99852300	0.04306102
65.89999626	0.00000000	5.94857300	4.69365100
66.09999625	0.00000000	7.76943800	9.00590400
66.29999624	0.00000000	8.55684000	12.49385000
66.49999623	0.00000000	7.81250000	14.85605000
66.69999622	0.00000000	6.32381900	15.60654000
66.89999620	0.00000000	4.74286400	14.90526000
67.09999619	0.00000000	3.20497000	12.91215000
67.29999618	0.00000000	2.09153500	10.21161000
67.49999617	0.00000000	2.13459600	6.68676100
67.69999616	0.00000000	3.67249000	3.24803100
67.89999615	0.00000000	6.32381900	0.46751960
68.09999613	0.00000000	9.01820900	-1.48868100
68.29999612	0.00000000	10.93135000	-2.64517700
68.49999611	0.00000000	11.67569000	-2.60211600
68.69999610	0.00000000	10.46998000	-1.07037400
68.89999609	0.00000000	7.43725300	1.71013800
69.09999607	0.00000000	3.53715500	5.57332700
69.29999606	0.00000000	-0.28297240	10.21161000
69.49999605	0.00000000	-3.34645700	14.03174000
69.69999604	0.00000000	-4.09694900	16.39395000
69.89999603	0.00000000	-2.56520700	16.76919000
70.09999601	0.00000000	0.97194880	15.18824000
70.29999600	0.00000000	6.36687900	11.70029000
70.49999599	0.00000000	12.09400000	6.68676100
70.69999598	0.00000000	16.32628000	1.71013800
70.89999597	0.00000000	17.90723000	-2.18380900
71.09999596	0.00000000	16.74459000	-4.09079700
71.29999594	0.00000000	13.25664000	-3.76476400
71.49999593	0.00000000	7.81250000	-1.39640700
71.69999592	0.00000000	1.67322800	2.41756900
71.89999591	0.00000000	-3.77091500	7.05585600
72.09999590	0.00000000	-7.21579700	10.86983000
72.29999588	0.00000000	-8.00319800	13.28125000
72.49999587	0.00000000	-5.67790300	14.03174000
72.69999586	0.00000000	-1.02731300	13.28125000
72.89999585	0.00000000	5.16117100	10.96211000
73.09999584	0.00000000	11.67569000	7.93553100
73.29999582	0.00000000	16.28322000	5.24729300
73.49999581	0.00000000	17.90723000	3.66633800
73.69999580	0.00000000	16.79380000	3.24803100
73.89999579	0.00000000	13.67495000	3.62327700
74.09999578	0.00000000	9.01820900	4.77977300
74.29999577	0.00000000	3.62942900	6.22539300
74.49999575	0.00000000	-0.98425190	6.96358300
74.69999574	0.00000000	-3.72170300	6.22539300
74.89999573	0.00000000	-4.09694900	4.73671200
75.09999572	0.00000000	-2.23302100	3.19881900
75.29999571	0.00000000	1.20570900	2.08538400
75.49999569	0.00000000	4.69980300	2.17150600
75.69999568	0.00000000	7.86171200	4.08464600
75.89999567	0.00000000	10.51304000	7.47416300
76.09999566	0.00000000	11.67569000	10.58686000
76.29999565	0.00000000	10.97441000	12.95522000
76.49999563	0.00000000	9.48572700	14.81299000
76.69999562	0.00000000	7.90477300	14.72072000
76.89999561	0.00000000	6.36687900	12.03248000
77.09999560	0.00000000	5.21038300	7.42495000
77.29999559	0.00000000	4.78592500	2.04232300
77.49999558	0.00000000	4.74286400	-2.55905500
77.69999556	0.00000000	4.74286400	-5.29650500
77.89999555	0.00000000	4.74286400	-5.67175200
78.09999554	0.00000000	4.69980300	-3.71555100
78.29999553	0.00000000	4.32455700	0.55364170
78.49999552	0.00000000	3.58021600	6.31151500
78.69999550	0.00000000	3.25418300	12.07554000
78.89999549	0.00000000	3.62942900	16.35089000
79.09999548	0.00000000	4.78592500	18.25787000
79.29999547	0.00000000	6.32381900	17.50738000
79.49999546	0.00000000	7.90477300	14.03174000
79.69999544	0.00000000	9.44266700	9.05511800
79.89999543	0.00000000	10.55610000	3.62327700
80.09999542	0.00000000	10.51304000	-0.97810030
80.29999541	0.00000000	8.97514600	-3.76476400
80.49999540	0.00000000	6.32381900	-4.50910400
80.69999539	0.00000000	3.62942900	-3.38951800
80.89999537	0.00000000	1.67322800	-0.28297240
81.09999536	0.00000000	0.51058070	3.53100400
81.29999535	0.00000000	0.51058070	7.47416300
81.49999534	0.00000000	1.71628900	10.91289000
81.69999533	0.00000000	3.99852300	13.28125000
81.89999531	0.00000000	7.06815900	14.07480000
82.09999530	0.00000000	9.39345400	13.74262000
82.29999529	0.00000000	10.93135000	12.53691000
82.49999528	0.00000000	11.30044000	10.58686000
82.69999527	0.00000000	9.76870100	7.84940900
82.89999525	0.00000000	7.52952700	4.77977300
83.09999524	0.00000000	5.16117100	2.04232300
83.29999523	0.00000000	3.25418300	0.09227362
83.49999522	0.00000000	2.09153500	-1.06422200
83.69999521	0.00000000	2.09153500	-1.06422200
83.89999520	0.00000000	3.20497000	0.13533460
84.09999518	0.00000000	4.69980300	2.46063000
84.29999517	0.00000000	5.85629900	5.93626900
84.49999516	0.00000000	6.28075700	9.42421200
84.69999515	0.00000000	6.32381900	12.53691000
84.89999514	0.00000000	6.32381900	14.81299000
85.09999512	0.00000000	6.32381900	15.18824000
85.29999511	0.00000000	6.32381900	13.65650000
85.49999510	0.00000000	6.32381900	10.53765000
85.69999509	0.00000000	6.36687900	6.31151500
85.89999508	0.00000000	6.74212600	2.04232300
86.09999506	0.00000000	7.43725300	-1.44562000
86.29999505	0.00000000	7.43725300	-3.71555100
86.49999504	0.00000000	6.69906400	-3.67249000
86.69999503	0.00000000	5.90551100	-1.02116100
86.89999502	0.00000000	4.74286400	3.20497000
87.09999501	0.00000000	3.62942900	7.84940900
87.29999499	0.00000000	3.20497000	12.11860000
87.49999498	0.00000000	3.20497000	15.14518000
87.69999497	0.00000000	3.62942900	15.92642000
87.89999496	0.00000000	4.78592500	14.03174000
88.09999495	0.00000000	6.32381900	10.53765000
88.29999493	0.00000000	7.86171200	5.89320800
88.49999492	0.00000000	8.97514600	0.97194880
88.69999491	0.00000000	9.01820900	-2.09153500
88.89999490	0.00000000	8.28001900	-2.55905500
89.09999489	0.00000000	7.43725300	-1.02116100
89.29999487	0.00000000	5.90551100	2.08538400
89.49999486	0.00000000	4.04773600	6.31151500
89.69999485	0.00000000	3.25418300	10.53765000
89.89999484	0.00000000	3.20497000	13.60728000
90.09999483	0.00000000	3.58021600	14.76993000
90.29999482	0.00000000	4.36761800	13.60728000
90.49999480	0.00000000	5.16117100	10.53765000
90.69999479	0.00000000	6.32381900	6.26845500
90.89999478	0.00000000	7.43725300	1.71013800
91.09999477	0.00000000	7.86171200	-1.72244100
91.29999476	0.00000000	7.86171200	-2.46678100
91.49999474	0.00000000	7.48646600	-0.60285430
91.69999473	0.00000000	6.74212600	3.24803100
91.89999472	0.00000000	6.36687900	7.84940900
92.09999471	0.00000000	6.32381900	12.07554000
92.29999470	0.00000000	6.32381900	14.72072000
92.49999468	0.00000000	6.28075700	14.76993000
92.69999467	0.00000000	5.90551100	12.45079000
92.89999466	0.00000000	5.11811000	8.63681000
93.09999465	0.00000000	4.36761800	3.99237200
93.29999464	0.00000000	3.58021600	0.17839570
93.49999463	0.00000000	3.20497000	-2.14074800
93.69999461	0.00000000	3.20497000	-2.09153500
93.89999460	0.00000000	3.62942900	0.55364170
94.09999459	0.00000000	4.83513700	4.73671200
94.29999458	0.00000000	6.74212600	8.96284400
94.49999457	0.00000000	9.01820900	12.07554000
94.69999455	0.00000000	10.55610000	13.61343000
94.89999454	0.00000000	10.97441000	13.18898000
95.09999453	0.00000000	10.55610000	10.49459000
95.29999452	0.00000000	8.97514600	6.31151500
95.49999451	0.00000000	6.32381900	2.12844500
95.69999449	0.00000000	3.58021600	-0.55979330
95.89999448	0.00000000	1.24877000	-1.02116100
96.09999447	0.00000000	-0.65206690	0.13533460
96.29999446	0.00000000	-1.02731300	2.46063000
96.49999445	0.00000000	0.13533460	5.93626900
96.69999444	0.00000000	2.46678100	9.33809000
96.89999442	0.00000000	5.94857300	11.65723000
97.09999441	0.00000000	9.39345400	12.03248000
97.29999440	0.00000000	12.13706000	10.58686000
97.49999439	0.00000000	13.67495000	8.26771600
97.69999438	0.00000000	13.67495000	5.93626900
97.89999436	0.00000000	12.09400000	3.66633800
98.09999435	0.00000000	9.01820900	2.50369100
98.29999434	0.00000000	5.11811000	2.82357300
98.49999433	0.00000000	1.29798200	3.57406500
98.69999432	0.00000000	-1.81471400	4.73671200
98.89999430	0.00000000	-2.93430100	5.89320800
99.09999429	0.00000000	-2.23302100	6.68676100
99.29999428	0.00000000	0.13533460	7.47416300
99.49999427	0.00000000	3.58021600	7.80019600
99.69999426	0.00000000	7.43725300	7.51722400
99.89999425	0.00000000	10.55610000	7.14812900
100.09999423	0.00000000	12.55536000	7.51722400
100.29999422	0.00000000	13.67495000	7.84940900
100.49999421	0.00000000	13.25664000	7.89247000
100.69999420	0.00000000	10.97441000	7.89247000
100.89999419	0.00000000	7.90477300	7.84940900
101.09999417	0.00000000	4.78592500	7.38188900
101.29999416	0.00000000	2.09153500	5.85014700
101.49999415	0.00000000	0.51058070	3.61712600
101.69999414	0.00000000	0.09227362	2.08538400
101.89999413	0.00000000	0.46751960	1.66707700
102.09999411	0.00000000	1.67322800	2.08538400
102.29999410	0.00000000	3.62942900	3.66633800
102.49999409	0.00000000	6.32381900	6.31151500
102.69999408	0.00000000	8.97514600	9.00590400
102.89999407	0.00000000	10.51304000	10.96211000
103.09999406	0.00000000	10.59916000	12.11860000
103.29999404	0.00000000	9.86097400	12.07554000
103.49999403	0.00000000	9.01820900	10.53765000
103.69999402	0.00000000	7.43725300	7.84940900
103.89999401	0.00000000	5.16117100	4.73671200
104.09999400	0.00000000	3.25418300	1.66707700
104.29999398	0.00000000	2.04847400	-0.60285430
104.49999397	0.00000000	1.67322800	-0.97810030
104.69999396	0.00000000	2.04847400	0.51058070
104.89999395	0.00000000	3.20497000	3.19881900
105.09999394	0.00000000	4.69980300	6.26845500
105.29999392	0.00000000	5.90551100	9.00590400
105.49999391	0.00000000	6.74212600	10.91289000
105.69999390	0.00000000	7.86171200	11.65723000
105.89999389	0.00000000	8.51377900	10.49459000
106.09999388	0.00000000	7.43725300	7.89247000
106.29999387	0.00000000	5.57947800	5.19808000
106.49999385	0.00000000	4.45989200	3.24803100
106.69999384	0.00000000	3.99852300	2.08538400
106.89999383	0.00000000	4.36761800	2.08538400
107.09999382	0.00000000	4.74286400	3.24803100
107.29999381	0.00000000	5.21038300	5.15501900
107.49999379	0.00000000	6.32381900	7.43110200
107.69999378	0.00000000	7.43725300	8.96284400
107.89999377	0.00000000	7.81250000	9.38115100
108.09999376	0.00000000	7.43725300	9.00590400
108.29999375	0.00000000	6.32381900	7.84940900
108.49999374	0.00000000	5.16117100	6.31151500
108.69999372	0.00000000	4.41067900	4.77977300
108.89999371	0.00000000	3.95546200	3.62327700
109.09999370	0.00000000	3.99237200	3.24803100
109.29999369	0.00000000	3.99852300	3.62327700
109.49999368	0.00000000	4.83513700	4.77977300
109.69999366	0.00000000	6.28075700	6.31151500
109.89999365	0.00000000	7.48646600	7.84940900
110.09999364	0.00000000	8.23695900	9.00590400
110.29999363	0.00000000	8.59990100	9.38115100
110.49999362	0.00000000	7.86171200	9.00590400
110.69999360	0.00000000	6.74212600	7.84940900
110.89999359	0.00000000	5.90551100	6.31151500
111.09999358	0.00000000	4.74286400	4.77977300
111.29999357	0.00000000	3.62942900	3.62327700
111.49999356	0.00000000	3.25418300	3.24803100
111.69999355	0.00000000	3.62942900	3.57406500
111.89999353	0.00000000	4.74286400	4.36146600
112.09999352	0.00000000	5.90551100	5.15501900
112.29999351	0.00000000	6.69906400	6.31151500
112.49999350	0.00000000	7.48646600	7.42495000
112.69999349	0.00000000	7.81250000	7.84940900
112.89999347	0.00000000	7.48646600	7.84940900
113.09999346	0.00000000	6.74212600	7.47416300
113.29999345	0.00000000	6.32381900	6.72982200
113.49999344	0.00000000	5.90551100	6.35457700
113.69999343	0.00000000	5.16117100	6.31151500
113.89999341	0.00000000	4.78592500	6.31151500
114.09999340	0.00000000	4.74286400	6.26845500
114.29999339	0.00000000	4.74286400	5.89320800
114.49999338	0.00000000	4.78592500	5.15501900
114.69999337	0.00000000	5.16117100	4.77977300
114.89999336	0.00000000	5.90551100	4.73671200
115.09999334	0.00000000	6.28075700	4.73671200
115.29999333	0.00000000	6.32381900	4.73671200
115.49999332	0.00000000	6.32381900	4.77977300
115.69999331	0.00000000	6.32381900	5.19808000
115.89999330	0.00000000	6.32381900	6.31151500
116.09999328	0.00000000	6.28075700	7.42495000
116.29999327	0.00000000	5.90551100	7.84940900
116.49999326	0.00000000	5.16117100	7.89247000
116.69999325	0.00000000	4.78592500	7.84940900
116.89999324	0.00000000	4.78592500	7.47416300
117.09999322	0.00000000	5.16117100	6.68676100
117.29999321	0.00000000	5.94857300	5.93626900
117.49999320	0.00000000	6.69906400	5.15501900
117.69999319	0.00000000	7.48646600	4.77977300
117.89999318	0.00000000	7.86171200	4.73671200
118.09999317	0.00000000	7.90477300	4.73671200
118.29999315	0.00000000	7.86171200	4.73671200
118.49999314	0.00000000	7.43725300	4.77977300
118.69999313	0.00000000	6.28075700	5.19808000
118.89999312	0.00000000	4.78592500	6.31151500
119.09999311	0.00000000	3.62942900	7.38188900
119.29999309	0.00000000	3.20497000	7.47416300
119.49999308	0.00000000	3.20497000	7.14812900
119.69999307	0.00000000	3.62942900	7.47416300
119.89999306	0.00000000	4.78592500	7.42495000
120.09999305	0.00000000	6.32381900	6.72982200
120.29999303	0.00000000	7.86171200	6.35457700
120.49999302	0.00000000	9.01820900	6.26845500
120.69999301	0.00000000	9.39345400	5.89320800
120.89999300	0.00000000	9.06742000	5.15501900
121.09999299	0.00000000	8.28001900	4.77977300
121.29999298	0.00000000	7.48646600	4.73671200
121.49999296	0.00000000	6.28075700	4.73671200
121.69999295	0.00000000	4.78592500	4.77977300
121.89999294	0.00000000	3.62942900	5.15501900
122.09999293	0.00000000	3.20497000	5.89320800
122.29999292	0.00000000	3.20497000	6.26845500
122.49999290	0.00000000	3.62942900	6.35457700
122.69999289	0.00000000	4.74286400	6.72982200
122.89999288	0.00000000	5.90551100	7.47416300
123.09999287	0.00000000	6.69906400	7.84940900
123.29999286	0.00000000	7.48646600	7.84940900
123.49999284	0.00000000	7.86171200	7.47416300
123.69999283	0.00000000	7.90477300	6.68676100
123.89999282	0.00000000	7.86171200	5.93626900
124.09999281	0.00000000	7.48646600	5.15501900
124.29999280	0.00000000	6.69906400	4.77977300
124.49999279	0.00000000	5.94857300	4.73671200
124.69999277	0.00000000	5.11811000	4.77977300
124.89999276	0.00000000	4.36761800	5.15501900
125.09999275	0.00000000	3.62942900	5.89320800
125.29999274	0.00000000	3.62942900	6.26845500
125.49999273	0.00000000	4.36761800	6.35457700
125.69999271	0.00000000	5.11811000	6.72982200
125.89999270	0.00000000	5.90551100	7.47416300
126.09999269	0.00000000	6.32381900	7.84940900
126.29999268	0.00000000	6.74212600	7.84940900
126.49999267	0.00000000	7.48646600	7.47416300
126.69999265	0.00000000	7.86171200	6.72982200
126.89999264	0.00000000	7.86171200	6.31151500
127.09999263	0.00000000	7.43725300	5.89320800
127.29999262	0.00000000	6.32381900	5.15501900
127.49999261	0.00000000	5.16117100	4.77977300
127.69999260	0.00000000	4.36761800	4.73671200
127.89999258	0.00000000	3.58021600	4.77977300
128.09999257	0.00000000	3.25418300	5.15501900
128.29999256	0.00000000	3.62942900	5.89320800
128.49999255	0.00000000	4.78592500	6.26845500
128.69999254	0.00000000	6.28075700	6.31151500
128.89999252	0.00000000	7.43725300	6.31151500
129.09999251	0.00000000	7.86171200	6.31151500
129.29999250	0.00000000	7.86171200	6.31151500
129.49999249	0.00000000	7.43725300	6.26845500
129.69999248	0.00000000	6.32381900	5.89320800
129.89999246	0.00000000	5.16117100	5.15501900
130.09999245	0.00000000	4.36761800	4.82898600
130.29999244	0.00000000	3.62942900	5.15501900
130.49999243	0.00000000	3.62942900	5.89320800
130.69999242	0.00000000	4.36761800	6.26845500
130.89999241	0.00000000	5.11811000	6.35457700
131.09999239	0.00000000	5.94857300	6.68676100
131.29999238	0.00000000	6.69906400	7.05585600
131.49999237	0.00000000	7.43725300	6.64370100
131.69999236	0.00000000	7.43725300	5.93626900
131.89999235	0.00000000	6.74212600	5.15501900
132.09999233	0.00000000	6.32381900	4.77977300
132.29999232	0.00000000	5.90551100	4.73671200
132.49999231	0.00000000	5.16117100	4.77977300
132.69999230	0.00000000	4.78592500	5.15501900
132.89999229	0.00000000	4.74286400	5.89320800
133.09999227	0.00000000	4.78592500	6.31151500
133.29999226	0.00000000	5.16117100	6.72982200
133.49999225	0.00000000	5.90551100	7.47416300
133.69999224	0.00000000	6.28075700	7.84940900
133.89999223	0.00000000	6.32381900	7.84940900
134.09999222	0.00000000	6.32381900	7.47416300
134.29999220	0.00000000	6.28075700	6.68676100
134.49999219	0.00000000	5.94857300	5.93626900
134.69999218	0.00000000	5.57947800	5.15501900
134.89999217	0.00000000	5.94857300	4.77977300
135.09999216	0.00000000	6.28075700	4.73671200
135.29999214	0.00000000	6.32381900	4.73671200
135.49999213	0.00000000	6.32381900	4.77977300
135.69999212	0.00000000	6.32381900	5.19808000
135.89999211	0.00000000	6.28075700	6.31151500
136.09999210	0.00000000	5.90551100	7.42495000
136.29999208	0.00000000	5.16117100	7.84940900
136.49999207	0.00000000	4.78592500	7.89247000
136.69999206	0.00000000	4.74286400	7.84940900
136.89999205	0.00000000	4.74286400	7.47416300
137.09999204	0.00000000	4.78592500	6.68676100
137.29999203	0.00000000	5.16117100	5.93626900
137.49999201	0.00000000	5.94857300	5.15501900
137.69999200	0.00000000	6.69906400	4.77977300
137.89999199	0.00000000	7.48646600	4.73671200
138.09999198	0.00000000	7.81250000	4.73671200
138.29999197	0.00000000	7.48646600	4.73671200
138.49999195	0.00000000	6.69906400	4.77977300
138.69999194	0.00000000	5.94857300	5.15501900
138.89999193	0.00000000	5.16117100	5.93626900
139.09999192	0.00000000	4.78592500	6.68676100
139.29999191	0.00000000	4.74286400	7.47416300
139.49999189	0.00000000	4.78592500	7.84940900
139.69999188	0.00000000	5.16117100	7.89247000
139.89999187	0.00000000	5.90551100	7.84940900
140.09999186	0.00000000	6.32381900	7.47416300
140.29999185	0.00000000	6.74212600	6.68676100
140.49999184	0.00000000	7.43725300	5.93626900
140.69999182	0.00000000	7.43725300	5.15501900
140.89999181	0.00000000	6.69906400	4.77977300
141.09999180	0.00000000	5.94857300	4.73671200
141.29999179	0.00000000	5.16117100	4.77977300
141.49999178	0.00000000	4.78592500	5.15501900
141.69999176	0.00000000	4.78592500	5.93626900
141.89999175	0.00000000	5.16117100	6.68676100
142.09999174	0.00000000	5.90551100	7.47416300
142.29999173	0.00000000	6.28075700	7.84940900
142.49999172	0.00000000	6.32381900	7.89247000
142.69999170	0.00000000	6.32381900	7.84940900
142.89999169	0.00000000	6.32381900	7.47416300
143.09999168	0.00000000	6.32381900	6.68676100
143.29999167	0.00000000	6.28075700	5.93626900
143.49999166	0.00000000	5.90551100	5.15501900
143.69999165	0.00000000	5.16117100	4.77977300
143.89999163	0.00000000	4.83513700	4.73671200
144.09999162	0.00000000	5.16117100	4.77977300
144.29999161	0.00000000	5.90551100	5.19808000
144.49999160	0.00000000	6.28075700	6.31151500
144.69999159	0.00000000	6.32381900	7.42495000
144.89999157	0.00000000	6.32381900	7.84940900
145.09999156	0.00000000	6.32381900	7.84940900
145.29999155	0.00000000	6.32381900	7.47416300
145.49999154	0.00000000	6.28075700	6.72982200
145.69999153	0.00000000	5.90551100	6.31151500
145.89999151	0.00000000	5.16117100	5.89320800
146.09999150	0.00000000	4.83513700	5.15501900
146.29999149	0.00000000	5.11811000	4.77977300
146.49999148	0.00000000	5.57332700	4.73671200
146.69999147	0.00000000	5.91166300	4.77977300
146.89999146	0.00000000	6.69291300	5.15501900
147.09999144	0.00000000	6.65600300	5.89320800
147.29999143	0.00000000	6.36687900	6.26845500
147.49999142	0.00000000	6.32381900	6.31151500
147.69999141	0.00000000	6.28075700	6.31151500
147.89999140	0.00000000	5.90551100	6.31151500
148.09999138	0.00000000	5.16117100	6.31151500
148.29999137	0.00000000	4.78592500	6.31151500
148.49999136	0.00000000	4.74286400	6.31151500
148.69999135	0.00000000	4.78592500	6.31151500
148.89999134	0.00000000	5.16117100	6.31151500
149.09999132	0.00000000	5.90551100	6.26845500
149.29999131	0.00000000	6.28075700	5.93626900
149.49999130	0.00000000	6.32381900	5.53026500
149.69999129	0.00000000	6.32381900	5.56717500
149.89999128	0.00000000	6.32381900	5.53026500
150.09999127	0.00000000	6.32381900	5.93626900
150.29999125	0.00000000	6.32381900	6.26845500
150.49999124	0.00000000	6.28075700	6.31151500
150.69999123	0.00000000	5.90551100	6.35457700
150.89999122	0.00000000	5.16117100	6.68676100
151.09999121	0.00000000	4.83513700	7.05585600
151.29999119	0.00000000	5.11811000	6.68676100
151.49999118	0.00000000	5.53026500	6.35457700
151.69999117	0.00000000	5.53641700	6.31151500
151.89999116	0.00000000	5.94857300	6.31151500
152.09999115	0.00000000	6.28075700	6.31151500
152.29999113	0.00000000	6.32381900	6.31151500
152.49999112	0.00000000	6.32381900	6.31151500
152.69999111	0.00000000	6.32381900	6.31151500
152.89999110	0.00000000	6.32381900	6.31151500
153.09999109	0.00000000	6.32381900	6.31151500
153.29999108	0.00000000	6.32381900	6.31151500
153.49999106	0.00000000	6.28075700	6.31151500
153.69999105	0.00000000	5.90551100	6.31151500
153.89999104	0.00000000	5.16117100	6.31151500
154.09999103	0.00000000	4.78592500	6.31151500
154.29999102	0.00000000	4.74286400	6.31151500
154.49999100	0.00000000	4.74286400	6.31151500
154.69999099	0.00000000	4.78592500	6.31151500
154.89999098	0.00000000	5.16117100	6.31151500
155.09999097	0.00000000	5.90551100	6.31151500
155.29999096	0.00000000	6.28075700	6.31151500
155.49999094	0.00000000	6.32381900	6.26845500
155.69999093	0.00000000	6.32381900	5.93626900
155.89999092	0.00000000	6.32381900	5.57332700
156.09999091	0.00000000	6.32381900	5.93626900
156.29999090	0.00000000	6.32381900	6.26845500
156.49999089	0.00000000	6.28075700	6.35457700
156.69999087	0.00000000	5.90551100	6.72982200
156.89999086	0.00000000	5.16117100	7.47416300
157.09999085	0.00000000	4.78592500	7.84940900
157.29999084	0.00000000	4.74286400	7.84940900
157.49999083	0.00000000	4.78592500	7.47416300
157.69999081	0.00000000	5.16117100	6.72982200
157.89999080	0.00000000	5.90551100	6.31151500
158.09999079	0.00000000	6.28075700	5.93626900
158.29999078	0.00000000	6.32381900	5.53026500
158.49999077	0.00000000	6.32381900	5.51796200
158.69999075	0.00000000	6.32381900	5.11195900
158.89999074	0.00000000	6.32381900	4.82898600
159.09999073	0.00000000	6.32381900	5.15501900
159.29999072	0.00000000	6.32381900	5.93626900
159.49999071	0.00000000	6.28075700	6.68676100
159.69999070	0.00000000	5.90551100	7.47416300
159.89999068	0.00000000	5.16117100	7.84940900
160.09999067	0.00000000	4.83513700	7.89247000
160.29999066	0.00000000	5.11811000	7.84940900
160.49999065	0.00000000	5.48720400	7.47416300
160.69999064	0.00000000	5.16117100	6.72982200
160.89999062	0.00000000	5.21038300	6.31151500
161.09999061	0.00000000	5.90551100	5.93626900
161.29999060	0.00000000	6.28075700	5.53026500
161.49999059	0.00000000	6.32381900	5.56717500
161.69999058	0.00000000	6.32381900	5.53026500
161.89999056	0.00000000	6.32381900	5.93626900
162.09999055	0.00000000	6.32381900	6.26845500
162.29999054	0.00000000	6.32381900	6.31151500
162.49999053	0.00000000	6.32381900	6.31151500
162.69999052	0.00000000	6.32381900	6.31151500
162.89999051	0.00000000	6.32381900	6.31151500
163.09999049	0.00000000	6.28075700	6.31151500
163.29999048	0.00000000	5.90551100	6.31151500
163.49999047	0.00000000	5.16117100	6.31151500
163.69999046	0.00000000	4.78592500	6.31151500
163.89999045	0.00000000	4.74286400	6.31151500
164.09999043	0.00000000	4.78592500	6.31151500
164.29999042	0.00000000	5.16117100	6.31151500
164.49999041	0.00000000	5.90551100	6.31151500
164.69999040	0.00000000	6.28075700	6.31151500
164.89999039	0.00000000	6.32381900	6.31151500
165.09999037	0.00000000	6.32381900	6.31151500
165.29999036	0.00000000	6.32381900	6.31151500
165.49999035	0.00000000	6.32381900	6.31151500
165.69999034	0.00000000	6.32381900	6.31151500
165.89999033	0.00000000	6.28075700	6.31151500
166.09999032	0.00000000	5.90551100	6.31151500
166.29999030	0.00000000	5.16117100	6.31151500
166.49999029	0.00000000	4.83513700	6.31151500
166.69999028	0.00000000	5.16117100	6.31151500
166.89999027	0.00000000	5.90551100	6.31151500
167.09999026	0.00000000	6.28075700	6.26845500
167.29999024	0.00000000	6.32381900	5.93626900
167.49999023	0.00000000	6.32381900	5.57332700
167.69999022	0.00000000	6.32381900	5.93626900
167.89999021	0.00000000	6.32381900	6.26845500
168.09999020	0.00000000	6.32381900	6.31151500
168.29999018	0.00000000	6.32381900	6.31151500
168.49999017	0.00000000	6.32381900	6.31151500
168.69999016	0.00000000	6.32381900	6.31151500
168.89999015	0.00000000	6.32381900	6.31151500
169.09999014	0.00000000	6.32381900	6.31151500
169.29999013	0.00000000	6.32381900	6.31151500
169.49999011	0.00000000	6.32381900	6.31151500
169.69999010	0.00000000	6.28075700	6.31151500
169.89999009	0.00000000	5.94857300	6.31151500
170.09999008	0.00000000	5.57947800	6.31151500
170.29999007	0.00000000	5.94857300	6.31151500
170.49999005	0.00000000	6.28075700	6.31151500
170.69999004	0.00000000	6.32381900	6.31151500
170.89999003	0.00000000	6.32381900	6.31151500
171.09999002	0.00000000	6.32381900	6.31151500
171.29999001	0.00000000	6.32381900	6.26845500
171.49998999	0.00000000	6.32381900	5.93626900
171.69998998	0.00000000	6.32381900	5.57332700
171.89998997	0.00000000	6.32381900	5.93626900
172.09998996	0.00000000	6.32381900	6.26845500
172.29998995	0.00000000	6.32381900	6.31151500
172.49998994	0.00000000	6.32381900	6.31151500
172.69998992	0.00000000	6.32381900	6.31151500
172.89998991	0.00000000	6.32381900	6.31151500
173.09998990	0.00000000	6.32381900	6.31151500
173.29998989	0.00000000	6.32381900	6.31151500
173.49998988	0.00000000	6.32381900	6.31151500
173.69998986	0.00000000	6.32381900	6.31151500
173.89998985	0.00000000	6.32381900	6.31151500
174.09998984	0.00000000	6.32381900	6.31151500
174.29998983	0.00000000	6.32381900	6.31151500
174.49998982	0.00000000	6.32381900	6.31151500
174.69998980	0.00000000	6.32381900	6.31151500
174.89998979	0.00000000	6.32381900	6.31151500
175.09998978	0.00000000	6.32381900	6.31151500
175.29998977	0.00000000	6.32381900	6.31151500
175.49998976	0.00000000	6.32381900	6.31151500
175.69998975	0.00000000	6.32381900	6.31151500
175.89998973	0.00000000	6.32381900	6.31151500
176.09998972	0.00000000	6.32381900	6.35457700
176.29998971	0.00000000	6.32381900	6.68676100
176.49998970	0.00000000	6.32381900	7.05585600
176.69998969	0.00000000	6.32381900	6.72982200
176.89998967	0.00000000	6.32381900	6.72982200
177.09998966	0.00000000	6.32381900	7.05585600
177.29998965	0.00000000	6.32381900	6.64370100
177.49998964	0.00000000	6.32381900	5.98548200
177.69998963	0.00000000	6.32381900	5.57332700
177.89998961	0.00000000	6.32381900	5.93626900
178.09998960	0.00000000	6.32381900	6.26845500
178.29998959	0.00000000	6.32381900	6.31151500
178.49998958	0.00000000	6.32381900	6.31151500
178.69998957	0.00000000	6.28075700	6.31151500
178.89998956	0.00000000	5.94857300	6.31151500
179.09998954	0.00000000	5.57947800	6.31151500
179.29998953	0.00000000	5.94857300	6.31151500
179.49998952	0.00000000	6.28075700	6.31151500
179.69998951	0.00000000	6.32381900	6.26845500
179.89998950	0.00000000	6.32381900	5.93626900
180.09998948	0.00000000	6.32381900	5.53026500
180.29998947	0.00000000	6.32381900	5.56717500
180.49998946	0.00000000	6.32381900	5.53026500
180.69998945	0.00000000	6.32381900	5.93626900
180.89998944	0.00000000	6.32381900	6.26845500
181.09998942	0.00000000	6.32381900	6.31151500
181.29998941	0.00000000	6.32381900	6.31151500
181.49998940	0.00000000	6.32381900	6.31151500
181.69998939	0.00000000	6.32381900	6.31151500
181.89998938	0.00000000	6.32381900	6.31151500
182.09998937	0.00000000	6.32381900	6.31151500
182.29998935	0.00000000	6.32381900	6.31151500
182.49998934	0.00000000	6.32381900	6.31151500
182.69998933	0.00000000	6.32381900	6.31151500
182.89998932	0.00000000	6.28075700	6.26845500
183.09998931	0.00000000	5.94857300	5.93626900
183.29998929	0.00000000	5.57947800	5.53026500
183.49998928	0.00000000	5.94857300	5.56717500
183.69998927	0.00000000	6.28075700	5.53026500
183.89998926	0.00000000	6.32381900	5.93626900
184.09998925	0.00000000	6.32381900	6.26845500
184.29998923	0.00000000	6.32381900	6.31151500
184.49998922	0.00000000	6.32381900	6.35457700
184.69998921	0.00000000	6.32381900	6.72982200
184.89998920	0.00000000	6.32381900	7.42495000
185.09998919	0.00000000	6.32381900	7.42495000
185.29998918	0.00000000	6.32381900	6.72982200
185.49998916	0.00000000	6.32381900	6.35457700
185.69998915	0.00000000	6.32381900	6.26845500
185.89998914	0.00000000	6.32381900	5.93626900
186.09998913	0.00000000	6.32381900	5.57332700
186.29998912	0.00000000	6.32381900	5.89320800
186.49998910	0.00000000	6.32381900	5.89320800
186.69998909	0.00000000	6.32381900	5.57332700
186.89998908	0.00000000	6.28075700	5.93626900
187.09998907	0.00000000	5.90551100	6.26845500
187.29998906	0.00000000	5.21038300	6.31151500
187.49998904	0.00000000	5.21038300	6.31151500
187.69998903	0.00000000	5.90551100	6.35457700
187.89998902	0.00000000	6.28075700	6.72982200
188.09998901	0.00000000	6.32381900	7.42495000
188.29998900	0.00000000	6.32381900	7.42495000
188.49998899	0.00000000	6.32381900	6.72982200
188.69998897	0.00000000	6.32381900	6.35457700
188.89998896	0.00000000	6.32381900	6.26845500
189.09998895	0.00000000	6.32381900	5.89320800
189.29998894	0.00000000	6.32381900	5.15501900
189.49998893	0.00000000	6.32381900	4.82898600
189.69998891	0.00000000	6.32381900	5.15501900
189.89998890	0.00000000	6.28075700	5.89320800
190.09998889	0.00000000	5.94857300	6.26845500
190.29998888	0.00000000	5.57947800	6.31151500
190.49998887	0.00000000	5.94857300	6.31151500
190.69998885	0.00000000	6.28075700	6.31151500
190.89998884	0.00000000	6.32381900	6.31151500
191.09998883	0.00000000	6.32381900	6.31151500
191.29998882	0.00000000	6.32381900	6.31151500
191.49998881	0.00000000	6.32381900	6.31151500
191.69998880	0.00000000	6.32381900	6.31151500
191.89998878	0.00000000	6.32381900	6.31151500
192.09998877	0.00000000	6.32381900	6.31151500
192.29998876	0.00000000	6.32381900	6.31151500
192.49998875	0.00000000	6.32381900	6.31151500
192.69998874	0.00000000	6.28075700	6.31151500
192.89998872	0.00000000	5.90551100	6.31151500
193.09998871	0.00000000	5.21038300	6.31151500
193.29998870	0.00000000	5.21038300	6.31151500
193.49998869	0.00000000	5.90551100	6.31151500
193.69998868	0.00000000	6.28075700	6.31151500
193.89998866	0.00000000	6.32381900	6.31151500
194.09998865	0.00000000	6.32381900	6.31151500
194.29998864	0.00000000	6.32381900	6.31151500
194.49998863	0.00000000	6.32381900	6.31151500
194.69998862	0.00000000	6.32381900	6.31151500
194.89998861	0.00000000	6.32381900	6.31151500
195.09998859	0.00000000	6.32381900	6.31151500
195.29998858	0.00000000	6.32381900	6.31151500
195.49998857	0.00000000	6.32381900	6.31151500
195.69998856	0.00000000	6.28075700	6.31151500
195.89998855	0.00000000	5.94857300	6.31151500
196.09998853	0.00000000	5.57947800	6.31151500
