Time	Channel A	Channel B	Channel C
(us)	(V)	(mV)	(mV)

-4.59999956	0.00000000	-104.31840000	-37.89370000
-4.39999957	0.00000000	-103.98620000	-37.89370000
-4.19999958	0.00000000	-103.61710000	-37.89370000
-3.99999959	0.00000000	-103.98620000	-37.89370000
-3.79999960	0.00000000	-104.31840000	-37.89370000
-3.59999962	0.00000000	-104.36150000	-37.89370000
-3.39999963	0.00000000	-104.36150000	-37.89370000
-3.19999964	0.00000000	-104.36150000	-37.89370000
-2.99999965	0.00000000	-104.36150000	-37.89370000
-2.79999966	0.00000000	-104.36150000	-37.89370000
-2.59999968	0.00000000	-104.36150000	-37.89370000
-2.39999969	0.00000000	-104.36150000	-37.89370000
-2.19999970	0.00000000	-104.36150000	-37.89370000
-1.99999971	0.00000000	-104.36150000	-37.89370000
-1.79999972	0.00000000	-104.36150000	-37.89370000
-1.59999973	0.00000000	-104.36150000	-37.89370000
-1.39999975	0.00000000	-104.36150000	-37.89370000
-1.19999976	0.00000000	-104.36150000	-37.89370000
-0.99999977	0.00000000	-104.36150000	-37.89370000
-0.79999978	0.00000000	-104.36150000	-37.89370000
-0.59999979	0.00000000	-104.36150000	-37.89370000
-0.39999981	0.15871060	-104.36150000	-37.89370000
-0.19999982	0.47736220	-104.36150000	-37.89370000
0.00000017	0.79601380	-104.36150000	-37.89370000
0.20000016	0.95533960	-104.36150000	-37.89370000
0.40000015	0.95533960	-104.36150000	-37.89370000
0.60000013	0.63668800	-104.36150000	-37.89370000
0.80000012	0.00000000	-104.36150000	-37.89370000
1.00000011	-0.79601380	-104.36150000	-37.89370000
1.20000010	-1.91129400	-104.36150000	-37.89370000
1.40000009	-2.54859700	-104.36150000	-37.89370000
1.60000008	-2.70792300	-104.31840000	-37.89370000
1.80000006	-2.07062000	-103.98620000	-37.85064000
2.00000005	-0.63668800	-103.61710000	-37.51845000
2.20000004	1.27399100	-103.98620000	-37.14936000
2.40000003	3.50393700	-104.31840000	-37.51845000
2.60000002	4.93786900	-104.36150000	-37.85064000
2.80000000	5.41584600	-104.36150000	-37.89370000
2.99999999	4.30056600	-104.36150000	-37.93676000
3.19999998	1.91129400	-104.36150000	-38.26894000
3.39999997	-1.43331700	-104.36150000	-38.63804000
3.59999996	-4.77854300	-104.36150000	-38.26894000
3.79999994	-7.16781500	-104.36150000	-37.93676000
3.99999993	-7.96444400	-104.36150000	-37.85064000
4.19999992	-6.84916400	-104.36150000	-37.47539000
4.39999991	-3.66326300	-104.31840000	-36.78026000
4.59999990	0.63668800	-103.98620000	-36.78026000
4.79999989	4.93786900	-103.61710000	-37.47539000
4.99999987	8.12377000	-103.98620000	-37.85064000
5.19999986	9.55770200	-104.31840000	-37.93676000
5.39999985	8.44242100	-104.36150000	-38.31200000
5.59999984	5.09719500	-104.36150000	-39.05635000
5.79999983	0.63668800	-104.36150000	-39.38238000
5.99999981	-4.14124000	-104.36150000	-39.05635000
6.19999980	-7.80511800	-104.36150000	-38.31200000
6.39999979	-9.39837600	-104.36150000	-37.93676000
6.59999978	-8.76107300	-104.36150000	-37.89370000
6.79999977	-5.89382400	-104.31840000	-37.85064000
6.99999975	-1.75196900	-103.98620000	-37.51845000
7.19999974	2.54859700	-103.61710000	-37.14936000
7.39999973	5.89382400	-103.98620000	-37.51845000
7.59999972	7.64579200	-104.31840000	-37.89370000
7.79999971	7.32714100	-104.36150000	-38.31200000
7.99999970	5.25652100	-104.36150000	-39.05635000
8.19999968	2.22994600	-104.36150000	-39.38238000
8.39999967	-1.11466500	-104.36150000	-39.09941000
8.59999966	-3.66326300	-104.36150000	-38.68725000
8.79999965	-5.09719500	-104.36150000	-38.68110000
8.99999964	-5.09719500	-104.36150000	-38.26894000
9.19999962	-3.82258900	-104.36150000	-37.93676000
9.39999961	-1.91129400	-104.36150000	-37.89370000
9.59999960	0.00000000	-104.36150000	-37.93676000
9.79999959	1.59264300	-104.36150000	-38.26894000
9.99999958	2.38927200	-104.36150000	-38.63804000
10.19999956	2.54859700	-104.36150000	-38.26894000
10.39999955	1.91129400	-104.36150000	-37.93676000
10.59999954	1.11466500	-104.36150000	-37.89370000
10.79999953	0.31803640	-104.36150000	-37.89370000
10.99999952	-0.47736220	-104.36150000	-37.89370000
11.19999951	-0.79601380	-104.36150000	-37.89370000
11.39999949	-0.95533960	-104.36150000	-37.89370000
11.59999948	-0.79601380	-104.36150000	-37.89370000
11.79999947	-0.63668800	-104.36150000	-37.89370000
11.99999946	-0.31803640	-104.36150000	-37.89370000
12.19999945	-0.15871060	-104.36150000	-37.89370000
12.39999943	-0.15871060	-104.36150000	-37.93676000
12.59999942	0.00000000	-104.36150000	-38.26894000
12.79999941	0.00000000	-104.36150000	-38.63804000
12.99999940	0.00000000	-104.36150000	-38.26894000
13.19999939	0.00000000	-104.36150000	-37.93676000
13.39999937	0.00000000	-104.36150000	-37.89370000
13.59999936	0.00000000	-104.36150000	-37.89370000
13.79999935	0.00000000	-104.36150000	-37.89370000
13.99999934	0.00000000	-104.36150000	-37.89370000
14.19999933	-0.15871060	-104.36150000	-37.89370000
14.39999932	-0.15871060	-104.36150000	-37.89370000
14.59999930	-0.15871060	-104.36150000	-37.89370000
14.79999929	0.00000000	-104.36150000	-37.89370000
14.99999928	0.00000000	-104.36150000	-37.89370000
15.19999927	0.00000000	-104.36150000	-37.89370000
15.39999926	0.00000000	-104.36150000	-37.89370000
15.59999924	0.00000000	-104.36150000	-37.89370000
15.79999923	0.00000000	-104.36150000	-37.89370000
15.99999922	0.00000000	-104.36150000	-37.89370000
16.19999921	0.00000000	-104.36150000	-37.89370000
16.39999920	0.00000000	-104.36150000	-37.89370000
16.59999919	-0.15871060	-104.31840000	-37.89370000
16.79999917	0.00000000	-103.94320000	-37.89370000
16.99999916	0.00000000	-103.19880000	-37.89370000
17.19999915	0.00000000	-102.78050000	-37.89370000
17.39999914	0.00000000	-102.36220000	-37.89370000
17.59999913	0.00000000	-101.66710000	-37.89370000
17.79999911	0.00000000	-101.71010000	-37.89370000
17.99999910	0.00000000	-102.82360000	-37.89370000
18.19999909	0.00000000	-104.36150000	-37.89370000
18.39999908	0.00000000	-105.89940000	-37.89370000
18.59999907	0.00000000	-107.10510000	-37.89370000
18.79999905	0.00000000	-107.89860000	-37.89370000
18.99999904	0.00000000	-108.63680000	-37.89370000
19.19999903	0.00000000	-108.55070000	-37.89370000
19.39999902	0.00000000	-107.01280000	-37.93676000
19.59999901	0.00000000	-104.22610000	-38.26894000
19.79999900	0.00000000	-100.40600000	-38.63804000
19.99999898	0.00000000	-96.17371000	-38.26894000
20.19999897	0.00000000	-93.51624000	-37.93676000
20.39999896	0.00000000	-92.72884000	-37.89370000
20.59999895	0.00000000	-94.39590000	-37.89370000
20.79999894	0.00000000	-99.05265000	-37.89370000
20.99999892	0.00000000	-106.02850000	-37.89370000
21.19999891	0.00000000	-113.75490000	-37.89370000
21.39999890	0.00000000	-120.64470000	-37.89370000
21.59999889	0.00000000	-124.45870000	-37.89370000
21.79999888	0.00000000	-123.67120000	-37.93676000
21.99999886	0.00000000	-118.59620000	-38.31200000
22.19999885	0.00000000	-109.57180000	-39.05635000
22.39999884	0.00000000	-97.61318000	-39.38238000
22.59999883	0.00000000	-85.28543000	-39.09941000
22.79999882	0.00000000	-76.11343000	-38.68725000
22.99999881	0.00000000	-72.67471000	-38.68110000
23.19999879	0.00000000	-76.62401000	-38.22588000
23.39999878	0.00000000	-87.46924000	-37.51845000
23.59999877	0.00000000	-103.37720000	-36.73105000
23.79999876	0.00000000	-121.15530000	-36.35580000
23.99999875	0.00000000	-136.88480000	-36.31274000
24.19999873	0.00000000	-146.09380000	-36.35580000
24.39999872	0.00000000	-145.68160000	-36.78026000
24.59999871	0.00000000	-135.95590000	-37.93676000
24.79999870	0.00000000	-118.08560000	-39.47465000
24.99999869	0.00000000	-95.38016000	-41.05561000
25.19999867	0.00000000	-73.79429000	-42.58735000
25.39999866	0.00000000	-58.71063000	-43.70079000
25.59999865	0.00000000	-53.36491000	-43.61467000
25.79999864	0.00000000	-59.59645000	-41.70152000
25.99999863	0.00000000	-76.58096000	-38.22588000
26.19999862	0.00000000	-100.12300000	-34.36269000
26.39999860	0.00000000	-124.87700000	-30.46260000
26.59999859	0.00000000	-145.30630000	-27.44217000
26.79999858	0.00000000	-156.47150000	-26.32259000
26.99999857	0.00000000	-155.35190000	-27.90354000
27.19999856	0.00000000	-142.65500000	-32.17273000
27.39999854	0.00000000	-121.80120000	-38.40428000
27.59999853	0.00000000	-97.37943000	-45.74311000
27.79999852	0.00000000	-74.66781000	-52.66978000
27.99999851	0.00000000	-58.80905000	-57.22195000
28.19999850	0.00000000	-54.14616000	-57.96629000
28.39999848	0.00000000	-60.58070000	-54.06619000
28.59999847	0.00000000	-76.02731000	-46.25984000
28.79999846	0.00000000	-96.49975000	-35.38385000
28.99999845	0.00000000	-117.43360000	-23.11762000
29.19999844	0.00000000	-134.83630000	-13.12746000
29.39999843	0.00000000	-144.88800000	-8.10777600
29.59999841	0.00000000	-145.34940000	-8.94438800
29.79999840	0.00000000	-136.92790000	-16.33243000
29.99999839	0.00000000	-122.26870000	-29.06619000
30.19999838	0.00000000	-104.87200000	-44.16830000
30.39999837	0.00000000	-88.58267000	-58.84596000
30.59999835	0.00000000	-76.53789000	-69.95570000
30.79999834	0.00000000	-70.67544000	-74.18184000
30.99999833	0.00000000	-71.83808000	-70.33095000
31.19999832	0.00000000	-79.51525000	-59.49803000
31.39999831	0.00000000	-91.84300000	-43.61467000
31.59999829	0.00000000	-105.38880000	-25.90428000
31.79999828	0.00000000	-117.48280000	-10.43922000
31.99999827	0.00000000	-126.36560000	-0.77509840
32.19999826	0.00000000	-130.22270000	1.55019700
32.39999825	0.00000000	-127.94660000	-4.25688900
32.59999824	0.00000000	-120.68770000	-17.02756000
32.79999822	0.00000000	-110.63610000	-34.03666000
32.99999821	0.00000000	-100.16610000	-52.15920000
33.19999820	0.00000000	-91.23400000	-66.84301000
33.39999819	0.00000000	-85.42076000	-75.02460000
33.59999818	0.00000000	-83.88287000	-75.80585000
33.79999816	0.00000000	-86.95866000	-68.79305000
33.99999815	0.00000000	-93.84227000	-55.32111000
34.19999814	0.00000000	-102.31300000	-38.31200000
34.39999813	0.00000000	-110.08860000	-21.72121000
34.59999812	0.00000000	-115.90180000	-8.99360200
34.79999810	0.00000000	-118.55310000	-3.14345500
34.99999809	0.00000000	-117.05830000	-5.04429100
35.19999808	0.00000000	-112.13090000	-13.50271000
35.39999807	0.00000000	-105.98550000	-27.01772000
35.59999806	0.00000000	-100.12300000	-42.03371000
35.79999805	0.00000000	-95.51550000	-55.22883000
35.99999803	0.00000000	-93.23941000	-64.10556000
36.19999802	0.00000000	-94.35285000	-66.79995000
36.39999801	0.00000000	-98.16682000	-62.52460000
36.59999800	0.00000000	-103.19880000	-52.20226000
36.79999799	0.00000000	-108.59370000	-38.82259000
36.99999797	0.00000000	-112.78300000	-26.88238000
37.19999796	0.00000000	-114.32090000	-19.07603000
37.39999795	0.00000000	-112.82600000	-16.42470000
37.59999794	0.00000000	-109.01210000	-19.86959000
37.79999793	0.00000000	-104.36150000	-28.64788000
37.99999791	0.00000000	-99.70472000	-39.33932000
38.19999790	0.00000000	-95.89074000	-48.95423000
38.39999789	0.00000000	-94.35285000	-54.71825000
38.59999788	0.00000000	-95.46628000	-55.13656000
38.79999787	0.00000000	-98.54208000	-50.53518000
38.99999786	0.00000000	-102.78050000	-42.11983000
39.19999784	0.00000000	-107.05590000	-32.54798000
39.39999783	0.00000000	-110.59300000	-24.92618000
39.59999782	0.00000000	-113.29350000	-21.44439000
39.79999781	0.00000000	-114.40700000	-23.38828000
39.99999780	0.00000000	-113.25050000	-29.85974000
40.19999778	0.00000000	-110.21780000	-39.09941000
40.39999777	0.00000000	-106.31770000	-48.30832000
40.59999776	0.00000000	-102.40530000	-55.18577000
40.79999775	0.00000000	-98.49901000	-57.45570000
40.99999774	0.00000000	-95.46628000	-54.02312000
41.19999772	0.00000000	-94.26057000	-46.39517000
41.39999771	0.00000000	-95.04797000	-36.73105000
41.59999770	0.00000000	-97.37943000	-27.52830000
41.79999769	0.00000000	-101.24260000	-20.98302000
41.99999768	0.00000000	-105.47490000	-19.07603000
42.19999767	0.00000000	-108.96900000	-22.09646000
42.39999765	0.00000000	-111.33730000	-29.01698000
42.59999764	0.00000000	-112.13090000	-37.80142000
42.79999763	0.00000000	-111.75570000	-45.92765000
42.99999762	0.00000000	-110.17470000	-51.32874000
43.19999761	0.00000000	-107.48030000	-53.31570000
43.39999759	0.00000000	-104.40450000	-51.41486000
43.59999758	0.00000000	-101.71010000	-46.81348000
43.79999757	0.00000000	-100.12300000	-40.63730000
43.99999756	0.00000000	-99.65550000	-34.12894000
44.19999755	0.00000000	-99.65550000	-29.48450000
44.39999753	0.00000000	-100.03080000	-27.48524000
44.59999752	0.00000000	-100.78120000	-27.86048000
44.79999751	0.00000000	-101.15650000	-30.51181000
44.99999750	0.00000000	-101.24260000	-34.31963000
45.19999749	0.00000000	-101.66710000	-37.85064000
45.39999748	0.00000000	-102.82360000	-40.96333000
45.59999746	0.00000000	-104.40450000	-43.23941000
45.79999745	0.00000000	-106.40990000	-43.65773000
45.99999744	0.00000000	-109.10430000	-42.54429000
46.19999743	0.00000000	-111.75570000	-40.63730000
46.39999742	0.00000000	-113.29350000	-38.31200000
46.59999740	0.00000000	-113.25050000	-36.36196000
46.79999739	0.00000000	-111.20200000	-34.78100000
46.99999738	0.00000000	-106.54530000	-33.66756000
47.19999737	0.00000000	-100.03080000	-33.66756000
47.39999736	0.00000000	-93.88533000	-34.82406000
47.59999734	0.00000000	-89.60999000	-36.73105000
47.79999733	0.00000000	-88.07209000	-39.05635000
47.99999732	0.00000000	-89.70226000	-40.96333000
48.19999731	0.00000000	-94.77116000	-42.16904000
48.39999730	0.00000000	-102.86660000	-42.53814000
48.59999729	0.00000000	-111.71260000	-42.11983000
48.79999727	0.00000000	-119.06370000	-40.54502000
48.99999726	0.00000000	-123.25290000	-37.85064000
49.19999725	0.00000000	-122.82850000	-34.78100000
49.39999724	0.00000000	-117.48280000	-32.08661000
49.59999723	0.00000000	-109.01210000	-30.59793000
49.79999721	0.00000000	-99.70472000	-30.97318000
49.99999720	0.00000000	-91.23400000	-33.29232000
50.19999719	0.00000000	-85.88828000	-36.73105000
50.39999718	0.00000000	-85.46382000	-40.63730000
50.59999717	0.00000000	-89.65305000	-44.07603000
50.79999715	0.00000000	-97.05339000	-46.43824000
50.99999714	0.00000000	-106.26840000	-47.14566000
51.19999713	0.00000000	-115.05910000	-45.92765000
51.39999712	0.00000000	-120.09100000	-42.11983000
51.59999711	0.00000000	-120.59550000	-37.19857000
51.79999710	0.00000000	-117.48280000	-33.29232000
51.99999708	0.00000000	-111.29430000	-30.51181000
52.19999707	0.00000000	-103.19880000	-29.01698000
52.39999706	0.00000000	-95.55856000	-29.43528000
52.59999705	0.00000000	-90.58193000	-32.12967000
52.79999704	0.00000000	-90.16363000	-36.36196000
52.99999702	0.00000000	-93.93454000	-40.92027000
53.19999701	0.00000000	-100.08000000	-44.40207000
53.39999700	0.00000000	-107.05590000	-45.61392000
53.59999699	0.00000000	-113.15820000	-45.23868000
53.79999698	0.00000000	-116.59690000	-43.28247000
53.99999696	0.00000000	-115.85260000	-39.89296000
54.19999695	0.00000000	-111.71260000	-36.82332000
54.39999694	0.00000000	-105.94240000	-34.87328000
54.59999693	0.00000000	-100.16610000	-34.08588000
54.79999692	0.00000000	-95.89074000	-34.82406000
54.99999691	0.00000000	-93.97760000	-36.31274000
55.19999689	0.00000000	-94.72809000	-37.89370000
55.39999688	0.00000000	-98.20988000	-39.38238000
55.59999687	0.00000000	-103.15570000	-40.12672000
55.79999686	0.00000000	-108.17540000	-39.38238000
55.99999685	0.00000000	-111.62030000	-37.89370000
56.19999683	0.00000000	-112.82600000	-36.31274000
56.39999682	0.00000000	-111.66950000	-34.82406000
56.59999681	0.00000000	-108.59370000	-34.12894000
56.79999680	0.00000000	-104.36150000	-35.29158000
56.99999679	0.00000000	-100.12300000	-37.94291000
57.19999677	0.00000000	-97.04724000	-41.00639000
57.39999676	0.00000000	-95.89074000	-43.70079000
57.59999675	0.00000000	-97.00417000	-45.19562000
57.79999674	0.00000000	-99.70472000	-44.77116000
57.99999673	0.00000000	-103.15570000	-42.07677000
58.19999672	0.00000000	-106.63750000	-37.85064000
58.39999670	0.00000000	-108.92590000	-33.20005000
58.59999669	0.00000000	-109.75640000	-28.97392000
58.79999668	0.00000000	-108.96900000	-26.37180000
58.99999667	0.00000000	-107.10510000	-26.79011000
59.19999666	0.00000000	-104.77980000	-30.59793000
59.39999664	0.00000000	-102.87280000	-36.40502000
59.59999663	0.00000000	-101.66710000	-42.91338000
59.79999662	0.00000000	-101.29180000	-48.67126000
59.99999661	0.00000000	-101.66710000	-51.37180000
60.19999660	0.00000000	-102.78050000	-50.99655000
60.39999658	0.00000000	-103.89390000	-47.42249000
60.59999657	0.00000000	-104.36150000	-40.54502000
60.79999656	0.00000000	-104.73670000	-32.50492000
60.99999655	0.00000000	-105.05660000	-25.95349000
61.19999654	0.00000000	-104.31840000	-22.05339000
61.39999653	0.00000000	-103.24800000	-21.72736000
61.59999651	0.00000000	-102.82360000	-25.16609000
61.79999650	0.00000000	-102.82360000	-31.75443000
61.99999649	0.00000000	-103.19880000	-39.80069000
62.19999648	0.00000000	-103.98620000	-47.50861000
62.39999647	0.00000000	-104.77980000	-52.53445000
62.59999645	0.00000000	-105.94240000	-54.10925000
62.79999644	0.00000000	-107.01280000	-52.15920000
62.99999643	0.00000000	-107.01280000	-46.72736000
63.19999642	0.00000000	-105.89940000	-39.05635000
63.39999641	0.00000000	-104.36150000	-30.97318000
63.59999639	0.00000000	-102.78050000	-24.84006000
63.79999638	0.00000000	-101.24260000	-22.09646000
63.99999637	0.00000000	-100.12300000	-23.20989000
64.19999636	0.00000000	-100.12300000	-27.39296000
64.39999635	0.00000000	-101.24260000	-33.20005000
64.59999634	0.00000000	-102.82360000	-39.43159000
64.79999632	0.00000000	-104.73670000	-45.23868000
64.99999631	0.00000000	-106.63750000	-49.46481000
65.19999630	0.00000000	-107.38800000	-50.99655000
65.39999629	0.00000000	-107.10510000	-49.50787000
65.59999628	0.00000000	-106.27460000	-45.65698000
65.79999626	0.00000000	-105.14890000	-40.68036000
65.99999625	0.00000000	-103.57410000	-35.61762000
66.19999624	0.00000000	-102.44830000	-31.71137000
66.39999623	0.00000000	-101.66710000	-28.97392000
66.59999622	0.00000000	-101.71010000	-27.81127000
66.79999620	0.00000000	-102.82360000	-28.55561000
66.99999619	0.00000000	-104.36150000	-30.41954000
67.19999618	0.00000000	-105.85010000	-32.83095000
67.39999617	0.00000000	-106.59450000	-35.57455000
67.59999616	0.00000000	-105.85010000	-39.05635000
67.79999615	0.00000000	-104.31840000	-42.11983000
67.99999613	0.00000000	-102.36220000	-44.16830000
68.19999612	0.00000000	-100.08000000	-45.70005000
68.39999611	0.00000000	-98.58513000	-46.43824000
68.59999610	0.00000000	-98.58513000	-45.61392000
68.79999609	0.00000000	-100.16610000	-43.32554000
68.99999607	0.00000000	-103.24190000	-39.80069000
69.19999606	0.00000000	-107.10510000	-35.93750000
69.39999605	0.00000000	-110.54990000	-32.04355000
69.59999604	0.00000000	-112.87520000	-28.97392000
69.79999603	0.00000000	-113.20130000	-27.43602000
69.99999601	0.00000000	-111.24510000	-27.86048000
70.19999600	0.00000000	-107.01280000	-30.55487000
70.39999599	0.00000000	-101.66090000	-34.83022000
70.59999598	0.00000000	-97.00417000	-39.84990000
70.79999597	0.00000000	-93.88533000	-44.86343000
70.99999596	0.00000000	-92.77190000	-48.30832000
71.19999594	0.00000000	-94.35285000	-49.50787000
71.39999593	0.00000000	-98.58513000	-48.35138000
71.59999592	0.00000000	-104.36150000	-45.23868000
71.79999591	0.00000000	-110.13160000	-40.63730000
71.99999590	0.00000000	-114.40700000	-35.66683000
72.19999588	0.00000000	-116.36320000	-32.17888000
72.39999587	0.00000000	-115.98790000	-30.55487000
72.59999586	0.00000000	-113.25050000	-30.55487000
72.79999585	0.00000000	-108.59370000	-32.08661000
72.99999584	0.00000000	-102.82360000	-34.78100000
73.19999582	0.00000000	-97.42863000	-37.85064000
73.39999581	0.00000000	-93.97760000	-40.54502000
73.59999580	0.00000000	-93.14714000	-42.07677000
73.79999579	0.00000000	-95.04797000	-42.11983000
73.99999578	0.00000000	-98.49901000	-41.00639000
74.19999577	0.00000000	-102.82360000	-39.51771000
74.39999575	0.00000000	-107.43110000	-38.36122000
74.59999574	0.00000000	-111.24510000	-37.93676000
74.79999573	0.00000000	-112.82600000	-37.98597000
74.99999572	0.00000000	-112.13090000	-38.73031000
75.19999571	0.00000000	-110.17470000	-40.21899000
75.39999569	0.00000000	-107.10510000	-40.92027000
75.59999568	0.00000000	-103.66630000	-40.54502000
75.79999567	0.00000000	-101.33490000	-38.96407000
75.99999566	0.00000000	-100.08000000	-36.26968000
76.19999565	0.00000000	-99.70472000	-33.24926000
76.39999563	0.00000000	-100.08000000	-30.93012000
76.59999562	0.00000000	-101.24260000	-30.17962000
76.79999561	0.00000000	-102.73740000	-30.97318000
76.99999560	0.00000000	-103.89390000	-33.71063000
77.19999559	0.00000000	-104.31840000	-37.93676000
77.39999558	0.00000000	-104.36150000	-42.53814000
77.59999556	0.00000000	-104.36150000	-46.39517000
77.79999555	0.00000000	-104.36150000	-48.30216000
77.99999554	0.00000000	-104.40450000	-47.93307000
78.19999553	0.00000000	-104.82900000	-45.19562000
78.39999552	0.00000000	-105.94240000	-40.54502000
78.59999550	0.00000000	-107.01280000	-34.78100000
78.79999549	0.00000000	-107.01280000	-29.39222000
78.99999548	0.00000000	-105.89940000	-25.95349000
79.19999547	0.00000000	-104.36150000	-25.12303000
79.39999546	0.00000000	-102.73740000	-27.06693000
79.59999544	0.00000000	-100.82430000	-30.88090000
79.79999543	0.00000000	-98.96038000	-35.94365000
79.99999542	0.00000000	-98.58513000	-40.96333000
80.19999541	0.00000000	-99.70472000	-45.23868000
80.39999540	0.00000000	-101.66090000	-47.93307000
80.59999539	0.00000000	-104.40450000	-48.35138000
80.79999537	0.00000000	-107.43110000	-46.81348000
80.99999536	0.00000000	-109.71330000	-43.70079000
81.19999535	0.00000000	-110.13160000	-39.51771000
81.39999534	0.00000000	-109.01210000	-35.57455000
81.59999533	0.00000000	-107.05590000	-32.45571000
81.79999531	0.00000000	-104.36150000	-29.76747000
81.99999530	0.00000000	-101.66090000	-29.01698000
82.19999529	0.00000000	-99.70472000	-30.08735000
82.39999528	0.00000000	-98.54208000	-32.04355000
82.59999527	0.00000000	-98.62820000	-34.82406000
82.79999525	0.00000000	-100.45520000	-38.26894000
82.99999524	0.00000000	-103.14340000	-41.75073000
83.19999523	0.00000000	-105.06270000	-44.11909000
83.39999522	0.00000000	-106.68680000	-45.70005000
83.59999521	0.00000000	-107.38800000	-46.43824000
83.79999520	0.00000000	-107.10510000	-45.65698000
83.99999518	0.00000000	-106.31770000	-43.70079000
84.19999517	0.00000000	-105.56720000	-40.54502000
84.39999516	0.00000000	-104.77980000	-36.36196000
84.59999515	0.00000000	-104.40450000	-32.50492000
84.79999514	0.00000000	-104.36150000	-30.13656000
84.99999512	0.00000000	-104.36150000	-28.97392000
85.19999511	0.00000000	-104.31840000	-29.43528000
85.39999510	0.00000000	-103.94320000	-32.12967000
85.59999509	0.00000000	-103.19880000	-36.36196000
85.79999508	0.00000000	-102.82360000	-41.00639000
85.99999506	0.00000000	-102.78050000	-45.23868000
86.19999505	0.00000000	-102.82360000	-47.93307000
86.39999504	0.00000000	-103.19880000	-48.35138000
86.59999503	0.00000000	-104.02930000	-46.81348000
86.79999502	0.00000000	-105.15500000	-43.65773000
86.99999501	0.00000000	-106.68680000	-39.00713000
87.19999499	0.00000000	-107.43110000	-33.66756000
87.39999498	0.00000000	-107.48030000	-29.43528000
87.59999497	0.00000000	-107.05590000	-27.48524000
87.79999496	0.00000000	-105.89940000	-27.86048000
87.99999495	0.00000000	-104.36150000	-30.59793000
88.19999493	0.00000000	-102.78050000	-35.20546000
88.39999492	0.00000000	-101.28570000	-40.58809000
88.59999491	0.00000000	-100.54750000	-45.14640000
88.79999490	0.00000000	-101.28570000	-47.50861000
88.99999489	0.00000000	-102.78050000	-47.14566000
89.19999487	0.00000000	-104.36150000	-44.82037000
89.39999486	0.00000000	-105.89940000	-40.54502000
89.59999485	0.00000000	-107.05590000	-35.20546000
89.79999484	0.00000000	-107.43110000	-30.59793000
89.99999483	0.00000000	-107.05590000	-27.90354000
90.19999482	0.00000000	-105.94240000	-27.90354000
90.39999480	0.00000000	-104.77980000	-30.59793000
90.59999479	0.00000000	-103.98620000	-35.20546000
90.79999478	0.00000000	-103.19880000	-40.54502000
90.99999477	0.00000000	-102.82360000	-44.77116000
91.19999476	0.00000000	-102.78050000	-46.72736000
91.39999474	0.00000000	-102.82360000	-46.35211000
91.59999473	0.00000000	-103.15570000	-43.65773000
91.79999472	0.00000000	-103.52480000	-39.38238000
91.99999471	0.00000000	-103.19880000	-34.40575000
92.19999470	0.00000000	-103.19880000	-29.85974000
92.39999468	0.00000000	-103.56790000	-27.94660000
92.59999467	0.00000000	-103.57410000	-29.01698000
92.79999466	0.00000000	-103.98620000	-32.08661000
92.99999465	0.00000000	-104.36150000	-36.36196000
93.19999464	0.00000000	-104.82900000	-40.96333000
93.39999463	0.00000000	-105.94240000	-44.77116000
93.59999461	0.00000000	-107.01280000	-46.30905000
93.79999460	0.00000000	-107.01280000	-45.18947000
93.99999459	0.00000000	-105.89940000	-42.11983000
94.19999458	0.00000000	-104.31840000	-37.89370000
94.39999457	0.00000000	-102.36220000	-33.66756000
94.59999455	0.00000000	-100.08000000	-30.59793000
94.79999454	0.00000000	-98.58513000	-29.48450000
94.99999453	0.00000000	-98.58513000	-30.97318000
95.19999452	0.00000000	-100.08000000	-34.40575000
95.39999451	0.00000000	-102.40530000	-38.26894000
95.59999449	0.00000000	-104.77980000	-42.11983000
95.79999448	0.00000000	-107.52340000	-44.72810000
95.99999447	0.00000000	-110.13160000	-44.77116000
96.19999446	0.00000000	-111.29430000	-42.54429000
96.39999445	0.00000000	-110.54990000	-39.51771000
96.59999444	0.00000000	-108.59370000	-36.73105000
96.79999442	0.00000000	-105.47490000	-34.40575000
96.99999441	0.00000000	-101.61790000	-32.50492000
97.19999440	0.00000000	-98.16682000	-32.17273000
97.39999439	0.00000000	-95.84153000	-33.66756000
97.59999438	0.00000000	-95.46628000	-36.31274000
97.79999436	0.00000000	-96.96111000	-38.96407000
97.99999435	0.00000000	-99.70472000	-40.54502000
98.19999434	0.00000000	-103.19880000	-40.96333000
98.39999433	0.00000000	-107.05590000	-40.63730000
98.59999432	0.00000000	-110.17470000	-39.84990000
98.79999430	0.00000000	-112.13090000	-39.09941000
98.99999429	0.00000000	-112.87520000	-38.26894000
99.19999428	0.00000000	-111.66950000	-37.51845000
99.39999427	0.00000000	-108.59370000	-36.73105000
99.59999426	0.00000000	-104.40450000	-36.35580000
99.79999425	0.00000000	-100.54130000	-36.31274000
99.99999423	0.00000000	-98.16682000	-36.31274000
100.19999422	0.00000000	-96.96111000	-36.26968000
100.39999421	0.00000000	-97.00417000	-35.93750000
100.59999420	0.00000000	-98.54208000	-35.57455000
100.79999419	0.00000000	-101.19960000	-35.98671000
100.99999417	0.00000000	-103.94320000	-36.73105000
101.19999416	0.00000000	-106.31770000	-37.93676000
101.39999415	0.00000000	-108.63680000	-39.47465000
101.59999414	0.00000000	-110.13160000	-41.00639000
101.79999413	0.00000000	-110.17470000	-42.11983000
101.99999411	0.00000000	-109.01210000	-42.11983000
102.19999410	0.00000000	-107.10510000	-40.96333000
102.39999409	0.00000000	-104.73670000	-39.00713000
102.59999408	0.00000000	-102.44830000	-36.31274000
102.79999407	0.00000000	-100.49830000	-33.66756000
102.99999406	0.00000000	-99.70472000	-32.08661000
103.19999404	0.00000000	-99.65550000	-31.71137000
103.39999403	0.00000000	-100.12300000	-32.50492000
103.59999402	0.00000000	-101.66090000	-34.82406000
103.79999401	0.00000000	-103.94320000	-37.89370000
103.99999400	0.00000000	-105.85010000	-40.96333000
104.19999398	0.00000000	-107.05590000	-43.28247000
104.39999397	0.00000000	-107.48030000	-44.03297000
104.59999396	0.00000000	-107.48030000	-43.28247000
104.79999395	0.00000000	-107.01280000	-40.96333000
104.99999394	0.00000000	-105.52410000	-37.94291000
105.19999392	0.00000000	-103.61710000	-35.19931000
105.39999391	0.00000000	-102.44830000	-33.24926000
105.59999390	0.00000000	-101.66710000	-32.08661000
105.79999389	0.00000000	-101.66710000	-32.12967000
105.99999388	0.00000000	-102.40530000	-33.66756000
106.19999387	0.00000000	-103.19880000	-36.31274000
106.39999385	0.00000000	-104.36150000	-38.96407000
106.59999384	0.00000000	-105.47490000	-40.54502000
106.79999383	0.00000000	-105.85010000	-40.96333000
106.99999382	0.00000000	-105.52410000	-40.58809000
107.19999381	0.00000000	-104.73670000	-39.38238000
107.39999379	0.00000000	-103.98620000	-37.51845000
107.59999378	0.00000000	-103.19880000	-35.57455000
107.79999377	0.00000000	-102.82360000	-34.45497000
107.99999376	0.00000000	-102.82360000	-34.04282000
108.19999375	0.00000000	-103.24800000	-34.82406000
108.39999374	0.00000000	-104.36150000	-36.31274000
108.59999372	0.00000000	-105.47490000	-37.89370000
108.79999371	0.00000000	-105.89940000	-39.43159000
108.99999370	0.00000000	-105.94240000	-40.54502000
109.19999369	0.00000000	-105.89940000	-40.54502000
109.39999368	0.00000000	-105.47490000	-39.38238000
109.59999366	0.00000000	-104.31840000	-37.47539000
109.79999365	0.00000000	-102.82360000	-35.19931000
109.99999364	0.00000000	-101.66710000	-33.71063000
110.19999363	0.00000000	-101.29180000	-33.66756000
110.39999362	0.00000000	-101.66710000	-34.73794000
110.59999360	0.00000000	-102.78050000	-35.89444000
110.79999359	0.00000000	-103.94320000	-36.73105000
110.99999358	0.00000000	-104.73670000	-37.93676000
111.19999357	0.00000000	-105.52410000	-39.43159000
111.39999356	0.00000000	-105.89940000	-40.54502000
111.59999355	0.00000000	-105.89940000	-40.58809000
111.79999353	0.00000000	-105.52410000	-39.84990000
111.99999352	0.00000000	-104.73670000	-39.05635000
112.19999351	0.00000000	-103.98620000	-37.89370000
112.39999350	0.00000000	-103.19880000	-36.78026000
112.59999349	0.00000000	-102.82360000	-36.35580000
112.79999347	0.00000000	-102.78050000	-36.31274000
112.99999346	0.00000000	-102.82360000	-36.35580000
113.19999345	0.00000000	-103.19880000	-36.73105000
113.39999344	0.00000000	-103.94320000	-37.47539000
113.59999343	0.00000000	-104.31840000	-37.85064000
113.79999341	0.00000000	-104.36150000	-37.89370000
113.99999340	0.00000000	-104.36150000	-37.93676000
114.19999339	0.00000000	-104.36150000	-38.31200000
114.39999338	0.00000000	-104.36150000	-39.05635000
114.59999337	0.00000000	-104.36150000	-39.43159000
114.79999336	0.00000000	-104.36150000	-39.47465000
114.99999334	0.00000000	-104.36150000	-39.47465000
115.19999333	0.00000000	-104.36150000	-39.47465000
115.39999332	0.00000000	-104.36150000	-39.43159000
115.59999331	0.00000000	-104.36150000	-39.05635000
115.79999330	0.00000000	-104.36150000	-38.26894000
115.99999328	0.00000000	-104.36150000	-37.51845000
116.19999327	0.00000000	-104.36150000	-36.73105000
116.39999326	0.00000000	-104.36150000	-36.35580000
116.59999325	0.00000000	-104.36150000	-36.31274000
116.79999324	0.00000000	-104.36150000	-36.35580000
116.99999322	0.00000000	-104.36150000	-36.73105000
117.19999321	0.00000000	-104.36150000	-37.51845000
117.39999320	0.00000000	-104.31840000	-38.26894000
117.59999319	0.00000000	-103.94320000	-39.09941000
117.79999318	0.00000000	-103.19880000	-39.80684000
117.99999317	0.00000000	-102.82360000	-40.21899000
118.19999315	0.00000000	-102.82360000	-39.84990000
118.39999314	0.00000000	-103.19880000	-39.47465000
118.59999313	0.00000000	-103.98620000	-39.00713000
118.79999312	0.00000000	-104.73670000	-37.89370000
118.99999311	0.00000000	-105.56720000	-36.78026000
119.19999309	0.00000000	-106.27460000	-36.31274000
119.39999308	0.00000000	-106.68680000	-35.93750000
119.59999307	0.00000000	-106.31770000	-35.57455000
119.79999306	0.00000000	-105.94240000	-35.93750000
119.99999305	0.00000000	-105.47490000	-36.31274000
120.19999303	0.00000000	-104.31840000	-36.73105000
120.39999302	0.00000000	-102.82360000	-37.47539000
120.59999301	0.00000000	-101.66710000	-37.85064000
120.79999300	0.00000000	-101.24260000	-37.89370000
120.99999299	0.00000000	-101.24260000	-37.89370000
121.19999298	0.00000000	-101.66710000	-37.89370000
121.39999296	0.00000000	-102.82360000	-37.89370000
121.59999295	0.00000000	-104.31840000	-37.89370000
121.79999294	0.00000000	-105.52410000	-37.89370000
121.99999293	0.00000000	-106.31770000	-37.85064000
122.19999292	0.00000000	-107.05590000	-37.47539000
122.39999290	0.00000000	-107.01280000	-36.73105000
122.59999289	0.00000000	-105.89940000	-36.31274000
122.79999288	0.00000000	-104.40450000	-35.93750000
122.99999287	0.00000000	-103.19880000	-35.57455000
123.19999286	0.00000000	-102.40530000	-35.93750000
123.39999284	0.00000000	-101.61790000	-36.31274000
123.59999283	0.00000000	-101.29180000	-36.73105000
123.79999282	0.00000000	-101.57480000	-37.47539000
123.99999281	0.00000000	-101.98700000	-37.89370000
124.19999280	0.00000000	-102.03620000	-38.31200000
124.39999279	0.00000000	-102.82360000	-39.00713000
124.59999277	0.00000000	-103.94320000	-39.00713000
124.79999276	0.00000000	-104.73670000	-38.31200000
124.99999275	0.00000000	-105.52410000	-37.89370000
125.19999274	0.00000000	-105.89940000	-37.47539000
125.39999273	0.00000000	-105.89940000	-36.73105000
125.59999271	0.00000000	-105.52410000	-36.31274000
125.79999270	0.00000000	-104.73670000	-35.93750000
125.99999269	0.00000000	-103.94320000	-35.57455000
126.19999268	0.00000000	-102.78050000	-35.93750000
126.39999267	0.00000000	-101.66710000	-36.26968000
126.59999265	0.00000000	-101.29180000	-36.35580000
126.79999264	0.00000000	-101.61790000	-36.73105000
126.99999263	0.00000000	-102.40530000	-37.47539000
127.19999262	0.00000000	-103.19880000	-37.85064000
127.39999261	0.00000000	-104.36150000	-37.89370000
127.59999260	0.00000000	-105.47490000	-37.89370000
127.79999258	0.00000000	-105.89940000	-37.89370000
127.99999257	0.00000000	-105.94240000	-37.89370000
128.19999256	0.00000000	-105.89940000	-37.85064000
128.39999255	0.00000000	-105.47490000	-37.51845000
128.59999254	0.00000000	-104.36150000	-37.10630000
128.79999252	0.00000000	-103.19880000	-37.14321000
128.99999251	0.00000000	-102.40530000	-37.10630000
129.19999250	0.00000000	-101.66710000	-37.51845000
129.39999249	0.00000000	-101.66710000	-37.85064000
129.59999248	0.00000000	-102.40530000	-37.93676000
129.79999246	0.00000000	-103.19880000	-38.31200000
129.99999245	0.00000000	-104.36150000	-39.00713000
130.19999244	0.00000000	-105.47490000	-39.00713000
130.39999243	0.00000000	-105.89940000	-38.31200000
130.59999242	0.00000000	-105.89940000	-37.93676000
130.79999241	0.00000000	-105.52410000	-37.89370000
130.99999239	0.00000000	-104.73670000	-37.85064000
131.19999238	0.00000000	-103.98620000	-37.51845000
131.39999237	0.00000000	-103.19880000	-37.14936000
131.59999236	0.00000000	-102.82360000	-37.51845000
131.79999235	0.00000000	-102.82360000	-37.89370000
131.99999233	0.00000000	-103.19880000	-38.31200000
132.19999232	0.00000000	-103.94320000	-39.05635000
132.39999231	0.00000000	-104.36150000	-39.43159000
132.59999230	0.00000000	-104.77980000	-39.43159000
132.79999229	0.00000000	-105.47490000	-39.05635000
132.99999227	0.00000000	-105.47490000	-38.26894000
133.19999226	0.00000000	-104.77980000	-37.51845000
133.39999225	0.00000000	-104.40450000	-36.73105000
133.59999224	0.00000000	-104.36150000	-36.35580000
133.79999223	0.00000000	-104.36150000	-36.31274000
133.99999222	0.00000000	-104.36150000	-36.35580000
134.19999220	0.00000000	-104.36150000	-36.73105000
134.39999219	0.00000000	-104.36150000	-37.51845000
134.59999218	0.00000000	-104.36150000	-38.26894000
134.79999217	0.00000000	-104.31840000	-39.05635000
134.99999216	0.00000000	-103.94320000	-39.43159000
135.19999214	0.00000000	-103.19880000	-39.47465000
135.39999213	0.00000000	-102.87280000	-39.43159000
135.59999212	0.00000000	-103.19880000	-39.00713000
135.79999211	0.00000000	-103.94320000	-37.89370000
135.99999210	0.00000000	-104.31840000	-36.78026000
136.19999208	0.00000000	-104.40450000	-36.35580000
136.39999207	0.00000000	-104.77980000	-36.31274000
136.59999206	0.00000000	-105.52410000	-36.31274000
136.79999205	0.00000000	-105.85010000	-36.31274000
136.99999204	0.00000000	-105.52410000	-36.35580000
137.19999203	0.00000000	-104.73670000	-36.73105000
137.39999201	0.00000000	-103.98620000	-37.47539000
137.59999200	0.00000000	-103.19880000	-37.89370000
137.79999199	0.00000000	-102.82360000	-38.31200000
137.99999198	0.00000000	-102.78050000	-39.00713000
138.19999197	0.00000000	-102.82360000	-39.00713000
138.39999195	0.00000000	-103.19880000	-38.31200000
138.59999194	0.00000000	-103.98620000	-37.89370000
138.79999193	0.00000000	-104.73670000	-37.47539000
138.99999192	0.00000000	-105.52410000	-36.73105000
139.19999191	0.00000000	-105.85010000	-36.35580000
139.39999189	0.00000000	-105.52410000	-36.26968000
139.59999188	0.00000000	-104.73670000	-35.93750000
139.79999187	0.00000000	-103.98620000	-35.57455000
139.99999186	0.00000000	-103.19880000	-35.98671000
140.19999185	0.00000000	-102.82360000	-36.68799000
140.39999184	0.00000000	-102.78050000	-37.47539000
140.59999182	0.00000000	-102.78050000	-37.85064000
140.79999181	0.00000000	-102.82360000	-37.93676000
140.99999180	0.00000000	-103.19880000	-38.31200000
141.19999179	0.00000000	-103.94320000	-39.00713000
141.39999178	0.00000000	-104.31840000	-39.00713000
141.59999176	0.00000000	-104.36150000	-38.26894000
141.79999175	0.00000000	-104.36150000	-37.51845000
141.99999174	0.00000000	-104.31840000	-36.68799000
142.19999173	0.00000000	-103.94320000	-35.93750000
142.39999172	0.00000000	-103.19880000	-35.19931000
142.59999170	0.00000000	-102.87280000	-35.19931000
142.79999169	0.00000000	-103.19880000	-35.89444000
142.99999168	0.00000000	-103.94320000	-36.31274000
143.19999167	0.00000000	-104.31840000	-36.82332000
143.39999166	0.00000000	-104.36150000	-38.26894000
143.59999165	0.00000000	-104.36150000	-39.75148000
143.79999163	0.00000000	-104.36150000	-39.80684000
143.99999162	0.00000000	-104.36150000	-39.47465000
144.19999161	0.00000000	-104.31840000	-39.05635000
144.39999160	0.00000000	-103.94320000	-38.26894000
144.59999159	0.00000000	-103.19880000	-37.51845000
144.79999157	0.00000000	-102.82360000	-36.73105000
144.99999156	0.00000000	-102.82360000	-36.35580000
145.19999155	0.00000000	-103.19880000	-36.31274000
145.39999154	0.00000000	-103.94320000	-36.35580000
145.59999153	0.00000000	-104.31840000	-36.73105000
145.79999151	0.00000000	-104.40450000	-37.47539000
145.99999150	0.00000000	-104.73670000	-37.89370000
146.19999149	0.00000000	-105.10580000	-38.26894000
146.39999148	0.00000000	-104.73670000	-38.68110000
146.59999147	0.00000000	-104.40450000	-38.68725000
146.79999146	0.00000000	-104.31840000	-39.05635000
146.99999144	0.00000000	-103.94320000	-39.00713000
147.19999143	0.00000000	-103.24800000	-38.31200000
147.39999142	0.00000000	-103.24800000	-37.93676000
147.59999141	0.00000000	-103.94320000	-37.89370000
147.79999140	0.00000000	-104.31840000	-37.85064000
147.99999138	0.00000000	-104.36150000	-37.51845000
148.19999137	0.00000000	-104.36150000	-37.14936000
148.39999136	0.00000000	-104.36150000	-37.51845000
148.59999135	0.00000000	-104.40450000	-37.89370000
148.79999134	0.00000000	-104.73670000	-38.26894000
148.99999132	0.00000000	-105.10580000	-38.68110000
149.19999131	0.00000000	-104.73670000	-38.68725000
149.39999130	0.00000000	-104.40450000	-39.05635000
149.59999129	0.00000000	-104.31840000	-39.00713000
149.79999128	0.00000000	-103.98620000	-38.31200000
149.99999127	0.00000000	-103.57410000	-37.93676000
150.19999125	0.00000000	-103.61100000	-37.85064000
150.39999124	0.00000000	-103.57410000	-37.47539000
150.59999123	0.00000000	-103.98620000	-36.73105000
150.79999122	0.00000000	-104.31840000	-36.35580000
150.99999121	0.00000000	-104.36150000	-36.31274000
151.19999119	0.00000000	-104.36150000	-36.35580000
151.39999118	0.00000000	-104.36150000	-36.73105000
151.59999117	0.00000000	-104.36150000	-37.47539000
151.79999116	0.00000000	-104.36150000	-37.85064000
151.99999115	0.00000000	-104.36150000	-37.89370000
152.19999113	0.00000000	-104.36150000	-37.89370000
152.39999112	0.00000000	-104.31840000	-37.89370000
152.59999111	0.00000000	-103.94320000	-37.85064000
152.79999110	0.00000000	-103.19880000	-37.47539000
152.99999109	0.00000000	-102.82360000	-36.73105000
153.19999108	0.00000000	-102.78050000	-36.35580000
153.39999106	0.00000000	-102.82360000	-36.31274000
153.59999105	0.00000000	-103.19880000	-36.31274000
153.79999104	0.00000000	-103.94320000	-36.31274000
153.99999103	0.00000000	-104.31840000	-36.31274000
154.19999102	0.00000000	-104.36150000	-36.31274000
154.39999100	0.00000000	-104.36150000	-36.31274000
154.59999099	0.00000000	-104.36150000	-36.31274000
154.79999098	0.00000000	-104.36150000	-36.35580000
154.99999097	0.00000000	-104.31840000	-36.73105000
155.19999096	0.00000000	-103.94320000	-37.47539000
155.39999094	0.00000000	-103.19880000	-37.85064000
155.59999093	0.00000000	-102.78050000	-37.89370000
155.79999092	0.00000000	-102.40530000	-37.89370000
155.99999091	0.00000000	-102.03620000	-37.85064000
156.19999090	0.00000000	-102.40530000	-37.47539000
156.39999089	0.00000000	-102.78050000	-36.73105000
156.59999087	0.00000000	-103.19880000	-36.35580000
156.79999086	0.00000000	-103.94320000	-36.31274000
156.99999085	0.00000000	-104.36150000	-36.31274000
157.19999084	0.00000000	-104.77980000	-36.31274000
157.39999083	0.00000000	-105.47490000	-36.35580000
157.59999081	0.00000000	-105.47490000	-36.73105000
157.79999080	0.00000000	-104.77980000	-37.47539000
157.99999079	0.00000000	-104.31840000	-37.89370000
158.19999078	0.00000000	-103.61100000	-38.26894000
158.39999077	0.00000000	-102.83590000	-38.63804000
158.59999075	0.00000000	-103.23570000	-38.26894000
158.79999074	0.00000000	-103.48790000	-37.93676000
158.99999073	0.00000000	-103.61100000	-37.89370000
159.19999072	0.00000000	-103.57410000	-37.89370000
159.39999071	0.00000000	-103.98620000	-37.85064000
159.59999070	0.00000000	-104.31840000	-37.47539000
159.79999068	0.00000000	-104.36150000	-36.73105000
159.99999067	0.00000000	-104.36150000	-36.35580000
160.19999066	0.00000000	-104.36150000	-36.35580000
160.39999065	0.00000000	-104.36150000	-36.73105000
160.59999064	0.00000000	-104.36150000	-37.47539000
160.79999062	0.00000000	-104.36150000	-37.85064000
160.99999061	0.00000000	-104.36150000	-37.89370000
161.19999060	0.00000000	-104.36150000	-37.93676000
161.39999059	0.00000000	-104.36150000	-38.31200000
161.59999058	0.00000000	-104.36150000	-39.00713000
161.79999056	0.00000000	-104.36150000	-39.00713000
161.99999055	0.00000000	-104.31840000	-38.31200000
162.19999054	0.00000000	-103.98620000	-37.93676000
162.39999053	0.00000000	-103.57410000	-37.89370000
162.59999052	0.00000000	-103.61100000	-37.85064000
162.79999051	0.00000000	-103.57410000	-37.47539000
162.99999049	0.00000000	-103.98620000	-36.73105000
163.19999048	0.00000000	-104.31840000	-36.40502000
163.39999047	0.00000000	-104.36150000	-36.73105000
163.59999046	0.00000000	-104.36150000	-37.47539000
163.79999045	0.00000000	-104.36150000	-37.85064000
163.99999043	0.00000000	-104.36150000	-37.89370000
164.19999042	0.00000000	-104.36150000	-37.89370000
164.39999041	0.00000000	-104.36150000	-37.89370000
164.59999040	0.00000000	-104.31840000	-37.89370000
164.79999039	0.00000000	-103.94320000	-37.89370000
164.99999037	0.00000000	-103.19880000	-37.89370000
165.19999036	0.00000000	-102.82360000	-37.89370000
165.39999035	0.00000000	-102.82360000	-37.89370000
165.59999034	0.00000000	-103.19880000	-37.89370000
165.79999033	0.00000000	-103.94320000	-37.85064000
165.99999032	0.00000000	-104.31840000	-37.51845000
166.19999030	0.00000000	-104.36150000	-37.10630000
166.39999029	0.00000000	-104.36150000	-37.14321000
166.59999028	0.00000000	-104.36150000	-37.10630000
166.79999027	0.00000000	-104.36150000	-37.51845000
166.99999026	0.00000000	-104.36150000	-37.85064000
167.19999024	0.00000000	-104.36150000	-37.89370000
167.39999023	0.00000000	-104.31840000	-37.89370000
167.59999022	0.00000000	-103.94320000	-37.89370000
167.79999021	0.00000000	-103.19880000	-37.89370000
167.99999020	0.00000000	-102.82360000	-37.89370000
168.19999018	0.00000000	-102.78050000	-37.89370000
168.39999017	0.00000000	-102.78050000	-37.85064000
168.59999016	0.00000000	-102.82360000	-37.47539000
168.79999015	0.00000000	-103.19880000	-36.73105000
168.99999014	0.00000000	-103.94320000	-36.35580000
169.19999013	0.00000000	-104.31840000	-36.35580000
169.39999011	0.00000000	-104.36150000	-36.73105000
169.59999010	0.00000000	-104.36150000	-37.42618000
169.79999009	0.00000000	-104.36150000	-37.42618000
169.99999008	0.00000000	-104.36150000	-36.78026000
170.19999007	0.00000000	-104.36150000	-36.73105000
170.39999005	0.00000000	-104.31840000	-37.05708000
170.59999004	0.00000000	-103.98620000	-36.68799000
170.79999003	0.00000000	-103.57410000	-36.35580000
170.99999002	0.00000000	-103.56790000	-36.35580000
171.19999001	0.00000000	-103.15570000	-36.73105000
171.39998999	0.00000000	-102.82360000	-37.47539000
171.59998998	0.00000000	-102.78050000	-37.85064000
171.79998997	0.00000000	-102.82360000	-37.85064000
171.99998996	0.00000000	-103.19880000	-37.51845000
172.19998995	0.00000000	-103.94320000	-37.14936000
172.39998994	0.00000000	-104.31840000	-37.51845000
172.59998992	0.00000000	-104.36150000	-37.80142000
172.79998991	0.00000000	-104.36150000	-37.51845000
172.99998990	0.00000000	-104.36150000	-37.14936000
173.19998989	0.00000000	-104.36150000	-37.51845000
173.39998988	0.00000000	-104.36150000	-37.80142000
173.59998986	0.00000000	-104.31840000	-37.51845000
173.79998985	0.00000000	-103.98620000	-37.14936000
173.99998984	0.00000000	-103.61710000	-37.51845000
174.19998983	0.00000000	-103.98620000	-37.85064000
174.39998982	0.00000000	-104.31840000	-37.89370000
174.59998980	0.00000000	-104.36150000	-37.89370000
174.79998979	0.00000000	-104.36150000	-37.89370000
174.99998978	0.00000000	-104.36150000	-37.89370000
175.19998977	0.00000000	-104.36150000	-37.89370000
175.39998976	0.00000000	-104.36150000	-37.89370000
175.59998975	0.00000000	-104.36150000	-37.89370000
175.79998973	0.00000000	-104.36150000	-37.89370000
175.99998972	0.00000000	-104.36150000	-37.89370000
176.19998971	0.00000000	-104.36150000	-37.89370000
176.39998970	0.00000000	-104.36150000	-37.89370000
176.59998969	0.00000000	-104.36150000	-37.89370000
176.79998967	0.00000000	-104.36150000	-37.89370000
176.99998966	0.00000000	-104.36150000	-37.89370000
177.19998965	0.00000000	-104.36150000	-37.89370000
177.39998964	0.00000000	-104.36150000	-37.89370000
177.59998963	0.00000000	-104.36150000	-37.89370000
177.79998961	0.00000000	-104.36150000	-37.89370000
177.99998960	0.00000000	-104.36150000	-37.89370000
178.19998959	0.00000000	-104.36150000	-37.89370000
178.39998958	0.00000000	-104.36150000	-37.89370000
178.59998957	0.00000000	-104.36150000	-37.89370000
178.79998956	0.00000000	-104.36150000	-37.85064000
178.99998954	0.00000000	-104.36150000	-37.51845000
179.19998953	0.00000000	-104.31840000	-37.14936000
179.39998952	0.00000000	-103.98620000	-37.51845000
179.59998951	0.00000000	-103.61710000	-37.85064000
179.79998950	0.00000000	-103.98620000	-37.89370000
179.99998948	0.00000000	-104.31840000	-37.89370000
180.19998947	0.00000000	-104.36150000	-37.89370000
180.39998946	0.00000000	-104.36150000	-37.89370000
180.59998945	0.00000000	-104.36150000	-37.89370000
180.79998944	0.00000000	-104.36150000	-37.89370000
180.99998942	0.00000000	-104.36150000	-37.89370000
181.19998941	0.00000000	-104.36150000	-37.85064000
181.39998940	0.00000000	-104.36150000	-37.47539000
181.59998939	0.00000000	-104.36150000	-36.73105000
181.79998938	0.00000000	-104.36150000	-36.35580000
181.99998937	0.00000000	-104.36150000	-36.31274000
182.19998935	0.00000000	-104.36150000	-36.31274000
182.39998934	0.00000000	-104.36150000	-36.31274000
182.59998933	0.00000000	-104.36150000	-36.35580000
182.79998932	0.00000000	-104.31840000	-36.73105000
182.99998931	0.00000000	-103.98620000	-37.47539000
183.19998929	0.00000000	-103.57410000	-37.85064000
183.39998928	0.00000000	-103.61100000	-37.89370000
183.59998927	0.00000000	-103.57410000	-37.89370000
183.79998926	0.00000000	-103.98620000	-37.85064000
183.99998925	0.00000000	-104.31840000	-37.47539000
184.19998923	0.00000000	-104.36150000	-36.73105000
184.39998922	0.00000000	-104.36150000	-36.35580000
184.59998921	0.00000000	-104.36150000	-36.31274000
184.79998920	0.00000000	-104.36150000	-36.31274000
184.99998919	0.00000000	-104.36150000	-36.31274000
185.19998918	0.00000000	-104.31840000	-36.31274000
185.39998916	0.00000000	-103.94320000	-36.31274000
185.59998915	0.00000000	-103.19880000	-36.35580000
185.79998914	0.00000000	-102.82360000	-36.73105000
185.99998913	0.00000000	-102.78050000	-37.47539000
186.19998912	0.00000000	-102.82360000	-37.85064000
186.39998910	0.00000000	-103.15570000	-37.89370000
186.59998909	0.00000000	-103.56790000	-37.89370000
186.79998908	0.00000000	-103.57410000	-37.89370000
186.99998907	0.00000000	-103.98620000	-37.85064000
187.19998906	0.00000000	-104.31840000	-37.47539000
187.39998904	0.00000000	-104.36150000	-36.73105000
187.59998903	0.00000000	-104.36150000	-36.35580000
187.79998902	0.00000000	-104.31840000	-36.31274000
187.99998901	0.00000000	-103.98620000	-36.31274000
188.19998900	0.00000000	-103.57410000	-36.31274000
188.39998899	0.00000000	-103.56790000	-36.35580000
188.59998897	0.00000000	-103.19880000	-36.73105000
188.79998896	0.00000000	-103.19880000	-37.47539000
188.99998895	0.00000000	-103.56790000	-37.85064000
189.19998894	0.00000000	-103.57410000	-37.89370000
189.39998893	0.00000000	-103.98620000	-37.89370000
189.59998891	0.00000000	-104.31840000	-37.89370000
189.79998890	0.00000000	-104.36150000	-37.85064000
189.99998889	0.00000000	-104.36150000	-37.51845000
190.19998888	0.00000000	-104.36150000	-37.10630000
190.39998887	0.00000000	-104.36150000	-37.14321000
190.59998885	0.00000000	-104.36150000	-37.06324000
190.79998884	0.00000000	-104.36150000	-37.10014000
190.99998883	0.00000000	-104.36150000	-36.73105000
191.19998882	0.00000000	-104.36150000	-36.78026000
191.39998881	0.00000000	-104.36150000	-37.47539000
191.59998880	0.00000000	-104.36150000	-37.85064000
191.79998878	0.00000000	-104.36150000	-37.89370000
191.99998877	0.00000000	-104.36150000	-37.89370000
192.19998876	0.00000000	-104.36150000	-37.89370000
192.39998875	0.00000000	-104.36150000	-37.89370000
192.59998874	0.00000000	-104.36150000	-37.89370000
192.79998872	0.00000000	-104.36150000	-37.89370000
192.99998871	0.00000000	-104.36150000	-37.89370000
193.19998870	0.00000000	-104.36150000	-37.89370000
193.39998869	0.00000000	-104.36150000	-37.89370000
193.59998868	0.00000000	-104.36150000	-37.85064000
193.79998866	0.00000000	-104.36150000	-37.47539000
193.99998865	0.00000000	-104.36150000	-36.73105000
194.19998864	0.00000000	-104.36150000	-36.35580000
194.39998863	0.00000000	-104.31840000	-36.31274000
194.59998862	0.00000000	-103.98620000	-36.35580000
194.79998861	0.00000000	-103.61710000	-36.73105000
194.99998859	0.00000000	-103.98620000	-37.47539000
195.19998858	0.00000000	-104.31840000	-37.85064000
195.39998857	0.00000000	-104.36150000	-37.89370000
195.59998856	0.00000000	-104.36150000	-37.89370000
195.79998855	0.00000000	-104.36150000	-37.89370000
195.99998853	0.00000000	-104.36150000	-37.89370000
