Time	Channel A	Channel B	Channel C
(us)	(V)	(mV)	(mV)

-4.59999956	0.00000000	-1.16264800	-4.73671200
-4.39999957	0.00000000	-1.48868100	-4.73671200
-4.19999958	0.00000000	-1.16264800	-4.73671200
-3.99999959	0.00000000	-0.41830710	-4.73671200
-3.79999960	0.00000000	-0.09227362	-4.73671200
-3.59999962	0.00000000	-0.37524600	-4.73671200
-3.39999963	0.00000000	-0.74434050	-4.73671200
-3.19999964	0.00000000	-0.41830710	-4.73671200
-2.99999965	0.00000000	-0.46751960	-4.73671200
-2.79999966	0.00000000	-1.16264800	-4.73671200
-2.59999968	0.00000000	-1.53789400	-4.73671200
-2.39999969	0.00000000	-1.53789400	-4.73671200
-2.19999970	0.00000000	-1.16264800	-4.73671200
-1.99999971	0.00000000	-0.46751960	-4.73671200
-1.79999972	0.00000000	-0.46751960	-4.73671200
-1.59999973	0.00000000	-1.11343500	-4.73671200
-1.39999975	0.00000000	-1.16264800	-4.73671200
-1.19999976	0.00000000	-0.79355310	-4.73671200
-0.99999977	0.00000000	-0.78740150	-4.73671200
-0.79999978	0.00000000	-0.37524600	-4.73671200
-0.59999979	0.00000000	-0.09227362	-4.73671200
-0.39999981	0.00000000	-0.37524600	-4.73671200
-0.19999982	0.47736220	-0.78740150	-4.73671200
0.00000017	0.79601380	-0.79355310	-4.73671200
0.20000016	0.95533960	-1.20570900	-4.73671200
0.40000015	0.95533960	-1.53789400	-4.73671200
0.60000013	0.63668800	-1.53789400	-4.73671200
0.80000012	0.00000000	-1.20570900	-4.73671200
1.00000011	-0.79601380	-0.83661410	-4.73671200
1.20000010	-1.91129400	-1.16264800	-4.73671200
1.40000009	-2.54859700	-1.11343500	-4.73671200
1.60000008	-2.86724900	-0.41830710	-4.73671200
1.80000006	-2.22994600	-0.04306102	-4.73671200
2.00000005	-0.79601380	-0.04306102	-4.73671200
2.20000004	1.27399100	-0.37524600	-4.73671200
2.40000003	3.34522600	-0.78740150	-4.73671200
2.60000002	4.93786900	-0.79355310	-4.73671200
2.80000000	5.25652100	-1.20570900	-4.77977300
2.99999999	4.45989200	-1.53789400	-5.15501900
3.19999998	1.91129400	-1.53789400	-5.85014700
3.39999997	-1.27399100	-1.20570900	-5.85014700
3.59999996	-4.61921700	-0.79355310	-5.15501900
3.79999994	-7.16781500	-0.78740150	-4.73671200
3.99999993	-8.12377000	-0.37524600	-4.36146600
4.19999992	-6.84916400	-0.04306102	-3.99237200
4.39999991	-3.82258900	-0.04306102	-4.36146600
4.59999990	0.31803640	-0.41830710	-4.69365100
4.79999989	4.61921700	-1.11343500	-4.73671200
4.99999987	8.12377000	-1.16264800	-4.73671200
5.19999986	9.39837600	-0.83661410	-4.77977300
5.39999985	8.44242100	-1.20570900	-5.15501900
5.59999984	5.25652100	-1.53789400	-5.89320800
5.79999983	0.79601380	-1.58095500	-6.21924200
5.99999981	-3.98191400	-1.53789400	-5.89320800
6.19999980	-7.64579200	-1.20570900	-5.15501900
6.39999979	-9.39837600	-0.79355310	-4.77977300
6.59999978	-8.76107300	-0.78740150	-4.73671200
6.79999977	-6.21247500	-0.37524600	-4.73671200
6.99999975	-2.07062000	-0.09227362	-4.73671200
7.19999974	2.38927200	-0.37524600	-4.73671200
7.39999973	5.89382400	-0.78740150	-4.73671200
7.59999972	7.64579200	-0.75049200	-4.73671200
7.79999971	7.48646600	-0.83046260	-4.73671200
7.99999970	5.41584600	-0.79355310	-4.73671200
8.19999968	2.22994600	-1.20570900	-4.73671200
8.39999967	-0.95533960	-1.53789400	-4.73671200
8.59999966	-3.66326300	-1.53789400	-4.73671200
8.79999965	-5.09719500	-1.20570900	-4.73671200
8.99999964	-5.09719500	-0.83661410	-4.73671200
9.19999962	-3.98191400	-1.20570900	-4.73671200
9.39999961	-2.07062000	-1.53789400	-4.73671200
9.59999960	0.00000000	-1.58095500	-4.73671200
9.79999959	1.43331700	-1.58095500	-4.73671200
9.99999958	2.38927200	-1.58095500	-4.73671200
10.19999956	2.38927200	-1.58095500	-4.73671200
10.39999955	1.91129400	-1.58095500	-4.73671200
10.59999954	1.11466500	-1.58095500	-4.73671200
10.79999953	0.15871060	-1.58095500	-4.73671200
10.99999952	-0.47736220	-1.58095500	-4.73671200
11.19999951	-0.79601380	-1.53789400	-4.73671200
11.39999949	-0.95533960	-1.20570900	-4.73671200
11.59999948	-0.95533960	-0.83661410	-4.73671200
11.79999947	-0.63668800	-1.20570900	-4.73671200
11.99999946	-0.31803640	-1.53789400	-4.73671200
12.19999945	-0.15871060	-1.58095500	-4.73671200
12.39999943	-0.15871060	-1.58095500	-4.73671200
12.59999942	0.00000000	-1.53789400	-4.73671200
12.79999941	0.00000000	-1.20570900	-4.73671200
12.99999940	0.00000000	-0.83661410	-4.73671200
13.19999939	0.00000000	-1.20570900	-4.73671200
13.39999937	0.00000000	-1.53789400	-4.73671200
13.59999936	0.00000000	-1.58095500	-4.73671200
13.79999935	0.00000000	-1.53789400	-4.73671200
13.99999934	-0.15871060	-1.16264800	-4.73671200
14.19999933	-0.15871060	-0.46751960	-4.73671200
14.39999932	-0.15871060	-0.46751960	-4.73671200
14.59999930	-0.15871060	-1.16264800	-4.73671200
14.79999929	-0.15871060	-1.48868100	-4.73671200
14.99999928	0.00000000	-1.20570900	-4.73671200
15.19999927	0.00000000	-0.83661410	-4.73671200
15.39999926	0.00000000	-1.20570900	-4.73671200
15.59999924	0.00000000	-1.53789400	-4.73671200
15.79999923	0.00000000	-1.58095500	-4.73671200
15.99999922	0.00000000	-1.58095500	-4.73671200
16.19999921	0.00000000	-1.58095500	-4.73671200
16.39999920	-0.15871060	-1.53789400	-4.73671200
16.59999919	-0.15871060	-1.16264800	-4.73671200
16.79999917	-0.15871060	-0.41830710	-4.73671200
16.99999916	0.00000000	-0.04306102	-4.73671200
17.19999915	0.00000000	0.04306102	-4.73671200
17.39999914	0.00000000	0.41830710	-4.73671200
17.59999913	0.00000000	1.11343500	-4.73671200
17.79999911	0.00000000	1.07037400	-4.73671200
17.99999910	0.00000000	-0.04306102	-4.73671200
18.19999909	0.00000000	-1.58095500	-4.73671200
18.39999908	0.00000000	-3.16190900	-4.73671200
18.59999907	-0.15871060	-4.69980300	-4.73671200
18.79999905	-0.15871060	-5.85629900	-4.73671200
18.99999904	0.00000000	-6.23154500	-4.73671200
19.19999903	-0.15871060	-5.77017700	-4.73671200
19.39999902	0.00000000	-3.81397600	-4.73671200
19.59999901	0.00000000	-0.33218500	-4.73671200
19.79999900	0.00000000	3.53715500	-4.73671200
19.99999898	0.00000000	7.39419200	-4.73671200
20.19999897	0.00000000	10.04552000	-4.73671200
20.39999896	0.00000000	10.42077000	-4.73671200
20.59999895	0.00000000	8.42150500	-4.73671200
20.79999894	0.00000000	3.72170300	-4.73671200
20.99999892	0.00000000	-3.25418300	-4.73671200
21.19999891	0.00000000	-10.97441000	-4.73671200
21.39999890	0.00000000	-17.86417000	-4.73671200
21.59999889	-0.15871060	-21.67815000	-4.73671200
21.79999888	0.00000000	-20.84153000	-4.73671200
21.99999886	0.00000000	-15.39739000	-4.73671200
22.19999885	0.00000000	-5.63484200	-4.77977300
22.39999884	0.00000000	6.69906400	-5.11195900
22.59999883	0.00000000	19.02067000	-5.47490100
22.79999882	0.00000000	27.86663000	-5.11195900
22.99999881	0.00000000	30.89321000	-4.77977300
23.19999879	0.00000000	26.88853000	-4.69365100
23.39999878	0.00000000	15.26206000	-4.31840500
23.59999877	0.00000000	-1.71628900	-3.57406500
23.79999876	0.00000000	-19.82037000	-3.19881900
23.99999875	0.00000000	-34.89173000	-3.15575800
24.19999873	0.00000000	-42.94414000	-3.19881900
24.39999872	0.00000000	-42.10753000	-3.62327700
24.59999871	0.00000000	-31.59449000	-4.77977300
24.79999870	0.00000000	-13.02903000	-6.36072800
24.99999869	0.00000000	9.35039300	-8.26771600
25.19999867	0.00000000	30.56102000	-10.11934000
25.39999866	0.00000000	45.17716000	-10.49459000
25.59999865	0.00000000	49.40945000	-9.38115100
25.79999864	0.00000000	42.05831000	-7.38188900
25.99999863	0.00000000	24.66166000	-4.26919300
26.19999862	0.00000000	1.07037400	-0.41830710
26.39999860	0.00000000	-23.63435000	3.06348400
26.59999859	0.00000000	-43.68848000	5.75787400
26.79999858	0.00000000	-54.06619000	6.82824800
26.99999857	0.00000000	-52.15305000	5.20423200
27.19999856	0.00000000	-38.29355000	0.55979330
27.39999854	0.00000000	-16.32628000	-6.40378900
27.59999853	0.00000000	8.42150500	-14.11786000
27.79999852	0.00000000	30.43184000	-21.03838000
27.99999851	-0.15871060	44.80192000	-25.22145000
28.19999850	0.00000000	48.71432000	-25.17839000
28.39999848	0.00000000	42.15059000	-20.48474000
28.59999847	0.00000000	26.28568000	-11.56496000
28.79999846	0.00000000	4.69980300	0.00000000
28.99999845	0.00000000	-17.31053000	11.56496000
29.19999844	0.00000000	-34.70718000	20.44168000
29.39999843	0.00000000	-43.68848000	24.62475000
29.59999841	0.00000000	-42.99335000	22.62549000
29.79999840	0.00000000	-33.72908000	14.08095000
29.99999839	0.00000000	-17.90723000	0.60285430
30.19999838	0.00000000	0.60900590	-14.86220000
30.39999837	0.00000000	17.26132000	-28.75861000
30.59999835	0.00000000	28.93701000	-38.42273000
30.79999834	0.00000000	33.63681000	-41.44316000
30.99999833	0.00000000	30.98548000	-36.74950000
31.19999832	0.00000000	22.09646000	-24.76009000
31.39999831	0.00000000	8.97514600	-7.80634800
31.59999829	0.00000000	-5.35187000	9.94094400
31.79999828	0.00000000	-17.72884000	24.62475000
31.99999827	-0.15871060	-25.86122000	33.12623000
32.19999826	0.00000000	-27.86663000	33.54453000
32.39999825	0.00000000	-24.09572000	26.20571000
32.59999824	0.00000000	-16.32628000	12.63533000
32.79999822	0.00000000	-5.85629900	-4.73671200
32.99999821	0.00000000	5.30265700	-22.11491000
33.19999820	0.00000000	14.19168000	-35.63607000
33.39999819	0.00000000	18.84227000	-42.59965000
33.59999818	0.00000000	18.51624000	-41.48622000
33.79999816	0.00000000	13.53962000	-32.98474000
33.99999815	0.00000000	5.85629900	-19.08834000
34.19999814	0.00000000	-2.65132900	-2.46063000
34.39999813	-0.15871060	-9.95939900	12.96752000
34.59999812	0.00000000	-14.23474000	24.20645000
34.79999810	-0.15871060	-14.70226000	28.85088000
34.99999809	0.00000000	-12.00172000	26.15649000
35.19999808	0.00000000	-6.97588500	16.91068000
35.39999807	0.00000000	-0.46751960	3.02042300
35.59999806	0.00000000	5.25959600	-11.98942000
35.79999805	0.00000000	8.37844500	-24.71703000
35.99999803	0.00000000	8.42150500	-32.05585000
36.19999802	0.00000000	5.77017700	-32.52337000
36.39999801	0.00000000	1.53789400	-26.75935000
36.59999800	0.00000000	-3.06963600	-16.35089000
36.79999799	0.00000000	-6.97588500	-3.66633800
36.99999797	0.00000000	-9.25812000	7.81250000
37.19999796	0.00000000	-9.62721400	14.77608000
37.39999795	0.00000000	-7.30807100	15.61270000
37.59999794	0.00000000	-3.11884800	11.06053000
37.79999793	0.00000000	1.48868100	2.60211600
37.99999791	0.00000000	5.35187000	-7.38188900
38.19999790	0.00000000	7.30807100	-16.16634000
38.39999789	0.00000000	7.35113100	-21.13681000
38.59999788	0.00000000	5.77017700	-20.39862000
38.79999787	0.00000000	2.65132900	-14.67766000
38.99999786	0.00000000	-1.58095500	-5.89320800
39.19999784	0.00000000	-5.81323800	3.29724400
39.39999783	0.00000000	-8.93208600	9.76254800
39.59999782	0.00000000	-10.46998000	11.70645000
39.79999781	0.00000000	-10.09473000	8.27386800
39.99999780	-0.15871060	-7.81250000	0.97810030
40.19999778	0.00000000	-4.69980300	-8.26771600
40.39999777	0.00000000	-1.16264800	-17.42126000
40.59999776	0.00000000	2.69439000	-23.13607000
40.79999775	0.00000000	5.77017700	-23.56053000
40.99999774	0.00000000	7.39419200	-18.95300000
41.19999772	0.00000000	7.76943800	-10.49459000
41.39999771	0.00000000	6.93282500	-0.55364170
41.59999770	0.00000000	4.23228400	7.94783400
41.79999769	0.00000000	0.37524600	12.96752000
41.99999768	0.00000000	-3.49409400	13.70571000
42.19999767	0.00000000	-6.97588500	9.47957600
42.39999765	0.00000000	-8.88902600	1.48868100
42.59999764	0.00000000	-8.97514600	-7.33882900
42.79999763	0.00000000	-7.81250000	-14.72687000
42.99999762	0.00000000	-5.85629900	-19.37131000
43.19999761	0.00000000	-3.16190900	-20.53395000
43.39999759	0.00000000	-0.46751960	-17.83957000
43.59999758	0.00000000	1.48868100	-12.11860000
43.79999757	0.00000000	2.69439000	-5.24729300
43.99999756	0.00000000	3.06963600	0.55979330
44.19999755	0.00000000	2.74360200	4.09079700
44.39999753	0.00000000	1.99926200	5.29650500
44.59999752	0.00000000	1.62401600	4.13385800
44.79999751	0.00000000	1.58095500	1.07037400
44.99999750	0.00000000	1.53789400	-3.15575800
45.19999749	0.00000000	1.16264800	-7.38188900
45.39999748	0.00000000	0.33218500	-10.45152000
45.59999746	0.00000000	-0.88582670	-11.65723000
45.79999745	0.00000000	-3.29724400	-10.96211000
45.99999744	-0.15871060	-6.69906400	-9.42421200
46.19999743	0.00000000	-10.09473000	-7.43110200
46.39999742	0.00000000	-11.58341000	-4.73671200
46.59999740	0.00000000	-10.46998000	-2.08538400
46.79999739	0.00000000	-7.30807100	-0.51058070
46.99999738	0.00000000	-2.23302100	-0.09227362
47.19999737	0.00000000	4.27534400	-0.51058070
47.39999736	0.00000000	10.04552000	-2.04232300
47.59999734	0.00000000	13.53962000	-4.36146600
47.79999733	0.00000000	14.27780000	-6.68676100
47.99999732	0.00000000	11.54035000	-8.96284400
48.19999731	0.00000000	5.72711600	-10.11934000
48.39999730	-0.15871060	-2.04847400	-9.79945900
48.59999729	0.00000000	-10.51304000	-8.96284400
48.79999727	0.00000000	-17.39665000	-6.96358300
48.99999726	0.00000000	-20.47244000	-3.57406500
49.19999725	0.00000000	-18.89148000	-0.51058070
49.39999724	0.00000000	-12.74606000	1.43946800
49.59999723	0.00000000	-3.49409400	2.22687000
49.79999721	0.00000000	6.14542300	1.39640700
49.99999720	0.00000000	14.23474000	-0.92888770
50.19999719	0.00000000	18.42397000	-4.73671200
50.39999718	0.00000000	17.31053000	-8.58759800
50.59999717	0.00000000	11.54035000	-11.33735000
50.79999715	0.00000000	2.69439000	-13.23819000
50.99999714	0.00000000	-6.93282500	-13.18898000
51.19999713	0.00000000	-14.65305000	-10.91289000
51.39999712	0.00000000	-18.89148000	-7.47416300
51.59999711	0.00000000	-18.46703000	-3.57406500
51.79999710	0.00000000	-13.12131000	-0.09227362
51.99999708	0.00000000	-4.74286400	2.60211600
52.19999707	0.00000000	3.77091500	3.71555100
52.39999706	0.00000000	10.33464000	2.55905500
52.59999705	0.00000000	13.81644000	-0.51058070
52.79999704	0.00000000	12.98597000	-4.73671200
52.99999702	0.00000000	8.04626000	-8.91978400
53.19999701	0.00000000	0.37524600	-11.61417000
53.39999700	0.00000000	-7.25885800	-12.07554000
53.59999699	0.00000000	-12.65379000	-10.96211000
53.79999698	0.00000000	-14.23474000	-9.00590400
53.99999696	0.00000000	-12.00172000	-6.31151500
54.19999695	0.00000000	-7.35113100	-3.61712600
54.39999694	0.00000000	-1.16264800	-1.71013800
54.59999693	0.00000000	5.30265700	-0.92888770
54.79999692	0.00000000	9.53494100	-1.71013800
54.99999691	0.00000000	10.33464000	-3.53100400
55.19999689	0.00000000	8.04626000	-5.47490100
55.39999688	0.00000000	3.02657500	-6.59448800
55.59999687	0.00000000	-3.06963600	-7.00664300
55.79999686	0.00000000	-8.46456700	-6.17618100
55.99999685	-0.15871060	-11.54035000	-4.31840500
56.19999683	0.00000000	-11.58341000	-2.08538400
56.39999682	0.00000000	-8.88902600	-0.92888770
56.59999681	0.00000000	-4.27534400	-1.33489200
56.79999680	0.00000000	1.11343500	-2.87893700
56.99999679	0.00000000	5.67790300	-5.98548200
57.19999677	0.00000000	8.04626000	-9.38115100
57.39999676	0.00000000	7.67716500	-12.07554000
57.59999675	0.00000000	5.39493100	-13.18898000
57.79999674	0.00000000	1.53789400	-11.98942000
57.99999673	0.00000000	-2.65132900	-8.54453700
58.19999672	0.00000000	-5.77017700	-3.53100400
58.39999670	0.00000000	-7.35113100	1.43946800
58.59999669	0.00000000	-7.35113100	5.29650500
58.79999668	0.00000000	-5.81323800	6.78518600
58.99999667	0.00000000	-3.16190900	5.20423200
59.19999666	0.00000000	-0.46751960	0.60285430
59.39999664	0.00000000	1.48868100	-5.89320800
59.59999663	0.00000000	2.69439000	-12.07554000
59.79999662	0.00000000	3.02657500	-16.72613000
59.99999661	0.00000000	2.27608300	-19.00221000
60.19999660	0.00000000	0.37524600	-17.79650000
60.39999658	0.00000000	-1.53789400	-13.18898000
60.59999657	0.00000000	-3.06963600	-6.26845500
60.79999656	0.00000000	-3.81397600	1.07037400
60.99999655	0.00000000	-3.06963600	7.20349400
61.19999654	0.00000000	-1.62401600	10.63607000
61.39999653	0.00000000	-0.41830710	9.84867000
61.59999651	0.00000000	0.33218500	5.29650500
61.79999650	0.00000000	0.69512790	-1.66707700
61.99999649	0.00000000	-0.04306102	-9.38115100
62.19999648	0.00000000	-1.16264800	-16.30167000
62.39999647	0.00000000	-1.99926200	-20.53395000
62.59999645	0.00000000	-3.16190900	-20.90305000
62.79999644	0.00000000	-4.23228400	-17.46432000
62.99999643	0.00000000	-4.23228400	-10.91289000
63.19999642	0.00000000	-3.11884800	-3.24803100
63.39999641	0.00000000	-1.58095500	3.72170300
63.59999639	0.00000000	0.00000000	8.36614100
63.79999638	0.00000000	1.53789400	9.94094400
63.99999637	0.00000000	2.65132900	8.40920300
64.19999636	0.00000000	2.65132900	4.14000900
64.39999635	0.00000000	1.53789400	-1.99311000
64.59999634	0.00000000	0.00000000	-8.58759800
64.79999632	0.00000000	-1.58095500	-13.98253000
64.99999631	0.00000000	-3.11884800	-17.50738000
65.19999630	0.00000000	-4.23228400	-18.25787000
65.39999629	0.00000000	-4.23228400	-16.39395000
65.59999628	0.00000000	-3.16190900	-12.53691000
65.79999626	0.00000000	-1.99926200	-7.89247000
65.99999625	0.00000000	-1.20570900	-3.20497000
66.19999624	0.00000000	-0.41830710	1.02116100
66.39999623	0.00000000	-0.09227362	3.71555100
66.59999622	0.00000000	-0.46751960	4.18307100
66.79999620	0.00000000	-1.62401600	3.11269700
66.99999619	0.00000000	-3.11884800	1.53174200
67.19999618	0.00000000	-4.18922200	-0.46751960
67.39999617	0.00000000	-3.81397600	-3.24803100
67.59999616	0.00000000	-1.95620100	-6.68676100
67.79999615	0.00000000	0.00000000	-10.16855000
67.99999613	0.00000000	1.95620100	-12.49385000
68.19999612	0.00000000	3.81397600	-13.74262000
68.39999611	0.00000000	4.18922200	-14.07480000
68.59999610	0.00000000	3.02657500	-13.23819000
68.79999609	0.00000000	0.69512790	-10.49459000
68.99999607	0.00000000	-2.78666300	-6.26845500
69.19999606	0.00000000	-6.23154500	-1.62401600
69.39999605	0.00000000	-8.93208600	2.64517700
69.59999604	0.00000000	-10.04552000	5.71481200
69.79999603	0.00000000	-8.88902600	6.82824800
69.99999601	0.00000000	-5.77017700	5.29650500
70.19999600	0.00000000	-1.11343500	1.43946800
70.39999599	0.00000000	4.23228400	-3.57406500
70.59999598	0.00000000	8.46456700	-9.00590400
70.79999597	0.00000000	10.42077000	-13.61343000
70.99999596	0.00000000	10.00246000	-16.35089000
71.19999594	0.00000000	6.88361200	-16.67692000
71.39999593	0.00000000	1.48868100	-14.39468000
71.59999592	0.00000000	-4.65059000	-9.75639700
71.79999591	0.00000000	-10.09473000	-4.41067900
71.99999590	0.00000000	-13.53962000	0.60285430
72.19999588	0.00000000	-14.32702000	3.67249000
72.39999587	0.00000000	-12.00172000	4.14000900
72.59999586	0.00000000	-7.43725300	2.64517700
72.79999585	0.00000000	-1.95620100	-0.09227362
72.99999584	0.00000000	3.44488200	-3.53100400
73.19999582	0.00000000	8.08932000	-7.01279500
73.39999581	0.00000000	10.33464000	-9.29502900
73.59999580	0.00000000	9.62721400	-10.11934000
73.79999579	0.00000000	6.18848400	-9.33809000
73.99999578	0.00000000	1.58095500	-7.51722400
74.19999577	0.00000000	-3.11884800	-5.61638700
74.39999575	0.00000000	-7.35113100	-4.82898600
74.59999574	0.00000000	-10.04552000	-4.77977300
74.79999573	0.00000000	-10.46998000	-5.19808000
74.99999572	0.00000000	-8.93208600	-6.31151500
75.19999571	0.00000000	-5.85629900	-7.42495000
75.39999569	0.00000000	-2.04847400	-7.80019600
75.59999568	0.00000000	1.07037400	-7.33882900
75.79999567	0.00000000	3.02657500	-5.38262700
75.99999566	0.00000000	3.81397600	-2.04232300
76.19999565	0.00000000	3.06963600	0.64591530
76.39999563	0.00000000	1.58095500	1.81471400
76.59999562	0.00000000	0.04306102	1.80856300
76.79999561	0.00000000	-1.16264800	-0.17839570
76.99999560	0.00000000	-1.91314000	-3.62327700
77.19999559	0.00000000	-2.32529500	-7.89247000
77.39999558	0.00000000	-1.95620100	-12.07554000
77.59999556	0.00000000	-1.67322800	-14.76993000
77.79999555	0.00000000	-1.99926200	-15.14518000
77.99999554	0.00000000	-2.74360200	-13.23819000
78.19999553	0.00000000	-3.16190900	-9.38115100
78.39999552	0.00000000	-3.58021600	-4.73671200
78.59999550	0.00000000	-4.27534400	-0.09227362
78.79999549	0.00000000	-4.23228400	3.76476400
78.99999548	0.00000000	-3.06963600	5.67175200
79.19999547	0.00000000	-1.16264800	5.29650500
79.39999546	0.00000000	1.16264800	2.55905500
79.59999544	0.00000000	3.06963600	-1.99311000
79.79999543	0.00000000	4.23228400	-7.00664300
79.99999542	0.00000000	4.18922200	-10.91289000
80.19999541	0.00000000	2.65132900	-13.65650000
80.39999540	0.00000000	-0.04306102	-14.76993000
80.59999539	0.00000000	-3.11884800	-13.65650000
80.79999537	0.00000000	-5.81323800	-11.00517000
80.99999536	0.00000000	-7.35113100	-7.84940900
81.19999535	0.00000000	-7.35113100	-4.36146600
81.39999534	0.00000000	-5.81323800	-0.92888770
81.59999533	0.00000000	-3.11884800	1.02116100
81.79999531	0.00000000	-0.04306102	1.53174200
81.99999530	0.00000000	2.65132900	1.53174200
82.19999529	0.00000000	4.18922200	1.06422200
82.39999528	0.00000000	4.23228400	-0.51058070
82.59999527	0.00000000	3.06963600	-3.19881900
82.79999525	0.00000000	1.16264800	-6.26845500
82.99999524	0.00000000	-1.16264800	-9.00590400
83.19999523	0.00000000	-3.06963600	-10.96211000
83.39999522	0.00000000	-4.27534400	-12.16166000
83.59999521	0.00000000	-4.65059000	-12.49385000
83.79999520	0.00000000	-4.27534400	-11.70029000
83.99999518	0.00000000	-3.16190900	-9.38115100
84.19999517	0.00000000	-1.99926200	-6.26845500
84.39999516	0.00000000	-1.20570900	-2.73745100
84.59999515	0.00000000	-0.41830710	1.07037400
84.79999514	0.00000000	-0.04306102	3.71555100
84.99999512	0.00000000	-0.04306102	4.14000900
85.19999511	0.00000000	-0.37524600	2.60211600
85.39999510	0.00000000	-0.78740150	-0.51058070
85.59999509	0.00000000	-0.79355310	-4.77977300
85.79999508	0.00000000	-1.16264800	-9.38115100
85.99999506	0.00000000	-1.16264800	-13.23819000
86.19999505	0.00000000	-0.83661410	-15.14518000
86.39999504	0.00000000	-1.24877000	-14.76993000
86.59999503	0.00000000	-1.95620100	-12.07554000
86.79999502	0.00000000	-2.74360200	-7.84940900
86.99999501	0.00000000	-3.16190900	-3.20497000
87.19999499	0.00000000	-3.53715500	1.02116100
87.39999498	0.00000000	-3.85703700	3.71555100
87.59999497	0.00000000	-3.06963600	4.09079700
87.79999496	0.00000000	-1.58095500	2.18380900
87.99999495	0.00000000	-0.04306102	-1.66707700
88.19999493	0.00000000	1.11343500	-6.26845500
88.39999492	0.00000000	1.48868100	-10.49459000
88.59999491	0.00000000	1.11343500	-13.18898000
88.79999490	0.00000000	0.00000000	-13.61343000
88.99999489	0.00000000	-1.16264800	-12.03248000
89.19999487	0.00000000	-1.99926200	-8.54453700
89.39999486	0.00000000	-3.16190900	-3.57406500
89.59999485	0.00000000	-4.23228400	0.97810030
89.79999484	0.00000000	-4.23228400	3.71555100
89.99999483	0.00000000	-3.16190900	4.09079700
90.19999482	0.00000000	-1.99926200	2.18380900
90.39999480	0.00000000	-1.20570900	-1.66707700
90.59999479	0.00000000	-0.41830710	-6.26845500
90.79999478	0.00000000	-0.04306102	-10.49459000
90.99999477	0.00000000	-0.04306102	-13.18898000
91.19999476	0.00000000	-0.41830710	-13.56422000
91.39999474	0.00000000	-1.16264800	-11.65723000
91.59999473	0.00000000	-1.53789400	-7.80019600
91.79999472	0.00000000	-1.53789400	-3.20497000
91.99999471	0.00000000	-1.16264800	1.02116100
92.19999470	0.00000000	-0.41830710	3.67249000
92.39999468	0.00000000	-0.09227362	3.67249000
92.59999467	0.00000000	-0.46751960	1.02116100
92.79999466	0.00000000	-1.58095500	-3.20497000
92.99999465	0.00000000	-2.74360200	-7.80019600
93.19999464	0.00000000	-3.53715500	-11.65723000
93.39999463	0.00000000	-4.32455700	-13.56422000
93.59999461	0.00000000	-4.65059000	-13.18898000
93.79999460	0.00000000	-4.27534400	-10.49459000
93.99999459	0.00000000	-3.06963600	-6.31151500
94.19999458	0.00000000	-1.16264800	-2.08538400
94.39999457	0.00000000	1.16264800	1.02116100
94.59999455	0.00000000	3.06963600	2.55905500
94.79999454	0.00000000	4.23228400	2.14074800
94.99999453	0.00000000	4.18922200	-0.55364170
95.19999452	0.00000000	2.65132900	-4.73671200
95.39999451	0.00000000	-0.09227362	-8.91978400
95.59999449	0.00000000	-3.53715500	-11.61417000
95.79999448	0.00000000	-6.97588500	-12.03248000
95.99999447	0.00000000	-8.88902600	-10.53765000
96.19999446	0.00000000	-8.97514600	-7.84940900
96.39999445	0.00000000	-7.72637700	-4.77977300
96.59999444	0.00000000	-5.01968500	-2.08538400
96.79999442	0.00000000	-0.79355310	-0.51058070
96.99999441	0.00000000	3.02657500	-0.13533460
97.19999440	0.00000000	5.81323800	-0.92888770
97.39999439	0.00000000	7.30807100	-3.19881900
97.59999438	0.00000000	6.93282500	-5.85014700
97.79999436	0.00000000	4.60752900	-7.80019600
97.99999435	0.00000000	1.16264800	-8.96284400
98.19999434	0.00000000	-2.74360200	-8.96284400
98.39999433	0.00000000	-6.23154500	-7.89247000
98.59999432	0.00000000	-8.93208600	-6.72982200
98.79999430	0.00000000	-10.09473000	-5.89320800
98.99999429	0.00000000	-9.30733200	-4.77977300
99.19999428	0.00000000	-7.01894700	-4.04158400
99.39999427	0.00000000	-3.53715500	-4.31840500
99.59999426	0.00000000	-0.04306102	-4.26919300
99.79999425	0.00000000	3.06963600	-3.57406500
99.99999423	0.00000000	5.39493100	-3.19881900
100.19999422	0.00000000	6.14542300	-3.15575800
100.39999421	0.00000000	5.39493100	-3.15575800
100.59999420	0.00000000	3.06963600	-3.19881900
100.79999419	0.00000000	0.04306102	-3.62327700
100.99999417	0.00000000	-2.74360200	-4.77977300
101.19999416	0.00000000	-5.07504900	-6.31151500
101.39999415	0.00000000	-7.01894700	-7.89247000
101.59999414	0.00000000	-7.72637700	-9.38115100
101.79999413	0.00000000	-7.01894700	-10.11934000
101.99999411	0.00000000	-5.07504900	-9.33809000
102.19999410	0.00000000	-2.78666300	-7.43110200
102.39999409	0.00000000	-0.41830710	-4.73671200
102.59999408	0.00000000	1.48868100	-2.04232300
102.79999407	0.00000000	2.69439000	-0.09227362
102.99999406	0.00000000	3.06963600	1.06422200
103.19999404	0.00000000	2.69439000	0.97810030
103.39999403	0.00000000	1.48868100	-0.92888770
103.59999402	0.00000000	-0.41830710	-4.36146600
103.79999401	0.00000000	-2.74360200	-7.80019600
103.99999400	0.00000000	-4.65059000	-10.53765000
104.19999398	0.00000000	-5.81323800	-12.03248000
104.39999397	0.00000000	-5.81323800	-11.70029000
104.59999396	0.00000000	-4.69980300	-9.79945900
104.79999395	0.00000000	-3.16190900	-7.47416300
104.99999394	0.00000000	-1.58095500	-4.73671200
105.19999392	0.00000000	-0.04306102	-2.08538400
105.39999391	0.00000000	1.11343500	-0.51058070
105.59999390	0.00000000	1.48868100	-0.13533460
105.79999389	0.00000000	1.11343500	-0.92888770
105.99999388	0.00000000	-0.04306102	-3.19881900
106.19999387	0.00000000	-1.53789400	-5.85014700
106.39999385	0.00000000	-2.69439000	-7.80019600
106.59999384	0.00000000	-3.11884800	-8.96284400
106.79999383	0.00000000	-3.11884800	-8.96284400
106.99999382	0.00000000	-2.74360200	-7.84940900
107.19999381	0.00000000	-1.95620100	-6.26845500
107.39999379	0.00000000	-1.16264800	-4.36146600
107.59999378	0.00000000	-0.04306102	-2.50369100
107.79999377	0.00000000	0.69512790	-2.08538400
107.99999376	0.00000000	0.33218500	-2.82357300
108.19999375	0.00000000	-0.41830710	-3.94931100
108.39999374	0.00000000	-1.58095500	-5.51796200
108.59999372	0.00000000	-2.74360200	-6.64370100
108.79999371	0.00000000	-3.49409400	-7.47416300
108.99999370	0.00000000	-3.90625000	-7.80019600
109.19999369	0.00000000	-3.49409400	-7.42495000
109.39999368	0.00000000	-2.74360200	-6.26845500
109.59999366	0.00000000	-1.58095500	-4.73671200
109.79999365	0.00000000	-0.41830710	-3.19881900
109.99999364	0.00000000	0.33218500	-2.08538400
110.19999363	0.00000000	0.74434050	-2.08538400
110.39999362	0.00000000	0.33218500	-3.19881900
110.59999360	0.00000000	-0.41830710	-4.68750000
110.79999359	0.00000000	-1.58095500	-5.89320800
110.99999358	0.00000000	-2.69439000	-6.68676100
111.19999357	0.00000000	-3.11884800	-7.47416300
111.39999356	0.00000000	-3.16190900	-7.84940900
111.59999355	0.00000000	-3.11884800	-7.84940900
111.79999353	0.00000000	-2.69439000	-7.42495000
111.99999352	0.00000000	-1.62401600	-6.31151500
112.19999351	0.00000000	-0.83661410	-5.15501900
112.39999350	0.00000000	-0.83046260	-4.36146600
112.59999349	0.00000000	-0.75049200	-3.57406500
112.79999347	0.00000000	-0.83046260	-3.24803100
112.99999346	0.00000000	-0.79355310	-3.57406500
113.19999345	0.00000000	-1.20570900	-4.31840500
113.39999344	0.00000000	-1.53789400	-4.69365100
113.59999343	0.00000000	-1.58095500	-4.77977300
113.79999341	0.00000000	-1.58095500	-5.15501900
113.99999340	0.00000000	-1.58095500	-5.89320800
114.19999339	0.00000000	-1.58095500	-6.26845500
114.39999338	0.00000000	-1.58095500	-6.31151500
114.59999337	0.00000000	-1.58095500	-6.31151500
114.79999336	0.00000000	-1.58095500	-6.31151500
114.99999334	0.00000000	-1.58095500	-6.31151500
115.19999333	0.00000000	-1.58095500	-6.31151500
115.39999332	0.00000000	-1.58095500	-6.26845500
115.59999331	0.00000000	-1.58095500	-5.89320800
115.79999330	0.00000000	-1.58095500	-5.11195900
115.99999328	0.00000000	-1.58095500	-4.36146600
116.19999327	0.00000000	-1.58095500	-3.57406500
116.39999326	0.00000000	-1.62401600	-3.19881900
116.59999325	0.00000000	-1.99926200	-3.19881900
116.79999324	0.00000000	-2.69439000	-3.57406500
116.99999322	0.00000000	-2.69439000	-4.36146600
117.19999321	0.00000000	-1.99926200	-5.11195900
117.39999320	0.00000000	-1.58095500	-5.93626900
117.59999319	0.00000000	-1.16264800	-6.68676100
117.79999318	0.00000000	-0.41830710	-7.47416300
117.99999317	0.00000000	-0.04306102	-7.80019600
118.19999315	0.00000000	-0.04306102	-7.47416300
118.39999314	0.00000000	-0.41830710	-6.68676100
118.59999313	0.00000000	-1.20570900	-5.89320800
118.79999312	0.00000000	-1.99926200	-4.73671200
118.99999311	0.00000000	-3.16190900	-3.62327700
119.19999309	0.00000000	-4.27534400	-3.19881900
119.39999308	0.00000000	-4.65059000	-3.15575800
119.59999307	0.00000000	-4.27534400	-3.19881900
119.79999306	0.00000000	-3.11884800	-3.57406500
119.99999305	0.00000000	-1.62401600	-4.36146600
120.19999303	0.00000000	-0.41830710	-5.11195900
120.39999302	-0.15871060	0.37524600	-5.89320800
120.59999301	0.00000000	1.16264800	-6.26845500
120.79999300	0.00000000	1.48868100	-6.31151500
120.99999299	0.00000000	1.11343500	-6.31151500
121.19999298	0.00000000	-0.04306102	-6.31151500
121.39999296	0.00000000	-1.53789400	-6.26845500
121.59999295	0.00000000	-2.74360200	-5.89320800
121.79999294	0.00000000	-3.53715500	-5.15501900
121.99999293	0.00000000	-4.32455700	-4.77977300
122.19999292	0.00000000	-4.65059000	-4.73671200
122.39999290	0.00000000	-4.27534400	-4.73671200
122.59999289	0.00000000	-3.16190900	-4.73671200
122.79999288	0.00000000	-1.99926200	-4.73671200
122.99999287	0.00000000	-1.20570900	-4.73671200
123.19999286	0.00000000	-0.37524600	-4.73671200
123.39999284	0.00000000	0.37524600	-4.73671200
123.59999283	0.00000000	1.11343500	-4.77977300
123.79999282	0.00000000	1.11343500	-5.15501900
123.99999281	0.00000000	0.37524600	-5.89320800
124.19999280	0.00000000	-0.41830710	-6.26845500
124.39999279	0.00000000	-1.58095500	-6.31151500
124.59999277	0.00000000	-2.69439000	-6.31151500
124.79999276	0.00000000	-3.16190900	-6.26845500
124.99999275	0.00000000	-3.53715500	-5.89320800
125.19999274	-0.15871060	-3.90625000	-5.15501900
125.39999273	0.00000000	-3.49409400	-4.77977300
125.59999271	0.00000000	-2.78666300	-4.69365100
125.79999270	0.00000000	-1.95620100	-4.31840500
125.99999269	0.00000000	-1.20570900	-3.62327700
126.19999268	-0.15871060	-0.41830710	-3.62327700
126.39999267	0.00000000	-0.04306102	-4.31840500
126.59999265	0.00000000	0.00000000	-4.73671200
126.79999264	0.00000000	-0.04306102	-5.15501900
126.99999263	0.00000000	-0.46751960	-5.89320800
127.19999262	0.00000000	-1.62401600	-6.26845500
127.39999261	0.00000000	-3.11884800	-6.31151500
127.59999260	0.00000000	-4.27534400	-6.31151500
127.79999258	0.00000000	-4.65059000	-6.26845500
127.99999257	0.00000000	-4.32455700	-5.89320800
128.19999256	0.00000000	-3.53715500	-5.15501900
128.39999255	0.00000000	-2.74360200	-4.77977300
128.59999254	0.00000000	-1.58095500	-4.73671200
128.79999252	0.00000000	-0.41830710	-4.73671200
128.99999251	0.00000000	0.33218500	-4.73671200
129.19999250	0.00000000	0.69512790	-4.73671200
129.39999249	0.00000000	-0.04306102	-4.77977300
129.59999248	0.00000000	-1.16264800	-5.15501900
129.79999246	0.00000000	-1.99926200	-5.89320800
129.99999245	0.00000000	-3.11884800	-6.26845500
130.19999244	0.00000000	-3.85703700	-6.26845500
130.39999243	0.00000000	-3.53715500	-5.89320800
130.59999242	0.00000000	-3.16190900	-5.15501900
130.79999241	0.00000000	-2.74360200	-4.77977300
130.99999239	0.00000000	-1.95620100	-4.73671200
131.19999238	0.00000000	-1.20570900	-4.73671200
131.39999237	0.00000000	-0.41830710	-4.77977300
131.59999236	0.00000000	-0.09227362	-5.15501900
131.79999235	0.00000000	-0.41830710	-5.89320800
131.99999233	0.00000000	-1.20570900	-6.26845500
132.19999232	0.00000000	-1.95620100	-6.31151500
132.39999231	0.00000000	-2.74360200	-6.31151500
132.59999230	0.00000000	-3.11884800	-6.26845500
132.79999229	0.00000000	-3.16190900	-5.89320800
132.99999227	0.00000000	-3.11884800	-5.11195900
133.19999226	0.00000000	-2.74360200	-4.36146600
133.39999225	0.00000000	-1.99926200	-3.57406500
133.59999224	0.00000000	-1.62401600	-3.24803100
133.79999223	0.00000000	-1.58095500	-3.57406500
133.99999222	0.00000000	-1.58095500	-4.31840500
134.19999220	0.00000000	-1.58095500	-4.73671200
134.39999219	0.00000000	-1.58095500	-5.15501900
134.59999218	0.00000000	-1.58095500	-5.89320800
134.79999217	0.00000000	-1.53789400	-6.26845500
134.99999216	0.00000000	-1.20570900	-6.31151500
135.19999214	0.00000000	-0.83661410	-6.31151500
135.39999213	0.00000000	-1.20570900	-6.26845500
135.59999212	0.00000000	-1.53789400	-5.89320800
135.79999211	0.00000000	-1.62401600	-5.11195900
135.99999210	0.00000000	-1.99926200	-4.36146600
136.19999208	0.00000000	-2.74360200	-3.57406500
136.39999207	0.00000000	-3.11884800	-3.24803100
136.59999206	0.00000000	-3.16190900	-3.57406500
136.79999205	0.00000000	-3.11884800	-4.31840500
136.99999204	0.00000000	-2.74360200	-4.73671200
137.19999203	0.00000000	-1.95620100	-5.15501900
137.39999201	0.00000000	-1.20570900	-5.89320800
137.59999200	0.00000000	-0.41830710	-6.26845500
137.79999199	0.00000000	-0.04306102	-6.31151500
137.99999198	-0.15871060	-0.04306102	-6.31151500
138.19999197	0.00000000	-0.41830710	-6.31151500
138.39999195	0.00000000	-1.20570900	-6.31151500
138.59999194	0.00000000	-1.95620100	-6.26845500
138.79999193	0.00000000	-2.74360200	-5.89320800
138.99999192	0.00000000	-3.11884800	-5.15501900
139.19999191	0.00000000	-3.11884800	-4.73671200
139.39999189	0.00000000	-2.74360200	-4.31840500
139.59999188	0.00000000	-1.99926200	-3.57406500
139.79999187	0.00000000	-1.58095500	-3.24803100
139.99999186	0.00000000	-1.16264800	-3.57406500
140.19999185	0.00000000	-0.46751960	-4.36146600
140.39999184	0.00000000	-0.46751960	-5.11195900
140.59999182	0.00000000	-1.16264800	-5.89320800
140.79999181	0.00000000	-1.53789400	-6.26845500
140.99999180	0.00000000	-1.62401600	-6.31151500
141.19999179	0.00000000	-1.99926200	-6.26845500
141.39999178	0.00000000	-2.69439000	-5.89320800
141.59999176	0.00000000	-2.69439000	-5.15501900
141.79999175	0.00000000	-1.95620100	-4.73671200
141.99999174	0.00000000	-1.24877000	-4.31840500
142.19999173	0.00000000	-0.83661410	-3.57406500
142.39999172	0.00000000	-1.20570900	-3.24803100
142.59999170	0.00000000	-1.53789400	-3.57406500
142.79999169	0.00000000	-1.58095500	-4.36146600
142.99999168	0.00000000	-1.58095500	-5.11195900
143.19999167	0.00000000	-1.62401600	-5.93626900
143.39999166	0.00000000	-1.99926200	-6.64370100
143.59999165	0.00000000	-2.69439000	-7.05585600
143.79999163	0.00000000	-2.69439000	-6.68676100
143.99999162	0.00000000	-1.99926200	-6.31151500
144.19999161	0.00000000	-1.62401600	-5.89320800
144.39999160	0.00000000	-1.58095500	-5.11195900
144.59999159	0.00000000	-1.53789400	-4.36146600
144.79999157	0.00000000	-1.20570900	-3.57406500
144.99999156	0.00000000	-0.83661410	-3.19881900
145.19999155	0.00000000	-1.20570900	-3.19881900
145.39999154	0.00000000	-1.53789400	-3.57406500
145.59999153	0.00000000	-1.58095500	-4.31840500
145.79999151	0.00000000	-1.58095500	-4.73671200
145.99999150	0.00000000	-1.58095500	-5.15501900
146.19999149	0.00000000	-1.58095500	-5.89320800
146.39999148	0.00000000	-1.58095500	-6.26845500
146.59999147	0.00000000	-1.58095500	-6.31151500
146.79999146	0.00000000	-1.58095500	-6.26845500
146.99999144	0.00000000	-1.58095500	-5.89320800
147.19999143	0.00000000	-1.58095500	-5.15501900
147.39999142	0.00000000	-1.58095500	-4.77977300
147.59999141	0.00000000	-1.58095500	-4.73671200
147.79999140	0.00000000	-1.62401600	-4.73671200
147.99999138	0.00000000	-1.99926200	-4.73671200
148.19999137	0.00000000	-2.74360200	-4.73671200
148.39999136	0.00000000	-3.11884800	-4.77977300
148.59999135	0.00000000	-3.11884800	-5.15501900
148.79999134	0.00000000	-2.74360200	-5.89320800
148.99999132	0.00000000	-1.99926200	-6.26845500
149.19999131	0.00000000	-1.62401600	-6.31151500
149.39999130	0.00000000	-1.58095500	-6.31151500
149.59999129	0.00000000	-1.58095500	-6.26845500
149.79999128	0.00000000	-1.58095500	-5.89320800
149.99999127	0.00000000	-1.58095500	-5.15501900
150.19999125	0.00000000	-1.58095500	-4.77977300
150.39999124	-0.15871060	-1.58095500	-4.73671200
150.59999123	0.00000000	-1.58095500	-4.73671200
150.79999122	0.00000000	-1.62401600	-4.73671200
150.99999121	0.00000000	-1.99926200	-4.73671200
151.19999119	0.00000000	-2.74360200	-4.73671200
151.39999118	0.00000000	-3.11884800	-4.77977300
151.59999117	0.00000000	-3.11884800	-5.15501900
151.79999116	0.00000000	-2.74360200	-5.89320800
151.99999115	0.00000000	-1.99926200	-6.26845500
152.19999113	0.00000000	-1.62401600	-6.26845500
152.39999112	0.00000000	-1.58095500	-5.89320800
152.59999111	0.00000000	-1.53789400	-5.15501900
152.79999110	0.00000000	-1.20570900	-4.77977300
152.99999109	0.00000000	-0.83661410	-4.73671200
153.19999108	0.00000000	-1.20570900	-4.73671200
153.39999106	0.00000000	-1.53789400	-4.73671200
153.59999105	0.00000000	-1.58095500	-4.73671200
153.79999104	0.00000000	-1.62401600	-4.73671200
153.99999103	0.00000000	-1.99926200	-4.73671200
154.19999102	0.00000000	-2.74360200	-4.73671200
154.39999100	0.00000000	-3.11884800	-4.73671200
154.59999099	0.00000000	-3.11884800	-4.77977300
154.79999098	0.00000000	-2.74360200	-5.11195900
154.99999097	0.00000000	-1.99926200	-5.51796200
155.19999096	0.00000000	-1.62401600	-5.53026500
155.39999094	0.00000000	-1.53789400	-5.89320800
155.59999093	0.00000000	-1.20570900	-5.89320800
155.79999092	0.00000000	-0.83661410	-5.53026500
155.99999091	0.00000000	-1.20570900	-5.51796200
156.19999090	0.00000000	-1.53789400	-5.11195900
156.39999089	0.00000000	-1.62401600	-4.77977300
156.59999087	0.00000000	-1.99926200	-4.73671200
156.79999086	0.00000000	-2.74360200	-4.73671200
156.99999085	0.00000000	-3.11884800	-4.73671200
157.19999084	0.00000000	-3.16190900	-4.73671200
157.39999083	0.00000000	-3.11884800	-4.73671200
157.59999081	0.00000000	-2.74360200	-4.73671200
157.79999080	0.00000000	-1.99926200	-4.77977300
157.99999079	0.00000000	-1.58095500	-5.15501900
158.19999078	0.00000000	-1.20570900	-5.89320800
158.39999077	0.00000000	-0.83661410	-6.26845500
158.59999075	0.00000000	-1.20570900	-6.31151500
158.79999074	0.00000000	-1.53789400	-6.26845500
158.99999073	0.00000000	-1.58095500	-5.89320800
159.19999072	0.00000000	-1.58095500	-5.15501900
159.39999071	0.00000000	-1.58095500	-4.77977300
159.59999070	0.00000000	-1.62401600	-4.73671200
159.79999068	0.00000000	-1.99926200	-4.73671200
159.99999067	0.00000000	-2.74360200	-4.73671200
160.19999066	0.00000000	-3.11884800	-4.73671200
160.39999065	0.00000000	-3.16190900	-4.77977300
160.59999064	0.00000000	-3.11884800	-5.15501900
160.79999062	0.00000000	-2.74360200	-5.89320800
160.99999061	0.00000000	-1.99926200	-6.26845500
161.19999060	0.00000000	-1.62401600	-6.31151500
161.39999059	0.00000000	-1.58095500	-6.31151500
161.59999058	0.00000000	-1.58095500	-6.26845500
161.79999056	0.00000000	-1.58095500	-5.89320800
161.99999055	0.00000000	-1.58095500	-5.15501900
162.19999054	0.00000000	-1.58095500	-4.77977300
162.39999053	0.00000000	-1.58095500	-4.73671200
162.59999052	0.00000000	-1.58095500	-4.73671200
162.79999051	0.00000000	-1.62401600	-4.73671200
162.99999049	0.00000000	-1.99926200	-4.77977300
163.19999048	0.00000000	-2.74360200	-5.11195900
163.39999047	0.00000000	-3.11884800	-5.47490100
163.59999046	0.00000000	-3.16190900	-5.15501900
163.79999045	0.00000000	-3.16190900	-5.19808000
163.99999043	0.00000000	-3.11884800	-5.89320800
164.19999042	0.00000000	-2.74360200	-6.21924200
164.39999041	0.00000000	-1.99926200	-5.89320800
164.59999040	0.00000000	-1.62401600	-5.19808000
164.79999039	0.00000000	-1.58095500	-5.15501900
164.99999037	0.00000000	-1.53789400	-5.47490100
165.19999036	0.00000000	-1.20570900	-5.11195900
165.39999035	0.00000000	-0.83661410	-4.77977300
165.59999034	0.00000000	-1.20570900	-4.73671200
165.79999033	0.00000000	-1.58095500	-4.73671200
165.99999032	0.00000000	-1.99926200	-4.73671200
166.19999030	0.00000000	-2.74360200	-4.73671200
166.39999029	0.00000000	-3.11884800	-4.73671200
166.59999028	0.00000000	-3.11884800	-4.73671200
166.79999027	0.00000000	-2.74360200	-4.77977300
166.99999026	0.00000000	-1.99926200	-5.11195900
167.19999024	0.00000000	-1.62401600	-5.51796200
167.39999023	0.00000000	-1.58095500	-5.53026500
167.59999022	0.00000000	-1.58095500	-5.89320800
167.79999021	0.00000000	-1.58095500	-5.85014700
167.99999020	0.00000000	-1.58095500	-5.15501900
168.19999018	0.00000000	-1.58095500	-4.77977300
168.39999017	0.00000000	-1.58095500	-4.73671200
168.59999016	0.00000000	-1.58095500	-4.73671200
168.79999015	0.00000000	-1.58095500	-4.73671200
168.99999014	0.00000000	-1.58095500	-4.77977300
169.19999013	0.00000000	-1.62401600	-5.11195900
169.39999011	0.00000000	-1.95620100	-5.51796200
169.59999010	0.00000000	-2.36835600	-5.48105300
169.79999009	0.00000000	-2.33144700	-5.51796200
169.99999008	0.00000000	-2.36835600	-5.11195900
170.19999007	0.00000000	-1.95620100	-4.77977300
170.39999005	0.00000000	-1.62401600	-4.73671200
170.59999004	0.00000000	-1.58095500	-4.73671200
170.79999003	0.00000000	-1.58095500	-4.73671200
170.99999002	0.00000000	-1.58095500	-4.73671200
171.19999001	0.00000000	-1.58095500	-4.73671200
171.39998999	0.00000000	-1.58095500	-4.77977300
171.59998998	0.00000000	-1.58095500	-5.11195900
171.79998997	0.00000000	-1.58095500	-5.47490100
171.99998996	0.00000000	-1.58095500	-5.11195900
172.19998995	0.00000000	-1.62401600	-4.82898600
172.39998994	0.00000000	-1.99926200	-5.11195900
172.59998992	0.00000000	-2.74360200	-5.47490100
172.79998991	0.00000000	-3.06963600	-5.11195900
172.99998990	0.00000000	-2.74360200	-4.77977300
173.19998989	0.00000000	-1.99926200	-4.73671200
173.39998988	0.00000000	-1.62401600	-4.73671200
173.59998986	0.00000000	-1.58095500	-4.73671200
173.79998985	0.00000000	-1.58095500	-4.77977300
173.99998984	0.00000000	-1.62401600	-5.15501900
174.19998983	0.00000000	-1.95620100	-5.85014700
174.39998982	0.00000000	-2.32529500	-5.89320800
174.59998980	0.00000000	-1.99926200	-5.53026500
174.79998979	0.00000000	-1.99926200	-5.56717500
174.99998978	0.00000000	-2.32529500	-5.53026500
175.19998977	0.00000000	-1.95620100	-5.89320800
175.39998976	0.00000000	-1.62401600	-5.85014700
175.59998975	0.00000000	-1.58095500	-5.15501900
175.79998973	0.00000000	-1.58095500	-4.77977300
175.99998972	0.00000000	-1.58095500	-4.73671200
176.19998971	0.00000000	-1.58095500	-4.73671200
176.39998970	0.00000000	-1.58095500	-4.73671200
176.59998969	0.00000000	-1.58095500	-4.73671200
176.79998967	0.00000000	-1.58095500	-4.73671200
176.99998966	0.00000000	-1.58095500	-4.73671200
177.19998965	0.00000000	-1.62401600	-4.77977300
177.39998964	0.00000000	-1.95620100	-5.15501900
177.59998963	0.00000000	-2.32529500	-5.85014700
177.79998961	0.00000000	-1.95620100	-5.89320800
177.99998960	0.00000000	-1.62401600	-5.53026500
178.19998959	0.00000000	-1.62401600	-5.51796200
178.39998958	0.00000000	-1.95620100	-5.11195900
178.59998957	0.00000000	-2.32529500	-4.77977300
178.79998956	0.00000000	-1.95620100	-4.73671200
178.99998954	0.00000000	-1.62401600	-4.73671200
179.19998953	0.00000000	-1.58095500	-4.73671200
179.39998952	0.00000000	-1.58095500	-4.73671200
179.59998951	0.00000000	-1.58095500	-4.77977300
179.79998950	0.00000000	-1.58095500	-5.11195900
179.99998948	0.00000000	-1.58095500	-5.51796200
180.19998947	0.00000000	-1.58095500	-5.53026500
180.39998946	0.00000000	-1.62401600	-5.93626900
180.59998945	0.00000000	-1.95620100	-6.21924200
180.79998944	0.00000000	-2.32529500	-5.89320800
180.99998942	0.00000000	-1.95620100	-5.15501900
181.19998941	0.00000000	-1.67322800	-4.77977300
181.39998940	0.00000000	-1.95620100	-4.73671200
181.59998939	0.00000000	-2.32529500	-4.73671200
181.79998938	0.00000000	-1.95620100	-4.73671200
181.99998937	0.00000000	-1.62401600	-4.73671200
182.19998935	0.00000000	-1.58095500	-4.73671200
182.39998934	0.00000000	-1.58095500	-4.73671200
182.59998933	0.00000000	-1.58095500	-4.77977300
182.79998932	0.00000000	-1.58095500	-5.15501900
182.99998931	0.00000000	-1.58095500	-5.89320800
183.19998929	0.00000000	-1.58095500	-6.26845500
183.39998928	0.00000000	-1.58095500	-6.31151500
183.59998927	0.00000000	-1.58095500	-6.26845500
183.79998926	0.00000000	-1.58095500	-5.89320800
183.99998925	0.00000000	-1.58095500	-5.15501900
184.19998923	0.00000000	-1.58095500	-4.77977300
184.39998922	0.00000000	-1.58095500	-4.73671200
184.59998921	0.00000000	-1.58095500	-4.73671200
184.79998920	0.00000000	-1.58095500	-4.73671200
184.99998919	0.00000000	-1.58095500	-4.73671200
185.19998918	-0.15871060	-1.58095500	-4.73671200
185.39998916	0.00000000	-1.58095500	-4.77977300
185.59998915	0.00000000	-1.58095500	-5.15501900
185.79998914	0.00000000	-1.58095500	-5.89320800
185.99998913	0.00000000	-1.58095500	-6.26845500
186.19998912	0.00000000	-1.58095500	-6.31151500
186.39998910	0.00000000	-1.58095500	-6.31151500
186.59998909	0.00000000	-1.58095500	-6.26845500
186.79998908	0.00000000	-1.58095500	-5.89320800
186.99998907	0.00000000	-1.62401600	-5.15501900
187.19998906	0.00000000	-1.95620100	-4.77977300
187.39998904	0.00000000	-2.36835600	-4.73671200
187.59998903	0.00000000	-2.37450800	-4.73671200
187.79998902	0.00000000	-2.74360200	-4.73671200
187.99998901	0.00000000	-2.69439000	-4.77977300
188.19998900	0.00000000	-1.99926200	-5.15501900
188.39998899	0.00000000	-1.62401600	-5.89320800
188.59998897	0.00000000	-1.58095500	-6.26845500
188.79998896	0.00000000	-1.58095500	-6.31151500
188.99998895	0.00000000	-1.58095500	-6.31151500
189.19998894	0.00000000	-1.58095500	-6.31151500
189.39998893	0.00000000	-1.62401600	-6.31151500
189.59998891	0.00000000	-1.95620100	-6.26845500
189.79998890	0.00000000	-2.36835600	-5.89320800
189.99998889	0.00000000	-2.37450800	-5.15501900
190.19998888	0.00000000	-2.74360200	-4.77977300
190.39998887	0.00000000	-2.74360200	-4.73671200
190.59998885	0.00000000	-2.37450800	-4.73671200
190.79998884	0.00000000	-2.36835600	-4.73671200
190.99998883	0.00000000	-1.95620100	-4.73671200
191.19998882	0.00000000	-1.62401600	-4.73671200
191.39998881	0.00000000	-1.58095500	-4.73671200
191.59998880	0.00000000	-1.58095500	-4.73671200
191.79998878	0.00000000	-1.58095500	-4.77977300
191.99998877	0.00000000	-1.58095500	-5.15501900
192.19998876	0.00000000	-1.58095500	-5.89320800
192.39998875	0.00000000	-1.58095500	-6.26845500
192.59998874	0.00000000	-1.62401600	-6.31151500
192.79998872	0.00000000	-1.99926200	-6.31151500
192.99998871	0.00000000	-2.74360200	-6.26845500
193.19998870	0.00000000	-3.11884800	-5.89320800
193.39998869	0.00000000	-3.16190900	-5.15501900
193.59998868	0.00000000	-3.11884800	-4.77977300
193.79998866	0.00000000	-2.74360200	-4.73671200
193.99998865	0.00000000	-1.99926200	-4.73671200
194.19998864	0.00000000	-1.62401600	-4.73671200
194.39998863	0.00000000	-1.58095500	-4.73671200
194.59998862	0.00000000	-1.58095500	-4.73671200
194.79998861	0.00000000	-1.58095500	-4.73671200
194.99998859	0.00000000	-1.58095500	-4.77977300
195.19998858	0.00000000	-1.58095500	-5.11195900
195.39998857	0.00000000	-1.62401600	-5.47490100
195.59998856	0.00000000	-1.99926200	-5.15501900
195.79998855	0.00000000	-2.74360200	-5.19808000
195.99998853	0.00000000	-3.11884800	-5.85014700
