Time	Channel A	Channel B	Channel C
(us)	(V)	(mV)	(mV)

-4.59999956	0.00000000	-35.94980000	-19.36516000
-4.39999957	0.00000000	-35.62377000	-18.98991000
-4.19999958	0.00000000	-35.99286000	-18.98991000
-3.99999959	0.00000000	-36.32505000	-19.32210000
-3.79999960	0.00000000	-36.36811000	-19.69119000
-3.59999962	0.00000000	-36.36811000	-19.32210000
-3.39999963	0.00000000	-36.32505000	-18.98991000
-3.19999964	0.00000000	-35.99286000	-18.98991000
-2.99999965	0.00000000	-35.62377000	-19.36516000
-2.79999966	0.00000000	-35.94980000	-20.06029000
-2.59999968	0.00000000	-35.94980000	-20.06029000
-2.39999969	0.00000000	-35.62377000	-19.36516000
-2.19999970	0.00000000	-35.99286000	-18.98991000
-1.99999971	0.00000000	-36.32505000	-18.94685000
-1.79999972	0.00000000	-36.36811000	-18.98991000
-1.59999973	0.00000000	-36.36811000	-19.36516000
-1.39999975	0.00000000	-36.36811000	-20.06029000
-1.19999976	0.00000000	-36.36811000	-20.10950000
-0.99999977	0.00000000	-36.36811000	-19.78346000
-0.79999978	0.00000000	-36.36811000	-20.10950000
-0.59999979	0.00000000	-36.36811000	-20.10950000
-0.39999981	0.15871060	-36.36811000	-19.78346000
-0.19999982	0.47736220	-36.36811000	-20.15256000
0.00000017	0.79601380	-36.36811000	-20.48474000
0.20000016	0.95533960	-36.36811000	-20.52780000
0.40000015	0.95533960	-36.36811000	-20.52780000
0.60000013	0.63668800	-36.36811000	-20.52780000
0.80000012	-0.15871060	-36.36811000	-20.52780000
1.00000011	-1.11466500	-36.36811000	-20.52780000
1.20000010	-2.07062000	-36.36811000	-20.52780000
1.40000009	-2.70792300	-36.36811000	-20.52780000
1.60000008	-2.70792300	-36.36811000	-20.52780000
1.80000006	-1.91129400	-36.36811000	-20.52780000
2.00000005	-0.31803640	-36.36811000	-20.52780000
2.20000004	1.75196900	-36.36811000	-20.52780000
2.40000003	3.82258900	-36.36811000	-20.52780000
2.60000002	5.09719500	-36.36811000	-20.57087000
2.80000000	5.25652100	-36.36811000	-20.90305000
2.99999999	3.98191400	-36.36811000	-21.30905000
3.19999998	1.27399100	-36.36811000	-21.32136000
3.39999997	-2.07062000	-36.36811000	-21.68430000
3.59999996	-5.41584600	-36.36811000	-21.64124000
3.79999994	-7.48646600	-36.36811000	-20.94611000
3.99999993	-7.96444400	-36.36811000	-20.57087000
4.19999992	-6.37180100	-36.36811000	-20.48474000
4.39999991	-2.86724900	-36.36811000	-20.15256000
4.59999990	1.59264300	-36.36811000	-19.78346000
4.79999989	5.73449800	-36.36811000	-20.15256000
4.99999987	8.60174700	-36.36811000	-20.52780000
5.19999986	9.39837600	-36.41117000	-20.94611000
5.39999985	7.80511800	-36.74335000	-21.68430000
5.59999984	4.30056600	-37.15551000	-22.05955000
5.79999983	-0.47736220	-37.11860000	-22.05955000
5.99999981	-4.93786900	-37.15551000	-21.68430000
6.19999980	-8.28309500	-36.74335000	-20.94611000
6.39999979	-9.55770200	-36.41117000	-20.57087000
6.59999978	-8.28309500	-36.36811000	-20.52780000
6.79999977	-5.09719500	-36.36811000	-20.48474000
6.99999975	-0.95533960	-36.36811000	-20.15256000
7.19999974	3.34522600	-36.36811000	-19.74040000
7.39999973	6.53112700	-36.36811000	-19.77731000
7.59999972	7.80511800	-36.36811000	-19.74040000
7.79999971	7.00848900	-36.36811000	-20.15256000
7.99999970	4.77854300	-36.41117000	-20.48474000
8.19999968	1.59264300	-36.78642000	-20.52780000
8.39999967	-1.75196900	-37.48154000	-20.52780000
8.59999966	-4.14124000	-37.48154000	-20.52780000
8.79999965	-5.09719500	-36.78642000	-20.48474000
8.99999964	-4.93786900	-36.41117000	-20.15256000
9.19999962	-3.50393700	-36.36811000	-19.78346000
9.39999961	-1.43331700	-36.36811000	-20.15256000
9.59999960	0.47736220	-36.36811000	-20.48474000
9.79999959	1.75196900	-36.36811000	-20.52780000
9.99999958	2.54859700	-36.36811000	-20.52780000
10.19999956	2.38927200	-36.36811000	-20.52780000
10.39999955	1.75196900	-36.36811000	-20.52780000
10.59999954	0.95533960	-36.36811000	-20.52780000
10.79999953	0.15871060	-36.36811000	-20.48474000
10.99999952	-0.47736220	-36.36811000	-20.15256000
11.19999951	-0.95533960	-36.36811000	-19.74040000
11.39999949	-0.95533960	-36.41117000	-19.77731000
11.59999948	-0.79601380	-36.78642000	-19.74040000
11.79999947	-0.63668800	-37.48154000	-20.15256000
11.99999946	-0.15871060	-37.53075000	-20.48474000
12.19999945	-0.15871060	-37.16166000	-20.48474000
12.39999943	-0.15871060	-37.15551000	-20.10950000
12.59999942	0.00000000	-36.74335000	-19.41437000
12.79999941	0.00000000	-36.41117000	-19.41437000
12.99999940	0.00000000	-36.36811000	-20.10950000
13.19999939	0.15871060	-36.36811000	-20.48474000
13.39999937	0.00000000	-36.36811000	-20.52780000
13.59999936	0.00000000	-36.36811000	-20.52780000
13.79999935	0.00000000	-36.36811000	-20.52780000
13.99999934	0.00000000	-36.41117000	-20.52780000
14.19999933	-0.15871060	-36.74335000	-20.52780000
14.39999932	-0.15871060	-37.11245000	-20.52780000
14.59999930	-0.15871060	-36.74335000	-20.52780000
14.79999929	0.00000000	-36.46038000	-20.52780000
14.99999928	0.00000000	-36.78642000	-20.52780000
15.19999927	0.00000000	-37.53075000	-20.52780000
15.39999926	0.00000000	-37.90600000	-20.52780000
15.59999924	0.00000000	-37.94907000	-20.52780000
15.79999923	0.00000000	-37.94907000	-20.52780000
15.99999922	0.00000000	-37.94907000	-20.52780000
16.19999921	0.00000000	-37.94907000	-20.52780000
16.39999920	0.00000000	-37.90600000	-20.52780000
16.59999919	0.00000000	-37.53075000	-20.52780000
16.79999917	0.00000000	-36.78642000	-20.52780000
16.99999916	0.00000000	-36.36811000	-20.52780000
17.19999915	0.00000000	-35.99286000	-20.52780000
17.39999914	0.00000000	-35.62377000	-20.52780000
17.59999913	0.00000000	-35.99286000	-20.52780000
17.79999911	0.00000000	-36.36811000	-20.52780000
17.99999910	0.00000000	-36.83563000	-20.52780000
18.19999909	0.00000000	-37.99213000	-20.52780000
18.39999908	0.00000000	-39.53002000	-20.52780000
18.59999907	0.00000000	-41.06791000	-20.52780000
18.79999905	0.00000000	-42.22441000	-20.57087000
18.99999904	0.00000000	-42.59965000	-20.90305000
19.19999903	0.00000000	-42.18134000	-21.26599000
19.39999902	0.00000000	-40.55733000	-20.90305000
19.59999901	0.00000000	-37.43848000	-20.57087000
19.79999900	0.00000000	-33.20005000	-20.52780000
19.99999898	0.00000000	-29.01082000	-20.52780000
20.19999897	0.00000000	-26.35950000	-20.57087000
20.39999896	0.00000000	-26.35950000	-20.90305000
20.59999895	0.00000000	-29.10310000	-21.26599000
20.79999894	0.00000000	-34.17815000	-20.90305000
20.99999892	0.00000000	-41.15403000	-20.57087000
21.19999891	0.00000000	-48.50517000	-20.52780000
21.39999890	0.00000000	-54.65059000	-20.52780000
21.59999889	0.00000000	-58.08932000	-20.57087000
21.79999888	0.00000000	-57.16658000	-20.90305000
21.99999886	0.00000000	-51.34719000	-21.30905000
22.19999885	0.00000000	-40.88336000	-21.32136000
22.39999884	0.00000000	-28.54946000	-21.68430000
22.59999883	0.00000000	-16.91683000	-21.64124000
22.79999882	0.00000000	-8.49532500	-20.98917000
22.99999881	0.00000000	-5.88705700	-20.90305000
23.19999879	0.00000000	-10.62992000	-20.84769000
23.39999878	0.00000000	-22.63779000	-19.74040000
23.59999877	0.00000000	-39.61614000	-19.03912000
23.79999876	0.00000000	-57.39419000	-18.94685000
23.99999875	0.00000000	-72.05339000	-18.94685000
24.19999873	0.00000000	-80.05659000	-18.98991000
24.39999872	0.00000000	-78.43257000	-19.41437000
24.59999871	0.00000000	-66.84301000	-20.57087000
24.79999870	0.00000000	-47.85925000	-22.10261000
24.99999869	0.00000000	-25.47982000	-23.64050000
25.19999867	0.00000000	-4.63828700	-24.79700000
25.39999866	0.00000000	9.18430000	-25.17224000
25.59999865	0.00000000	12.67224000	-24.75394000
25.79999864	0.00000000	4.48449800	-23.17298000
25.99999863	0.00000000	-13.66265000	-20.43553000
26.19999862	0.00000000	-37.99213000	-16.94759000
26.39999860	0.00000000	-62.65378000	-13.09670000
26.59999859	0.00000000	-81.58833000	-10.07013000
26.79999858	0.00000000	-90.47736000	-8.91363100
26.99999857	0.00000000	-87.40771000	-10.16240000
27.19999856	0.00000000	-73.12376000	-14.11171000
27.39999854	0.00000000	-51.15649000	-21.03838000
27.59999853	0.00000000	-26.78395000	-29.07234000
27.79999852	0.00000000	-5.51796200	-35.67298000
27.99999851	0.00000000	8.39074700	-39.89911000
28.19999850	0.00000000	11.50960000	-40.55118000
28.39999848	0.00000000	3.46333600	-36.27584000
28.59999847	0.00000000	-13.10900000	-27.77436000
28.79999846	0.00000000	-34.36884000	-16.90453000
28.99999845	0.00000000	-55.21038000	-5.33341500
29.19999844	0.00000000	-71.16756000	4.23228400
29.39999843	0.00000000	-79.31225000	8.79060000
29.59999841	0.00000000	-78.61097000	6.84055100
29.79999840	0.00000000	-69.35285000	-1.70398600
29.99999839	0.00000000	-54.27534000	-15.18209000
30.19999838	0.00000000	-36.50344000	-30.64714000
30.39999837	0.00000000	-19.89419000	-44.54970000
30.59999835	0.00000000	-8.63065900	-54.21383000
30.79999834	0.00000000	-4.26304100	-57.23425000
30.99999833	0.00000000	-6.91437000	-52.58366000
31.19999832	0.00000000	-15.42815000	-40.96949000
31.39999831	0.00000000	-27.80512000	-24.71087000
31.59999829	0.00000000	-41.71383000	-6.95743000
31.79999828	0.00000000	-53.72170000	8.46456700
31.99999827	0.00000000	-61.53420000	17.71038000
32.19999826	0.00000000	-64.27780000	18.91609000
32.39999825	0.00000000	-61.58341000	11.90330000
32.59999824	0.00000000	-54.23228000	-1.99311000
32.79999822	0.00000000	-43.80536000	-20.10950000
32.99999821	0.00000000	-32.64025000	-37.85679000
33.19999820	0.00000000	-23.70817000	-51.47023000
33.39999819	0.00000000	-18.63312000	-58.81520000
33.59999818	0.00000000	-17.84572000	-58.43996000
33.79999816	0.00000000	-21.70891000	-50.30758000
33.99999815	0.00000000	-29.01082000	-36.41117000
34.19999814	0.00000000	-37.85679000	-19.40822000
34.39999813	0.00000000	-45.95226000	-3.19266700
34.59999812	0.00000000	-51.02116000	8.79060000
34.79999810	0.00000000	-52.60211000	14.17938000
34.99999809	0.00000000	-50.69513000	11.52805000
35.19999808	0.00000000	-45.71850000	1.91314000
35.39999807	0.00000000	-39.57308000	-11.97711000
35.59999806	0.00000000	-33.75369000	-27.39911000
35.79999805	0.00000000	-29.52141000	-40.50812000
35.99999803	0.00000000	-27.98351000	-48.26525000
36.19999802	0.00000000	-29.52141000	-49.47096000
36.39999801	0.00000000	-33.71063000	-44.08218000
36.59999800	0.00000000	-39.06250000	-33.72293000
36.79999799	0.00000000	-43.71924000	-20.98917000
36.99999797	0.00000000	-46.78888000	-9.09202700
37.19999796	0.00000000	-47.57627000	-1.05807100
37.39999795	0.00000000	-45.67544000	0.52288380
37.59999794	0.00000000	-42.22441000	-4.35531500
37.79999793	0.00000000	-37.89985000	-13.13976000
37.99999791	0.00000000	-33.33538000	-23.17298000
38.19999790	0.00000000	-29.85359000	-32.00664000
38.39999789	0.00000000	-28.72785000	-37.39542000
38.59999788	0.00000000	-29.80438000	-37.72145000
38.79999787	0.00000000	-32.91707000	-32.74483000
38.99999786	0.00000000	-36.78642000	-23.59129000
39.19999784	0.00000000	-41.06791000	-13.69340000
39.39999783	0.00000000	-44.92495000	-6.39763700
39.59999782	0.00000000	-47.25640000	-3.70324800
39.79999781	0.00000000	-48.04380000	-6.39763700
39.99999780	0.00000000	-46.83809000	-13.65034000
40.19999778	0.00000000	-43.80536000	-23.26525000
40.39999777	0.00000000	-39.90526000	-32.46801000
40.59999776	0.00000000	-36.03592000	-38.97022000
40.79999775	0.00000000	-32.50492000	-40.45890000
40.99999774	0.00000000	-30.21653000	-36.27584000
41.19999772	0.00000000	-29.38607000	-27.86663000
41.39999771	0.00000000	-30.21653000	-17.87647000
41.59999770	0.00000000	-32.50492000	-8.99975300
41.79999769	0.00000000	-36.03592000	-3.23572800
41.99999768	0.00000000	-39.86220000	-2.07923200
42.19999767	0.00000000	-43.38705000	-5.88705700
42.39999765	0.00000000	-45.67544000	-13.13976000
42.59999764	0.00000000	-46.50590000	-21.64124000
42.79999763	0.00000000	-45.71850000	-29.35531000
42.99999762	0.00000000	-43.80536000	-34.74409000
43.19999761	0.00000000	-41.11097000	-36.27584000
43.39999759	0.00000000	-38.41658000	-33.67372000
43.59999758	0.00000000	-36.46038000	-28.28494000
43.79999757	0.00000000	-35.25467000	-21.77658000
43.99999756	0.00000000	-34.83022000	-15.60039000
44.19999755	0.00000000	-34.78716000	-11.69414000
44.39999753	0.00000000	-34.78716000	-10.11319000
44.59999752	0.00000000	-34.78716000	-10.86368000
44.79999751	0.00000000	-34.83022000	-13.92717000
44.99999750	0.00000000	-35.20546000	-17.74114000
45.19999749	0.00000000	-35.99286000	-21.64124000
45.39999748	0.00000000	-36.83563000	-24.71087000
45.59999746	0.00000000	-38.45964000	-26.28568000
45.79999745	0.00000000	-41.15403000	-26.32874000
45.99999744	0.00000000	-44.27288000	-25.17224000
46.19999743	0.00000000	-47.29946000	-23.26525000
46.39999742	0.00000000	-49.15723000	-20.94611000
46.59999740	0.00000000	-48.36983000	-18.98991000
46.79999739	0.00000000	-45.30019000	-17.45817000
46.99999738	0.00000000	-40.60039000	-16.71383000
47.19999737	0.00000000	-34.73794000	-17.45817000
47.39999736	0.00000000	-28.59252000	-18.94685000
47.59999734	0.00000000	-23.66511000	-20.57087000
47.79999733	0.00000000	-22.17027000	-22.52091000
47.99999732	0.00000000	-24.87082000	-24.79700000
48.19999731	0.00000000	-31.05930000	-26.32874000
48.39999730	0.00000000	-39.57308000	-26.70398000
48.59999729	0.00000000	-48.41904000	-25.91043000
48.79999727	0.00000000	-55.34571000	-23.59129000
48.99999726	0.00000000	-58.46457000	-20.57087000
49.19999725	0.00000000	-57.30192000	-17.83341000
49.39999724	0.00000000	-52.22687000	-15.87721000
49.59999723	0.00000000	-43.71924000	-14.76378000
49.79999721	0.00000000	-33.75369000	-15.18209000
49.99999720	0.00000000	-25.28912000	-17.50123000
50.19999719	0.00000000	-20.63238000	-20.94611000
50.39999718	0.00000000	-20.58932000	-24.84621000
50.59999717	0.00000000	-24.87082000	-28.28494000
50.79999715	0.00000000	-32.59719000	-30.60408000
50.99999714	0.00000000	-42.18134000	-30.93627000
51.19999713	0.00000000	-50.64591000	-29.02928000
51.39999712	0.00000000	-55.67790000	-25.17224000
51.59999711	0.00000000	-56.46530000	-20.57087000
51.79999710	0.00000000	-52.60211000	-16.29552000
51.99999708	0.00000000	-45.38631000	-13.22589000
52.19999707	0.00000000	-37.29700000	-12.06939000
52.39999706	0.00000000	-30.68405000	-13.22589000
52.59999705	0.00000000	-26.45177000	-16.29552000
52.79999704	0.00000000	-25.75049000	-20.52780000
52.99999702	0.00000000	-29.52141000	-24.75394000
53.19999701	0.00000000	-35.99286000	-27.82357000
53.39999700	0.00000000	-42.55659000	-29.02928000
53.59999699	0.00000000	-47.99458000	-28.28494000
53.79999698	0.00000000	-51.02116000	-26.32874000
53.99999696	0.00000000	-50.64591000	-23.26525000
54.19999695	0.00000000	-46.83809000	-19.82652000
54.39999694	0.00000000	-41.11097000	-17.54429000
54.59999693	0.00000000	-35.34079000	-16.71383000
54.79999692	0.00000000	-31.10236000	-17.45817000
54.99999691	0.00000000	-29.52141000	-18.98991000
55.19999689	0.00000000	-30.68405000	-20.94611000
55.39999688	0.00000000	-34.12894000	-23.12992000
55.59999687	0.00000000	-39.11171000	-23.86811000
55.79999686	0.00000000	-43.71924000	-22.43479000
55.99999685	0.00000000	-46.83809000	-20.57087000
56.19999683	0.00000000	-47.99458000	-18.98991000
56.39999682	0.00000000	-46.83809000	-17.87647000
56.59999681	0.00000000	-43.76230000	-17.87647000
56.79999680	0.00000000	-39.53002000	-19.08218000
56.99999679	0.00000000	-35.34079000	-21.40748000
57.19999677	0.00000000	-32.64025000	-24.84621000
57.39999676	0.00000000	-32.22195000	-27.82357000
57.59999675	0.00000000	-33.71063000	-28.98007000
57.79999674	0.00000000	-36.36811000	-27.78051000
57.99999673	0.00000000	-39.11171000	-24.33563000
58.19999672	0.00000000	-41.44316000	-19.32210000
58.39999670	0.00000000	-43.38705000	-14.34547000
58.59999669	0.00000000	-44.09449000	-10.48843000
58.79999668	0.00000000	-43.38705000	-8.99975300
58.99999667	0.00000000	-41.44316000	-10.53765000
59.19999666	0.00000000	-39.19783000	-14.80684000
59.39999664	0.00000000	-37.25394000	-20.98917000
59.59999663	0.00000000	-36.46038000	-27.90969000
59.79999662	0.00000000	-36.41117000	-33.63066000
59.99999661	0.00000000	-36.83563000	-36.31890000
60.19999660	0.00000000	-37.99213000	-35.16240000
60.39999658	0.00000000	-39.48696000	-30.56102000
60.59999657	0.00000000	-40.64345000	-23.59129000
60.79999656	0.00000000	-41.06791000	-15.92027000
60.99999655	0.00000000	-41.01870000	-9.37500000
61.19999654	0.00000000	-40.22515000	-5.93626900
61.39999653	0.00000000	-38.41658000	-6.26230300
61.59999651	0.00000000	-37.29700000	-10.16240000
61.79999650	0.00000000	-37.61687000	-16.71383000
61.99999649	0.00000000	-38.36737000	-24.79700000
62.19999648	0.00000000	-39.57308000	-32.09276000
62.39999647	0.00000000	-41.11097000	-36.74335000
62.59999645	0.00000000	-42.64886000	-37.89985000
62.79999644	0.00000000	-43.76230000	-35.20546000
62.99999643	0.00000000	-43.76230000	-29.39837000
63.19999642	0.00000000	-42.59965000	-21.72736000
63.39999641	0.00000000	-40.69267000	-14.01944000
63.59999639	0.00000000	-38.36737000	-8.62450800
63.79999638	0.00000000	-36.46038000	-6.26230300
63.99999637	0.00000000	-35.29773000	-7.41879900
64.19999636	0.00000000	-35.29773000	-11.64493000
64.39999635	0.00000000	-36.46038000	-17.83341000
64.59999634	0.00000000	-38.36737000	-24.75394000
64.79999632	0.00000000	-40.69267000	-30.56102000
64.99999631	0.00000000	-42.59965000	-34.09203000
65.19999630	0.00000000	-43.80536000	-35.25467000
65.39999629	0.00000000	-44.13755000	-33.71678000
65.59999628	0.00000000	-43.38705000	-29.90895000
65.79999626	0.00000000	-41.48622000	-25.26452000
65.99999625	0.00000000	-39.57308000	-20.57087000
66.19999624	0.00000000	-38.04134000	-16.33858000
66.39999623	0.00000000	-37.29700000	-13.60113000
66.59999622	0.00000000	-38.04134000	-12.76452000
66.79999620	0.00000000	-39.53002000	-13.13976000
66.99999619	0.00000000	-41.11097000	-14.72072000
67.19999618	0.00000000	-42.59965000	-17.41511000
67.39999617	0.00000000	-43.34399000	-20.52780000
67.59999616	0.00000000	-42.55659000	-23.68356000
67.79999615	0.00000000	-40.69267000	-26.79626000
67.99999613	0.00000000	-38.36737000	-29.49065000
68.19999612	0.00000000	-36.46038000	-31.02239000
68.39999611	0.00000000	-35.29773000	-31.06545000
68.59999610	0.00000000	-35.34079000	-29.86589000
68.79999609	0.00000000	-36.92175000	-27.49138000
68.99999607	0.00000000	-39.99754000	-23.64050000
69.19999606	0.00000000	-43.80536000	-19.32210000
69.39999605	0.00000000	-46.92421000	-15.08366000
69.59999604	0.00000000	-48.83735000	-11.33120000
69.79999603	0.00000000	-49.15723000	-10.53765000
69.99999601	0.00000000	-46.78888000	-12.30315000
70.19999600	0.00000000	-42.27362000	-14.72072000
70.39999599	0.00000000	-37.20472000	-18.33784000
70.59999598	0.00000000	-32.96014000	-23.68356000
70.79999597	0.00000000	-29.85359000	-28.98007000
70.99999596	0.00000000	-29.14616000	-32.09276000
71.19999594	0.00000000	-31.05930000	-32.56028000
71.39999593	0.00000000	-35.29773000	-30.97933000
71.59999592	0.00000000	-40.69267000	-27.49138000
71.79999591	0.00000000	-45.76156000	-22.52091000
71.99999590	0.00000000	-50.00000000	-17.91953000
72.19999588	0.00000000	-52.27608000	-14.76378000
72.39999587	0.00000000	-51.53174000	-13.18282000
72.59999586	0.00000000	-48.46210000	-13.22589000
72.79999585	0.00000000	-43.76230000	-15.13902000
72.99999584	0.00000000	-37.99213000	-18.57160000
73.19999582	0.00000000	-32.64025000	-21.96727000
73.39999581	0.00000000	-29.52141000	-24.33563000
73.59999580	0.00000000	-29.10310000	-25.12918000
73.79999579	0.00000000	-31.01624000	-24.79700000
73.99999578	0.00000000	-34.83022000	-23.64050000
74.19999577	0.00000000	-39.11171000	-22.15182000
74.39999575	0.00000000	-43.02411000	-21.03838000
74.59999574	0.00000000	-46.46284000	-21.03838000
74.79999573	0.00000000	-47.99458000	-22.15182000
74.99999572	0.00000000	-47.29946000	-23.64050000
75.19999571	0.00000000	-45.38631000	-24.75394000
75.39999569	0.00000000	-42.64886000	-24.79700000
75.59999568	0.00000000	-39.62229000	-24.01575000
75.79999567	0.00000000	-37.29700000	-22.75467000
75.99999566	0.00000000	-36.46038000	-20.06029000
76.19999565	0.00000000	-36.41117000	-16.67077000
76.39999563	0.00000000	-36.83563000	-14.38853000
76.59999562	0.00000000	-37.99213000	-13.60113000
76.79999561	0.00000000	-39.48696000	-14.80684000
76.99999560	0.00000000	-40.64345000	-17.91953000
77.19999559	0.00000000	-41.06791000	-22.57013000
77.39999558	0.00000000	-41.11097000	-27.90969000
77.59999556	0.00000000	-41.11097000	-32.09276000
77.79999555	0.00000000	-41.11097000	-33.67372000
77.99999554	0.00000000	-41.15403000	-32.56028000
78.19999553	0.00000000	-41.57849000	-29.44759000
78.39999552	0.00000000	-42.69193000	-24.75394000
78.59999550	0.00000000	-43.76230000	-18.98991000
78.79999549	0.00000000	-43.76230000	-13.60113000
78.99999548	0.00000000	-42.64886000	-10.16240000
79.19999547	0.00000000	-41.06791000	-9.37500000
79.39999546	0.00000000	-39.11171000	-11.69414000
79.59999544	0.00000000	-36.83563000	-16.25246000
79.79999543	0.00000000	-35.34079000	-21.68430000
79.99999542	0.00000000	-35.29773000	-26.70398000
80.19999541	0.00000000	-36.46038000	-30.60408000
80.39999540	0.00000000	-38.41658000	-32.56028000
80.59999539	0.00000000	-41.15403000	-32.60334000
80.79999537	0.00000000	-44.18061000	-31.02239000
80.99999536	0.00000000	-46.50590000	-27.90969000
81.19999535	0.00000000	-47.25640000	-23.68356000
81.39999534	0.00000000	-46.50590000	-19.40822000
81.59999533	0.00000000	-44.22982000	-15.92027000
81.79999531	0.00000000	-41.52928000	-13.60113000
81.99999530	0.00000000	-39.15477000	-13.18282000
82.19999529	0.00000000	-36.87869000	-14.29626000
82.39999528	0.00000000	-35.75910000	-16.25246000
82.59999527	0.00000000	-36.46038000	-18.98991000
82.79999525	0.00000000	-37.94907000	-22.10261000
82.99999524	0.00000000	-39.53002000	-25.21530000
83.19999523	0.00000000	-41.11097000	-27.95891000
83.39999522	0.00000000	-42.64886000	-29.90895000
83.59999521	0.00000000	-43.80536000	-31.02239000
83.79999520	0.00000000	-44.18061000	-30.56102000
83.99999518	0.00000000	-43.80536000	-27.90969000
84.19999517	0.00000000	-42.69193000	-24.05881000
84.39999516	0.00000000	-41.57849000	-20.15256000
84.59999515	0.00000000	-41.15403000	-16.25246000
84.79999514	0.00000000	-41.11097000	-13.22589000
84.99999512	0.00000000	-41.11097000	-12.06939000
85.19999511	0.00000000	-41.06791000	-13.18282000
85.39999510	0.00000000	-40.69267000	-15.92027000
85.59999509	0.00000000	-39.94832000	-19.82652000
85.79999508	0.00000000	-39.57308000	-24.79700000
85.99999506	0.00000000	-39.53002000	-29.02928000
86.19999505	0.00000000	-39.57308000	-31.39763000
86.39999504	0.00000000	-39.99754000	-32.18504000
86.59999503	0.00000000	-41.15403000	-30.93627000
86.79999502	0.00000000	-42.64886000	-27.49138000
86.99999501	0.00000000	-43.80536000	-22.47785000
87.19999499	0.00000000	-44.22982000	-17.50123000
87.39999498	0.00000000	-44.22982000	-13.60113000
87.59999497	0.00000000	-43.80536000	-11.69414000
87.79999496	0.00000000	-42.59965000	-12.06939000
87.99999495	0.00000000	-40.73573000	-14.80684000
88.19999493	0.00000000	-38.78568000	-19.41437000
88.39999492	0.00000000	-37.66609000	-24.75394000
88.59999491	0.00000000	-37.25394000	-28.98007000
88.79999490	0.00000000	-38.04134000	-30.93627000
88.99999489	0.00000000	-39.53002000	-30.56102000
89.19999487	0.00000000	-41.11097000	-27.86663000
89.39999486	0.00000000	-42.64886000	-23.64050000
89.59999485	0.00000000	-43.80536000	-18.98991000
89.79999484	0.00000000	-44.18061000	-14.76378000
89.99999483	0.00000000	-43.80536000	-12.11245000
90.19999482	0.00000000	-42.64886000	-12.11245000
90.39999480	0.00000000	-41.15403000	-14.80684000
90.59999479	0.00000000	-39.99754000	-19.41437000
90.79999478	0.00000000	-39.57308000	-24.75394000
90.99999477	0.00000000	-39.53002000	-28.98007000
91.19999476	0.00000000	-39.53002000	-30.93627000
91.39999474	0.00000000	-39.57308000	-30.56102000
91.59999473	0.00000000	-39.94832000	-27.82357000
91.79999472	0.00000000	-40.69267000	-23.26525000
91.99999471	0.00000000	-41.06791000	-18.25172000
92.19999470	0.00000000	-41.11097000	-14.43159000
92.39999468	0.00000000	-41.11097000	-12.53076000
92.59999467	0.00000000	-41.15403000	-13.64419000
92.79999466	0.00000000	-41.52928000	-17.08292000
92.99999465	0.00000000	-42.31668000	-21.32136000
93.19999464	0.00000000	-43.06717000	-25.95964000
93.39999463	0.00000000	-43.85457000	-29.35531000
93.59999461	0.00000000	-44.18061000	-30.56102000
93.79999460	0.00000000	-43.80536000	-29.39837000
93.99999459	0.00000000	-42.64886000	-26.32874000
94.19999458	0.00000000	-41.11097000	-22.10261000
94.39999457	0.00000000	-39.53002000	-17.91953000
94.59999455	0.00000000	-37.99213000	-15.22515000
94.79999454	0.00000000	-36.87869000	-14.84990000
94.99999453	0.00000000	-36.87869000	-16.71383000
95.19999452	0.00000000	-38.04134000	-20.19562000
95.39999451	0.00000000	-39.99754000	-24.01575000
95.59999449	0.00000000	-42.73499000	-27.49138000
95.79999448	0.00000000	-45.76156000	-29.40452000
95.99999447	0.00000000	-48.08686000	-29.44759000
96.19999446	0.00000000	-48.88041000	-27.86663000
96.39999445	0.00000000	-48.46210000	-24.79700000
96.59999444	0.00000000	-46.50590000	-20.98917000
96.79999442	0.00000000	-43.02411000	-17.96260000
96.99999441	0.00000000	-39.19783000	-16.75689000
97.19999440	0.00000000	-35.71604000	-17.50123000
97.39999439	0.00000000	-33.80290000	-19.36516000
97.59999438	0.00000000	-33.75369000	-21.68430000
97.79999436	0.00000000	-35.29773000	-23.64050000
97.99999435	0.00000000	-38.04134000	-25.17224000
98.19999434	0.00000000	-41.52928000	-26.00270000
98.39999433	0.00000000	-45.38631000	-25.96580000
98.59999432	0.00000000	-48.46210000	-25.58440000
98.79999430	0.00000000	-50.04306000	-24.00960000
98.99999429	0.00000000	-50.04306000	-22.19488000
99.19999428	0.00000000	-48.46210000	-21.03838000
99.39999427	0.00000000	-45.38631000	-20.98917000
99.59999426	0.00000000	-41.52928000	-21.68430000
99.79999425	0.00000000	-38.04134000	-22.01033000
99.99999423	0.00000000	-35.29773000	-21.68430000
100.19999422	0.00000000	-33.80290000	-20.94611000
100.39999421	0.00000000	-34.17815000	-20.57087000
100.59999420	0.00000000	-36.45423000	-20.52780000
100.79999419	0.00000000	-39.53002000	-20.57087000
100.99999417	0.00000000	-42.64886000	-20.98917000
101.19999416	0.00000000	-45.38631000	-22.15182000
101.39999415	0.00000000	-47.29946000	-23.68356000
101.59999414	0.00000000	-48.12992000	-25.21530000
101.79999413	0.00000000	-47.67470000	-26.32874000
101.99999411	0.00000000	-46.22293000	-26.32874000
102.19999410	0.00000000	-43.86073000	-25.17224000
102.39999409	0.00000000	-41.94144000	-23.22219000
102.59999408	0.00000000	-39.90526000	-20.52780000
102.79999407	0.00000000	-38.04134000	-17.83341000
102.99999406	0.00000000	-36.87869000	-15.92027000
103.19999404	0.00000000	-36.87869000	-15.18209000
103.39999403	0.00000000	-38.04134000	-16.33858000
103.59999402	0.00000000	-39.94832000	-18.98991000
103.79999401	0.00000000	-42.27362000	-22.10261000
103.99999400	0.00000000	-44.18061000	-25.17224000
104.19999398	0.00000000	-45.38631000	-27.49138000
104.39999397	0.00000000	-45.76156000	-28.28494000
104.59999396	0.00000000	-45.38631000	-27.90969000
104.79999395	0.00000000	-44.22982000	-26.28568000
104.99999394	0.00000000	-42.69193000	-23.26525000
105.19999392	0.00000000	-41.15403000	-19.82652000
105.39999391	0.00000000	-39.99754000	-17.54429000
105.59999390	0.00000000	-39.57308000	-16.71383000
105.79999389	0.00000000	-39.57308000	-17.50123000
105.99999388	0.00000000	-39.99754000	-19.36516000
106.19999387	0.00000000	-41.15403000	-21.68430000
106.39999385	0.00000000	-42.64886000	-23.64050000
106.59999384	0.00000000	-43.80536000	-25.17224000
106.79999383	0.00000000	-44.18061000	-25.91043000
106.99999382	0.00000000	-43.85457000	-25.17224000
107.19999381	0.00000000	-43.06717000	-23.68356000
107.39999379	0.00000000	-42.31668000	-22.10261000
107.59999378	0.00000000	-41.48622000	-20.57087000
107.79999377	0.00000000	-40.77879000	-19.45743000
107.99999376	0.00000000	-40.41584000	-19.45743000
108.19999375	0.00000000	-41.20325000	-20.57087000
108.39999374	0.00000000	-42.64886000	-22.10261000
108.59999372	0.00000000	-43.80536000	-23.64050000
108.79999371	0.00000000	-44.22982000	-24.79700000
108.99999370	0.00000000	-44.22982000	-25.17224000
109.19999369	0.00000000	-43.85457000	-24.79700000
109.39999368	0.00000000	-43.06717000	-23.64050000
109.59999366	0.00000000	-42.27362000	-22.10261000
109.79999365	0.00000000	-41.11097000	-20.57087000
109.99999364	0.00000000	-39.99754000	-19.41437000
110.19999363	0.00000000	-39.62229000	-19.03912000
110.39999362	0.00000000	-39.99754000	-19.41437000
110.59999360	0.00000000	-41.11097000	-20.57087000
110.79999359	0.00000000	-42.27362000	-22.10261000
110.99999358	0.00000000	-43.06717000	-23.64050000
111.19999357	0.00000000	-43.85457000	-24.79700000
111.39999356	0.00000000	-44.22982000	-25.22145000
111.59999355	0.00000000	-44.22982000	-25.22145000
111.79999353	0.00000000	-43.85457000	-24.79700000
111.99999352	0.00000000	-43.06717000	-23.68356000
112.19999351	0.00000000	-42.31668000	-22.52091000
112.39999350	0.00000000	-41.52928000	-21.72736000
112.59999349	0.00000000	-41.15403000	-20.94611000
112.79999347	0.00000000	-41.15403000	-20.62008000
112.99999346	0.00000000	-41.52928000	-20.94611000
113.19999345	0.00000000	-42.27362000	-21.68430000
113.39999344	0.00000000	-42.69193000	-22.10261000
113.59999343	0.00000000	-43.06717000	-22.52091000
113.79999341	0.00000000	-43.43627000	-23.26525000
113.99999340	0.00000000	-43.06717000	-23.64050000
114.19999339	0.00000000	-42.73499000	-23.68356000
114.39999338	0.00000000	-42.69193000	-23.68356000
114.59999337	0.00000000	-42.69193000	-23.68356000
114.79999336	0.00000000	-42.69193000	-23.68356000
114.99999334	0.00000000	-42.69193000	-23.68356000
115.19999333	0.00000000	-42.69193000	-23.68356000
115.39999332	0.00000000	-42.69193000	-23.68356000
115.59999331	0.00000000	-42.69193000	-23.64050000
115.79999330	0.00000000	-42.69193000	-23.21604000
115.99999328	0.00000000	-42.69193000	-22.10261000
116.19999327	0.00000000	-42.73499000	-20.98917000
116.39999326	0.00000000	-43.11023000	-20.57087000
116.59999325	0.00000000	-43.85457000	-20.52780000
116.79999324	0.00000000	-44.18061000	-20.57087000
116.99999322	0.00000000	-43.85457000	-20.94611000
117.19999321	0.00000000	-43.11023000	-21.72736000
117.39999320	0.00000000	-42.69193000	-22.47785000
117.59999319	0.00000000	-42.27362000	-23.26525000
117.79999318	0.00000000	-41.52928000	-23.64050000
117.99999317	0.00000000	-41.15403000	-23.68356000
118.19999315	0.00000000	-41.11097000	-23.68356000
118.39999314	0.00000000	-41.15403000	-23.64050000
118.59999313	0.00000000	-41.57849000	-23.21604000
118.79999312	0.00000000	-42.73499000	-22.10261000
118.99999311	0.00000000	-44.22982000	-20.98917000
119.19999309	0.00000000	-45.38631000	-20.57087000
119.39999308	0.00000000	-45.76156000	-20.52780000
119.59999307	0.00000000	-45.38631000	-20.52780000
119.79999306	0.00000000	-44.22982000	-20.52780000
119.99999305	0.00000000	-42.73499000	-20.57087000
120.19999303	0.00000000	-41.52928000	-20.94611000
120.39999302	0.00000000	-40.73573000	-21.68430000
120.59999301	0.00000000	-39.94832000	-22.10261000
120.79999300	0.00000000	-39.62229000	-22.52091000
120.99999299	0.00000000	-39.94832000	-23.26525000
121.19999298	0.00000000	-40.73573000	-23.64050000
121.39999296	0.00000000	-41.52928000	-23.68356000
121.59999295	0.00000000	-42.73499000	-23.64050000
121.79999294	0.00000000	-44.22982000	-23.26525000
121.99999293	0.00000000	-45.38631000	-22.52091000
122.19999292	0.00000000	-45.76156000	-22.10261000
122.39999290	0.00000000	-45.43553000	-21.68430000
122.59999289	0.00000000	-44.64813000	-20.94611000
122.79999288	0.00000000	-43.85457000	-20.57087000
122.99999287	0.00000000	-42.69193000	-20.52780000
123.19999286	0.00000000	-41.57849000	-20.57087000
123.39999284	0.00000000	-41.15403000	-20.94611000
123.59999283	0.00000000	-41.11097000	-21.72736000
123.79999282	0.00000000	-41.15403000	-22.47785000
123.99999281	0.00000000	-41.52928000	-23.26525000
124.19999280	0.00000000	-42.31668000	-23.64050000
124.39999279	0.00000000	-43.06717000	-23.68356000
124.59999277	0.00000000	-43.85457000	-23.68356000
124.79999276	0.00000000	-44.27288000	-23.68356000
124.99999275	0.00000000	-44.69119000	-23.64050000
125.19999274	0.00000000	-45.38631000	-23.26525000
125.39999273	0.00000000	-45.38631000	-22.52091000
125.59999271	0.00000000	-44.64813000	-22.14567000
125.79999270	0.00000000	-43.89763000	-22.10261000
125.99999269	0.00000000	-43.06717000	-22.10261000
126.19999268	0.00000000	-42.31668000	-22.10261000
126.39999267	0.00000000	-41.52928000	-22.14567000
126.59999265	0.00000000	-41.15403000	-22.52091000
126.79999264	0.00000000	-41.15403000	-23.26525000
126.99999263	0.00000000	-41.57849000	-23.64050000
127.19999262	0.00000000	-42.73499000	-23.72662000
127.39999261	0.00000000	-44.22982000	-24.05881000
127.59999260	0.00000000	-45.38631000	-24.42790000
127.79999258	0.00000000	-45.81078000	-24.05881000
127.99999257	0.00000000	-45.81078000	-23.72662000
128.19999256	0.00000000	-45.43553000	-23.64050000
128.39999255	0.00000000	-44.64813000	-23.26525000
128.59999254	0.00000000	-43.85457000	-22.52091000
128.79999252	0.00000000	-42.69193000	-22.14567000
128.99999251	0.00000000	-41.57849000	-22.14567000
129.19999250	0.00000000	-41.20325000	-22.52091000
129.39999249	0.00000000	-41.52928000	-23.26525000
129.59999248	0.00000000	-42.31668000	-23.64050000
129.79999246	0.00000000	-43.11023000	-23.68356000
129.99999245	0.00000000	-44.27288000	-23.68356000
130.19999244	0.00000000	-45.38631000	-23.68356000
130.39999243	0.00000000	-45.76156000	-23.64050000
130.59999242	0.00000000	-45.43553000	-23.26525000
130.79999241	0.00000000	-44.64813000	-22.52091000
130.99999239	0.00000000	-43.89763000	-22.14567000
131.19999238	0.00000000	-43.11023000	-22.10261000
131.39999237	0.00000000	-42.69193000	-22.10261000
131.59999236	0.00000000	-42.31668000	-22.14567000
131.79999235	0.00000000	-41.94759000	-22.52091000
131.99999233	0.00000000	-42.35974000	-23.26525000
132.19999232	0.00000000	-43.06717000	-23.64050000
132.39999231	0.00000000	-43.85457000	-23.68356000
132.59999230	0.00000000	-44.22982000	-23.64050000
132.79999229	0.00000000	-44.27288000	-23.26525000
132.99999227	0.00000000	-44.27288000	-22.47785000
133.19999226	0.00000000	-44.27288000	-21.72736000
133.39999225	0.00000000	-44.27288000	-20.94611000
133.59999224	0.00000000	-44.22982000	-20.57087000
133.79999223	0.00000000	-43.89763000	-20.57087000
133.99999222	0.00000000	-43.48548000	-20.94611000
134.19999220	0.00000000	-43.52239000	-21.72736000
134.39999219	0.00000000	-43.48548000	-22.47785000
134.59999218	0.00000000	-43.85457000	-23.30832000
134.79999217	0.00000000	-43.80536000	-24.01575000
134.99999216	0.00000000	-43.11023000	-24.42790000
135.19999214	0.00000000	-42.73499000	-24.05881000
135.39999213	0.00000000	-42.69193000	-23.68356000
135.59999212	0.00000000	-42.69193000	-23.26525000
135.79999211	0.00000000	-42.73499000	-22.52091000
135.99999210	0.00000000	-43.11023000	-22.10261000
136.19999208	0.00000000	-43.85457000	-21.68430000
136.39999207	0.00000000	-44.22982000	-20.94611000
136.59999206	0.00000000	-44.27288000	-20.62008000
136.79999205	0.00000000	-44.27288000	-20.94611000
136.99999204	0.00000000	-44.27288000	-21.72736000
137.19999203	0.00000000	-44.22982000	-22.47785000
137.39999201	0.00000000	-43.85457000	-23.26525000
137.59999200	0.00000000	-43.11023000	-23.64050000
137.79999199	0.00000000	-42.73499000	-23.68356000
137.99999198	0.00000000	-42.69193000	-23.72662000
138.19999197	0.00000000	-42.73499000	-24.05881000
138.39999195	0.00000000	-43.11023000	-24.42790000
138.59999194	0.00000000	-43.85457000	-24.05881000
138.79999193	0.00000000	-44.27288000	-23.68356000
138.99999192	0.00000000	-44.69119000	-23.26525000
139.19999191	0.00000000	-45.38631000	-22.52091000
139.39999189	0.00000000	-45.38631000	-22.14567000
139.59999188	0.00000000	-44.64813000	-22.10261000
139.79999187	0.00000000	-43.89763000	-22.10261000
139.99999186	0.00000000	-43.11023000	-22.14567000
140.19999185	0.00000000	-42.73499000	-22.52091000
140.39999184	0.00000000	-42.69193000	-23.26525000
140.59999182	0.00000000	-42.73499000	-23.68356000
140.79999181	0.00000000	-43.11023000	-24.10187000
140.99999180	0.00000000	-43.85457000	-24.84621000
141.19999179	0.00000000	-44.22982000	-25.17224000
141.39999178	0.00000000	-44.27288000	-24.79700000
141.59999176	0.00000000	-44.27288000	-23.68356000
141.79999175	0.00000000	-44.27288000	-22.57013000
141.99999174	0.00000000	-44.27288000	-22.14567000
142.19999173	0.00000000	-44.22982000	-22.10261000
142.39999172	0.00000000	-43.89763000	-22.10261000
142.59999170	0.00000000	-43.52854000	-22.14567000
142.79999169	0.00000000	-43.89763000	-22.52091000
142.99999168	0.00000000	-44.22982000	-23.30832000
143.19999167	0.00000000	-44.31594000	-24.05881000
143.39999166	0.00000000	-44.69119000	-24.84621000
143.59999165	0.00000000	-45.38631000	-25.22145000
143.79999163	0.00000000	-45.38631000	-25.26452000
143.99999162	0.00000000	-44.69119000	-25.22145000
144.19999161	0.00000000	-44.31594000	-24.79700000
144.39999160	0.00000000	-44.27288000	-23.68356000
144.59999159	0.00000000	-44.27288000	-22.57013000
144.79999157	0.00000000	-44.22982000	-22.14567000
144.99999156	0.00000000	-43.89763000	-22.10261000
145.19999155	0.00000000	-43.52854000	-22.10261000
145.39999154	0.00000000	-43.89763000	-22.10261000
145.59999153	0.00000000	-44.27288000	-22.14567000
145.79999151	0.00000000	-44.69119000	-22.52091000
145.99999150	0.00000000	-45.38631000	-23.26525000
146.19999149	0.00000000	-45.38631000	-23.64050000
146.39999148	0.00000000	-44.69119000	-23.68356000
146.59999147	0.00000000	-44.31594000	-23.68356000
146.79999146	0.00000000	-44.27288000	-23.68356000
146.99999144	0.00000000	-44.27288000	-23.64050000
147.19999143	0.00000000	-44.22982000	-23.26525000
147.39999142	0.00000000	-43.89763000	-22.52091000
147.59999141	0.00000000	-43.52854000	-22.14567000
147.79999140	0.00000000	-43.89763000	-22.10261000
147.99999138	0.00000000	-44.22982000	-22.10261000
148.19999137	0.00000000	-44.31594000	-22.10261000
148.39999136	0.00000000	-44.64813000	-22.10261000
148.59999135	0.00000000	-45.01722000	-22.14567000
148.79999134	0.00000000	-44.64813000	-22.52091000
148.99999132	0.00000000	-44.31594000	-23.26525000
149.19999131	0.00000000	-44.27288000	-23.64050000
149.39999130	0.00000000	-44.22982000	-23.68356000
149.59999129	0.00000000	-43.85457000	-23.64050000
149.79999128	0.00000000	-43.15945000	-23.26525000
149.99999127	0.00000000	-43.15945000	-22.52091000
150.19999125	0.00000000	-43.85457000	-22.14567000
150.39999124	0.00000000	-44.22982000	-22.10261000
150.59999123	0.00000000	-44.27288000	-22.10261000
150.79999122	0.00000000	-44.27288000	-22.10261000
150.99999121	0.00000000	-44.27288000	-22.10261000
151.19999119	0.00000000	-44.27288000	-22.10261000
151.39999118	0.00000000	-44.27288000	-22.10261000
151.59999117	0.00000000	-44.27288000	-22.14567000
151.79999116	0.00000000	-44.27288000	-22.52091000
151.99999115	0.00000000	-44.27288000	-23.26525000
152.19999113	0.00000000	-44.27288000	-23.64050000
152.39999112	0.00000000	-44.27288000	-23.68356000
152.59999111	0.00000000	-44.22982000	-23.64050000
152.79999110	0.00000000	-43.89763000	-23.30832000
152.99999109	0.00000000	-43.52854000	-22.93922000
153.19999108	0.00000000	-43.89763000	-23.26525000
153.39999106	0.00000000	-44.22982000	-23.21604000
153.59999105	0.00000000	-44.27288000	-22.52091000
153.79999104	0.00000000	-44.31594000	-22.14567000
153.99999103	0.00000000	-44.69119000	-22.10261000
154.19999102	0.00000000	-45.43553000	-22.14567000
154.39999100	0.00000000	-45.81078000	-22.52091000
154.59999099	0.00000000	-45.85384000	-23.26525000
154.79999098	0.00000000	-45.81078000	-23.64050000
154.99999097	0.00000000	-45.43553000	-23.68356000
155.19999096	0.00000000	-44.69119000	-23.68356000
155.39999094	0.00000000	-44.27288000	-23.68356000
155.59999093	0.00000000	-43.89763000	-23.68356000
155.79999092	0.00000000	-43.52854000	-23.68356000
155.99999091	0.00000000	-43.89763000	-23.68356000
156.19999090	0.00000000	-44.22982000	-23.68356000
156.39999089	0.00000000	-44.31594000	-23.68356000
156.59999087	0.00000000	-44.69119000	-23.68356000
156.79999086	0.00000000	-45.43553000	-23.64050000
156.99999085	0.00000000	-45.85384000	-23.26525000
157.19999084	0.00000000	-46.18602000	-22.52091000
157.39999083	0.00000000	-46.22293000	-22.19488000
157.59999081	0.00000000	-45.48474000	-22.52091000
157.79999080	0.00000000	-45.47859000	-23.26525000
157.99999079	0.00000000	-45.43553000	-23.68356000
158.19999078	0.00000000	-45.06644000	-24.10187000
158.39999077	0.00000000	-45.06028000	-24.79700000
158.59999075	0.00000000	-44.64813000	-24.79700000
158.79999074	0.00000000	-44.31594000	-24.10187000
158.99999073	0.00000000	-44.27288000	-23.72662000
159.19999072	0.00000000	-44.31594000	-23.68356000
159.39999071	0.00000000	-44.69119000	-23.64050000
159.59999070	0.00000000	-45.43553000	-23.26525000
159.79999068	0.00000000	-45.81078000	-22.52091000
159.99999067	0.00000000	-45.85384000	-22.14567000
160.19999066	0.00000000	-45.85384000	-22.14567000
160.39999065	0.00000000	-45.85384000	-22.52091000
160.59999064	0.00000000	-45.85384000	-23.26525000
160.79999062	0.00000000	-45.85384000	-23.68356000
160.99999061	0.00000000	-45.85384000	-24.05881000
161.19999060	0.00000000	-45.85384000	-24.47096000
161.39999059	0.00000000	-45.81078000	-24.43405000
161.59999058	0.00000000	-45.43553000	-24.47096000
161.79999056	0.00000000	-44.69119000	-24.05881000
161.99999055	0.00000000	-44.31594000	-23.72662000
162.19999054	0.00000000	-44.27288000	-23.64050000
162.39999053	0.00000000	-44.27288000	-23.26525000
162.59999052	0.00000000	-44.27288000	-22.52091000
162.79999051	0.00000000	-44.31594000	-22.14567000
162.99999049	0.00000000	-44.69119000	-22.10261000
163.19999048	0.00000000	-45.43553000	-22.10261000
163.39999047	0.00000000	-45.81078000	-22.14567000
163.59999046	0.00000000	-45.85384000	-22.52091000
163.79999045	0.00000000	-45.85384000	-23.26525000
163.99999043	0.00000000	-45.85384000	-23.64050000
164.19999042	0.00000000	-45.85384000	-23.68356000
164.39999041	0.00000000	-45.81078000	-23.68356000
164.59999040	0.00000000	-45.43553000	-23.68356000
164.79999039	0.00000000	-44.69119000	-23.68356000
164.99999037	0.00000000	-44.31594000	-23.68356000
165.19999036	0.00000000	-44.31594000	-23.68356000
165.39999035	0.00000000	-44.64813000	-23.64050000
165.59999034	0.00000000	-45.06028000	-23.30832000
165.79999033	0.00000000	-45.06644000	-22.89616000
165.99999032	0.00000000	-45.43553000	-22.89001000
166.19999030	0.00000000	-45.47859000	-22.52091000
166.39999029	0.00000000	-45.48474000	-22.57013000
166.59999028	0.00000000	-46.22293000	-23.26525000
166.79999027	0.00000000	-46.18602000	-23.64050000
166.99999026	0.00000000	-45.89690000	-23.68356000
167.19999024	0.00000000	-45.85384000	-23.68356000
167.39999023	0.00000000	-45.81078000	-23.68356000
167.59999022	0.00000000	-45.43553000	-23.68356000
167.79999021	0.00000000	-44.69119000	-23.68356000
167.99999020	0.00000000	-44.31594000	-23.68356000
168.19999018	0.00000000	-44.27288000	-23.68356000
168.39999017	0.00000000	-44.27288000	-23.68356000
168.59999016	0.00000000	-44.31594000	-23.68356000
168.79999015	0.00000000	-44.69119000	-23.68356000
168.99999014	0.00000000	-45.43553000	-23.68356000
169.19999013	0.00000000	-45.81078000	-23.68356000
169.39999011	0.00000000	-45.85384000	-23.68356000
169.59999010	0.00000000	-45.85384000	-23.68356000
169.79999009	0.00000000	-45.85384000	-23.68356000
169.99999008	0.00000000	-45.85384000	-23.68356000
170.19999007	0.00000000	-45.85384000	-23.68356000
170.39999005	0.00000000	-45.85384000	-23.68356000
170.59999004	0.00000000	-45.85384000	-23.68356000
170.79999003	0.00000000	-45.85384000	-23.68356000
170.99999002	0.00000000	-45.85384000	-23.68356000
171.19999001	0.00000000	-45.85384000	-23.68356000
171.39998999	0.00000000	-45.85384000	-23.68356000
171.59998998	0.00000000	-45.85384000	-23.68356000
171.79998997	0.00000000	-45.85384000	-23.68356000
171.99998996	0.00000000	-45.85384000	-23.68356000
172.19998995	0.00000000	-45.85384000	-23.68356000
172.39998994	0.00000000	-45.85384000	-23.68356000
172.59998992	0.00000000	-45.85384000	-23.68356000
172.79998991	0.00000000	-45.85384000	-23.68356000
172.99998990	0.00000000	-45.85384000	-23.72662000
173.19998989	0.00000000	-45.85384000	-24.05881000
173.39998988	0.00000000	-45.85384000	-24.42790000
173.59998986	0.00000000	-45.85384000	-24.05881000
173.79998985	0.00000000	-45.85384000	-23.72662000
173.99998984	0.00000000	-45.85384000	-23.68356000
174.19998983	0.00000000	-45.85384000	-23.68356000
174.39998982	0.00000000	-45.85384000	-23.68356000
174.59998980	0.00000000	-45.85384000	-23.68356000
174.79998979	0.00000000	-45.85384000	-23.68356000
174.99998978	0.00000000	-45.85384000	-23.68356000
175.19998977	0.00000000	-45.85384000	-23.68356000
175.39998976	0.00000000	-45.85384000	-23.68356000
175.59998975	0.00000000	-45.85384000	-23.68356000
175.79998973	0.00000000	-45.85384000	-23.68356000
175.99998972	0.00000000	-45.85384000	-23.64050000
176.19998971	0.00000000	-45.85384000	-23.30832000
176.39998970	0.00000000	-45.85384000	-22.93922000
176.59998969	0.00000000	-45.85384000	-23.30832000
176.79998967	0.00000000	-45.85384000	-23.64050000
176.99998966	0.00000000	-45.85384000	-23.68356000
177.19998965	0.00000000	-45.85384000	-23.68356000
177.39998964	0.00000000	-45.85384000	-23.68356000
177.59998963	0.00000000	-45.85384000	-23.68356000
177.79998961	0.00000000	-45.85384000	-23.68356000
177.99998960	0.00000000	-45.85384000	-23.68356000
178.19998959	0.00000000	-45.85384000	-23.68356000
178.39998958	0.00000000	-45.85384000	-23.68356000
178.59998957	0.00000000	-45.85384000	-23.64050000
178.79998956	0.00000000	-45.85384000	-23.30832000
178.99998954	0.00000000	-45.85384000	-22.93922000
179.19998953	0.00000000	-45.85384000	-23.30832000
179.39998952	0.00000000	-45.85384000	-23.64050000
179.59998951	0.00000000	-45.81078000	-23.68356000
179.79998950	0.00000000	-45.47859000	-23.68356000
179.99998948	0.00000000	-45.10950000	-23.68356000
180.19998947	0.00000000	-45.47859000	-23.68356000
180.39998946	0.00000000	-45.81078000	-23.68356000
180.59998945	0.00000000	-45.85384000	-23.68356000
180.79998944	0.00000000	-45.85384000	-23.68356000
180.99998942	0.00000000	-45.85384000	-23.64050000
181.19998941	0.00000000	-45.85384000	-23.30832000
181.39998940	0.00000000	-45.85384000	-22.89616000
181.59998939	0.00000000	-45.85384000	-22.89001000
181.79998938	0.00000000	-45.85384000	-22.47785000
181.99998937	0.00000000	-45.85384000	-22.19488000
182.19998935	0.00000000	-45.85384000	-22.47785000
182.39998934	0.00000000	-45.85384000	-22.89001000
182.59998933	0.00000000	-45.85384000	-22.89616000
182.79998932	0.00000000	-45.85384000	-23.30832000
182.99998931	0.00000000	-45.85384000	-23.64050000
183.19998929	0.00000000	-45.85384000	-23.68356000
183.39998928	0.00000000	-45.85384000	-23.68356000
183.59998927	0.00000000	-45.85384000	-23.68356000
183.79998926	0.00000000	-45.85384000	-23.68356000
183.99998925	0.00000000	-45.85384000	-23.68356000
184.19998923	0.00000000	-45.85384000	-23.68356000
184.39998922	0.00000000	-45.85384000	-23.64050000
184.59998921	0.00000000	-45.85384000	-23.30832000
184.79998920	0.00000000	-45.85384000	-22.93922000
184.99998919	0.00000000	-45.85384000	-23.30832000
185.19998918	0.00000000	-45.85384000	-23.64050000
185.39998916	0.00000000	-45.85384000	-23.68356000
185.59998915	0.00000000	-45.85384000	-23.68356000
185.79998914	0.00000000	-45.85384000	-23.72662000
185.99998913	0.00000000	-45.85384000	-24.10187000
186.19998912	0.00000000	-45.85384000	-24.84621000
186.39998910	0.00000000	-45.85384000	-25.22145000
186.59998909	0.00000000	-45.85384000	-25.26452000
186.79998908	0.00000000	-45.85384000	-25.22145000
186.99998907	0.00000000	-45.89690000	-24.84621000
187.19998906	0.00000000	-46.27214000	-24.10187000
187.39998904	0.00000000	-47.01648000	-23.72662000
187.59998903	0.00000000	-47.39173000	-23.68356000
187.79998902	0.00000000	-47.43479000	-23.68356000
187.99998901	0.00000000	-47.39173000	-23.68356000
188.19998900	0.00000000	-47.01648000	-23.68356000
188.39998899	0.00000000	-46.27214000	-23.72662000
188.59998897	0.00000000	-45.89690000	-24.10187000
188.79998896	0.00000000	-45.85384000	-24.84621000
188.99998895	0.00000000	-45.85384000	-25.22145000
189.19998894	0.00000000	-45.85384000	-25.22145000
189.39998893	0.00000000	-45.89690000	-24.88927000
189.59998891	0.00000000	-46.27214000	-24.47712000
189.79998890	0.00000000	-47.01648000	-24.47096000
189.99998889	0.00000000	-47.39173000	-24.05881000
190.19998888	0.00000000	-47.43479000	-23.72662000
190.39998887	0.00000000	-47.43479000	-23.68356000
190.59998885	0.00000000	-47.43479000	-23.68356000
190.79998884	0.00000000	-47.43479000	-23.68356000
190.99998883	0.00000000	-47.43479000	-23.68356000
191.19998882	0.00000000	-47.39173000	-23.68356000
191.39998881	0.00000000	-47.01648000	-23.68356000
191.59998880	0.00000000	-46.27214000	-23.68356000
191.79998878	0.00000000	-45.89690000	-23.72662000
191.99998877	0.00000000	-45.85384000	-24.10187000
192.19998876	0.00000000	-45.85384000	-24.84621000
192.39998875	0.00000000	-45.89690000	-25.17224000
192.59998874	0.00000000	-46.27214000	-24.88927000
192.79998872	0.00000000	-47.01648000	-24.52018000
192.99998871	0.00000000	-47.39173000	-24.84621000
193.19998870	0.00000000	-47.43479000	-24.79700000
193.39998869	0.00000000	-47.43479000	-24.10187000
193.59998868	0.00000000	-47.43479000	-23.72662000
193.79998866	0.00000000	-47.43479000	-23.68356000
193.99998865	0.00000000	-47.39173000	-23.68356000
194.19998864	0.00000000	-47.01648000	-23.68356000
194.39998863	0.00000000	-46.27214000	-23.68356000
194.59998862	0.00000000	-45.89690000	-23.68356000
194.79998861	0.00000000	-45.85384000	-23.68356000
194.99998859	0.00000000	-45.85384000	-23.68356000
195.19998858	0.00000000	-45.89690000	-23.68356000
195.39998857	0.00000000	-46.27214000	-23.68356000
195.59998856	0.00000000	-46.96727000	-23.68356000
195.79998855	0.00000000	-47.01648000	-23.68356000
195.99998853	0.00000000	-46.69045000	-23.68356000
