Time	Channel A	Channel B	Channel C
(us)	(V)	(mV)	(mV)

-4.59999956	0.00000000	-3.16190900	5.93626900
-4.39999957	0.00000000	-3.16190900	5.53026500
-4.19999958	0.00000000	-3.16190900	5.56717500
-3.99999959	0.00000000	-3.16190900	5.48105300
-3.79999960	0.00000000	-3.16190900	5.51796200
-3.59999962	0.00000000	-3.16190900	5.15501900
-3.39999963	0.00000000	-3.16190900	5.15501900
-3.19999964	0.00000000	-3.16190900	5.47490100
-2.99999965	0.00000000	-3.16190900	5.15501900
-2.79999966	0.00000000	-3.16190900	5.15501900
-2.59999968	0.00000000	-3.16190900	5.51796200
-2.39999969	0.00000000	-3.16190900	5.48105300
-2.19999970	0.00000000	-3.16190900	5.51796200
-1.99999971	0.00000000	-3.16190900	5.15501900
-1.79999972	0.00000000	-3.11884800	5.19808000
-1.59999973	0.00000000	-2.78666300	5.85014700
-1.39999975	0.00000000	-2.41756900	5.85014700
-1.19999976	0.00000000	-2.78666300	5.19808000
-0.99999977	0.00000000	-3.11884800	5.19808000
-0.79999978	0.00000000	-3.16190900	5.89320800
-0.59999979	0.00000000	-3.16190900	6.26845500
-0.39999981	0.15871060	-3.16190900	6.26845500
-0.19999982	0.63668800	-3.16190900	5.93626900
0.00000017	0.79601380	-3.16190900	5.53026500
0.20000016	1.11466500	-3.16190900	5.51796200
0.40000015	0.95533960	-3.16190900	5.11195900
0.60000013	0.47736220	-3.16190900	4.77977300
0.80000012	-0.31803640	-3.16190900	4.77977300
1.00000011	-1.27399100	-3.16190900	5.11195900
1.20000010	-2.22994600	-3.16190900	5.51796200
1.40000009	-2.70792300	-3.16190900	5.53026500
1.60000008	-2.54859700	-3.16190900	5.93626900
1.80000006	-1.59264300	-3.16190900	6.26845500
2.00000005	0.00000000	-3.16190900	6.31151500
2.20000004	2.22994600	-3.16190900	6.31151500
2.40000003	3.98191400	-3.16190900	6.26845500
2.60000002	5.25652100	-3.16190900	5.89320800
2.80000000	5.09719500	-3.16190900	5.15501900
2.99999999	3.50393700	-3.16190900	4.77977300
3.19999998	0.63668800	-3.16190900	4.73671200
3.39999997	-2.54859700	-3.16190900	4.73671200
3.59999996	-5.73449800	-3.16190900	4.77977300
3.79999994	-7.64579200	-3.16190900	5.15501900
3.99999993	-7.80511800	-3.11884800	5.89320800
4.19999992	-5.73449800	-2.78666300	6.26845500
4.39999991	-2.22994600	-2.41756900	6.31151500
4.59999990	2.22994600	-2.78666300	6.31151500
4.79999989	6.21247500	-3.11884800	6.26845500
4.99999987	8.92039900	-3.16190900	5.89320800
5.19999986	9.39837600	-3.16190900	5.15501900
5.39999985	7.48646600	-3.16190900	4.77977300
5.59999984	3.66326300	-3.20497000	4.73671200
5.79999983	-1.11466500	-3.53715500	4.77977300
5.99999981	-5.73449800	-3.90625000	5.15501900
6.19999980	-8.60174700	-3.53715500	5.89320800
6.39999979	-9.39837600	-3.20497000	6.26845500
6.59999978	-7.96444400	-3.11884800	6.31151500
6.79999977	-4.45989200	-2.78666300	6.31151500
6.99999975	-0.15871060	-2.41756900	6.31151500
7.19999974	3.98191400	-2.78666300	6.31151500
7.39999973	6.84916400	-3.11884800	6.26845500
7.59999972	7.80511800	-3.16190900	5.89320800
7.79999971	6.84916400	-3.16190900	5.15501900
7.99999970	4.14124000	-3.16190900	4.77977300
8.19999968	0.95533960	-3.16190900	4.73671200
8.39999967	-2.07062000	-3.16190900	4.77977300
8.59999966	-4.30056600	-3.16190900	5.15501900
8.79999965	-5.25652100	-3.16190900	5.89320800
8.99999964	-4.61921700	-3.16190900	6.26845500
9.19999962	-3.18590100	-3.16190900	6.31151500
9.39999961	-1.11466500	-3.16190900	6.31151500
9.59999960	0.63668800	-3.16190900	6.26845500
9.79999959	1.91129400	-3.16190900	5.89320800
9.99999958	2.54859700	-3.16190900	5.15501900
10.19999956	2.38927200	-3.16190900	4.77977300
10.39999955	1.59264300	-3.16190900	4.73671200
10.59999954	0.79601380	-3.16190900	4.77977300
10.79999953	0.00000000	-3.16190900	5.15501900
10.99999952	-0.63668800	-3.16190900	5.89320800
11.19999951	-0.95533960	-3.16190900	6.26845500
11.39999949	-0.95533960	-3.16190900	6.31151500
11.59999948	-0.79601380	-3.16190900	6.31151500
11.79999947	-0.47736220	-3.16190900	6.31151500
11.99999946	-0.15871060	-3.16190900	6.26845500
12.19999945	-0.15871060	-3.16190900	5.93626900
12.39999943	-0.15871060	-3.16190900	5.57332700
12.59999942	0.00000000	-3.16190900	5.93626900
12.79999941	0.00000000	-3.16190900	6.26845500
12.99999940	0.15871060	-3.16190900	6.31151500
13.19999939	0.00000000	-3.16190900	6.31151500
13.39999937	0.00000000	-3.16190900	6.31151500
13.59999936	0.00000000	-3.16190900	6.31151500
13.79999935	0.00000000	-3.16190900	6.31151500
13.99999934	-0.15871060	-3.16190900	6.31151500
14.19999933	-0.15871060	-3.16190900	6.31151500
14.39999932	-0.15871060	-3.16190900	6.31151500
14.59999930	0.00000000	-3.16190900	6.26845500
14.79999929	0.00000000	-3.16190900	5.93626900
14.99999928	0.00000000	-3.16190900	5.57332700
15.19999927	0.00000000	-3.16190900	5.93626900
15.39999926	0.00000000	-3.16190900	6.26845500
15.59999924	0.00000000	-3.16190900	6.31151500
15.79999923	0.00000000	-3.16190900	6.31151500
15.99999922	0.00000000	-3.16190900	6.31151500
16.19999921	0.00000000	-3.16190900	6.31151500
16.39999920	-0.15871060	-3.16190900	6.26845500
16.59999919	0.00000000	-3.11884800	5.89320800
16.79999917	0.00000000	-2.74360200	5.19808000
16.99999916	0.00000000	-1.95620100	5.19808000
17.19999915	0.00000000	-1.24877000	5.89320800
17.39999914	0.00000000	-0.83661410	6.26845500
17.59999913	0.00000000	-1.20570900	6.31151500
17.79999911	0.00000000	-1.58095500	6.31151500
17.99999910	0.00000000	-2.04847400	6.31151500
18.19999909	0.00000000	-3.20497000	6.31151500
18.39999908	0.00000000	-4.74286400	6.31151500
18.59999907	0.00000000	-6.28075700	6.26845500
18.79999905	0.00000000	-7.43725300	5.93626900
18.99999904	0.00000000	-7.76943800	5.57332700
19.19999903	0.00000000	-6.97588500	5.93626900
19.39999902	0.00000000	-4.60752900	6.26845500
19.59999901	0.00000000	-1.16264800	6.31151500
19.79999900	0.00000000	2.74360200	6.31151500
19.99999898	0.00000000	6.18848400	6.31151500
20.19999897	0.00000000	8.46456700	6.31151500
20.39999896	0.00000000	8.42150500	6.31151500
20.59999895	0.00000000	5.67790300	6.26845500
20.79999894	0.00000000	0.60900590	5.93626900
20.99999892	0.00000000	-6.41609200	5.57332700
21.19999891	0.00000000	-14.09326000	5.93626900
21.39999890	0.00000000	-20.60162000	6.21924200
21.59999889	0.00000000	-23.58514000	5.93626900
21.79999888	0.00000000	-21.62893000	5.53026500
21.99999886	0.00000000	-14.65305000	5.56717500
22.19999885	0.00000000	-4.18922200	5.48105300
22.39999884	0.00000000	7.86171200	5.56717500
22.59999883	0.00000000	19.39591000	5.53026500
22.79999882	0.00000000	27.39911000	5.93626900
22.99999881	0.00000000	28.84473000	6.31151500
23.19999879	0.00000000	22.61319000	6.68676100
23.39999878	0.00000000	9.44881800	7.09891700
23.59999877	0.00000000	-7.90477300	7.10506800
23.79999876	0.00000000	-25.30143000	7.51722400
23.99999875	0.00000000	-38.80413000	7.80019600
24.19999873	0.00000000	-45.26944000	7.42495000
24.39999872	0.00000000	-42.10753000	6.31151500
24.59999871	0.00000000	-29.31225000	5.11195900
24.79999870	0.00000000	-9.58415200	3.90009800
24.99999869	0.00000000	13.16437000	1.99311000
25.19999867	0.00000000	33.21850000	0.51058070
25.39999866	0.00000000	45.55241000	0.13533460
25.59999865	0.00000000	47.45940000	0.92888770
25.79999864	0.00000000	37.73991000	3.24803100
25.99999863	0.00000000	18.47318000	6.36072800
26.19999862	0.00000000	-5.90551100	9.89173200
26.39999860	0.00000000	-29.82283000	13.74262000
26.59999859	0.00000000	-47.96383000	16.72613000
26.79999858	0.00000000	-55.64714000	17.46432000
26.99999857	0.00000000	-51.08268000	15.14518000
27.19999856	0.00000000	-35.64222000	10.45152000
27.39999854	0.00000000	-13.25664000	3.85088600
27.59999853	0.00000000	11.12205000	-3.85088600
27.79999852	0.00000000	31.96973000	-10.35925000
27.99999851	0.00000000	44.71579000	-14.21629000
28.19999850	0.00000000	46.33981000	-14.12401000
28.39999848	0.00000000	37.13091000	-9.43036400
28.59999847	0.00000000	20.14025000	-0.51673230
28.79999846	0.00000000	-1.16264800	11.05438000
28.99999845	0.00000000	-21.96112000	22.61934000
29.19999844	0.00000000	-37.50000000	31.49606000
29.39999843	0.00000000	-44.52510000	35.67913000
29.59999841	0.00000000	-42.66117000	33.63681000
29.79999840	0.00000000	-32.60949000	24.76009000
29.99999839	0.00000000	-16.79380000	10.86983000
30.19999838	0.00000000	0.98425190	-4.60137700
30.39999837	0.00000000	16.84301000	-18.86688000
30.59999835	0.00000000	27.35605000	-28.48179000
30.79999834	0.00000000	30.89321000	-30.80709000
30.99999833	0.00000000	27.49138000	-25.73819000
31.19999832	0.00000000	18.23942000	-13.70571000
31.39999831	0.00000000	5.85629900	3.29109200
31.59999829	0.00000000	-7.35113100	21.37057000
31.79999828	0.00000000	-18.97761000	36.46653000
31.99999827	0.00000000	-26.70398000	44.93110000
32.19999826	0.00000000	-29.02313000	45.38631000
32.39999825	0.00000000	-25.21530000	37.58612000
32.59999824	0.00000000	-16.79380000	23.32062000
32.79999822	0.00000000	-6.32381900	5.15501900
32.99999821	0.00000000	4.14616100	-12.59227000
33.19999820	0.00000000	12.65379000	-26.16265000
33.39999819	0.00000000	17.31053000	-33.12623000
33.59999818	0.00000000	17.35359000	-31.92052000
33.79999816	0.00000000	13.12131000	-22.71777000
33.99999815	0.00000000	5.77017700	-7.67101300
34.19999814	0.00000000	-3.06963600	9.33809000
34.39999813	0.00000000	-11.16511000	25.22145000
34.59999812	0.00000000	-16.19094000	36.79257000
34.79999810	0.00000000	-17.39665000	41.44316000
34.99999809	0.00000000	-14.74532000	38.33046000
35.19999808	0.00000000	-9.35039300	27.96506000
35.39999807	0.00000000	-2.82972400	12.96137000
35.59999806	0.00000000	3.34645700	-2.46678100
35.79999805	0.00000000	7.17273600	-15.24360000
35.99999803	0.00000000	8.00319800	-22.53937000
36.19999802	0.00000000	5.72711600	-22.63164000
36.39999801	0.00000000	1.48868100	-16.12328000
36.59999800	0.00000000	-3.53715500	-5.33956700
36.79999799	0.00000000	-8.51377900	7.38804100
36.99999797	0.00000000	-11.58341000	18.90994000
37.19999796	0.00000000	-12.00172000	26.20571000
37.39999795	0.00000000	-10.09473000	27.41142000
37.59999794	0.00000000	-6.18848400	22.44094000
37.79999793	0.00000000	-1.24877000	13.28125000
37.99999791	0.00000000	3.39566900	2.55290300
38.19999790	0.00000000	6.09621000	-6.27460600
38.39999789	0.00000000	6.93282500	-10.87598000
38.59999788	0.00000000	5.72711600	-10.13164000
38.79999787	0.00000000	2.65132900	-4.00467500
38.99999786	0.00000000	-1.58095500	5.11195900
39.19999784	0.00000000	-5.85629900	14.35162000
39.39999783	0.00000000	-9.35039300	20.85999000
39.59999782	0.00000000	-11.67569000	23.13607000
39.79999781	0.00000000	-12.05093000	20.02337000
39.99999780	0.00000000	-10.51304000	12.03248000
40.19999778	0.00000000	-7.43725300	2.08538400
40.39999777	0.00000000	-3.53715500	-6.78518600
40.59999776	0.00000000	0.33218500	-12.50000000
40.79999775	0.00000000	3.85703700	-13.24434000
40.99999774	0.00000000	6.14542300	-8.27386800
41.19999772	0.00000000	6.93282500	0.51058070
41.39999771	0.00000000	5.77017700	10.54380000
41.59999770	0.00000000	3.11884800	19.37131000
41.79999769	0.00000000	-0.04306102	24.76009000
41.99999768	0.00000000	-3.53715500	25.17839000
42.19999767	0.00000000	-7.01894700	20.95226000
42.39999765	0.00000000	-9.30733200	13.28125000
42.59999764	0.00000000	-10.13779000	4.04158400
42.79999763	0.00000000	-9.35039300	-4.00467500
42.99999762	0.00000000	-7.48646600	-9.06126900
43.19999761	0.00000000	-5.16117100	-9.84867000
43.39999759	0.00000000	-3.20497000	-6.87130900
43.59999758	0.00000000	-1.58095500	-1.48868100
43.79999757	0.00000000	-0.04306102	4.69365100
43.99999756	0.00000000	1.11343500	10.49459000
44.19999755	0.00000000	1.48868100	14.72072000
44.39999753	0.00000000	1.20570900	16.30167000
44.59999752	0.00000000	0.83661410	15.18824000
44.79999751	0.00000000	1.16264800	12.11860000
44.99999750	0.00000000	1.11343500	7.89247000
45.19999749	0.00000000	0.33218500	3.66633800
45.39999748	0.00000000	-0.88582670	0.55364170
45.59999746	0.00000000	-3.25418300	-0.97810030
45.79999745	0.00000000	-6.28075700	-0.64591530
45.99999744	0.00000000	-9.06742000	1.24877000
46.19999743	0.00000000	-11.34966000	3.53100400
46.39999742	0.00000000	-12.88140000	5.89320800
46.59999740	0.00000000	-12.37697000	7.84940900
46.79999739	0.00000000	-9.62721400	9.38115100
46.99999738	0.00000000	-4.18922200	10.16855000
47.19999737	0.00000000	2.69439000	9.75639700
47.39999736	0.00000000	8.88902600	8.63681000
47.59999734	0.00000000	13.12131000	6.64370100
47.79999733	0.00000000	14.23474000	4.36146600
47.99999732	0.00000000	11.49114000	2.04232300
48.19999731	0.00000000	5.30265700	0.55364170
48.39999730	0.00000000	-3.20497000	0.51058070
48.59999729	0.00000000	-12.05093000	1.66707700
48.79999727	0.00000000	-18.97761000	3.61712600
48.99999726	0.00000000	-22.05339000	6.36072800
49.19999725	0.00000000	-20.51550000	9.42421200
49.39999724	0.00000000	-14.70226000	12.07554000
49.59999723	0.00000000	-5.81323800	13.23819000
49.79999721	0.00000000	4.18922200	12.45079000
49.99999720	0.00000000	12.65379000	10.16855000
50.19999719	0.00000000	17.26132000	6.68676100
50.39999718	0.00000000	16.93528000	3.19881900
50.59999717	0.00000000	11.91560000	0.09227362
50.79999715	0.00000000	3.81397600	-2.18380900
50.99999714	0.00000000	-5.81323800	-2.50984200
51.19999713	0.00000000	-14.27780000	-0.64591530
51.39999712	0.00000000	-19.30979000	2.82972400
51.59999711	0.00000000	-20.09719000	6.72982200
51.79999710	0.00000000	-16.23400000	10.95595000
51.99999708	0.00000000	-8.97514600	14.34547000
52.19999707	0.00000000	-0.51058070	15.14518000
52.39999706	0.00000000	6.79749000	13.65650000
52.59999705	0.00000000	11.02977000	10.53765000
52.79999704	0.00000000	11.07283000	6.31151500
52.99999702	0.00000000	7.25885800	2.08538400
53.19999701	0.00000000	1.11343500	-0.97810030
53.39999700	0.00000000	-5.81323800	-2.13459600
53.59999699	0.00000000	-11.54035000	-1.02116100
53.79999698	0.00000000	-14.23474000	1.62401600
53.99999696	0.00000000	-13.16437000	4.68750000
54.19999695	0.00000000	-9.35039300	7.43110200
54.39999694	0.00000000	-4.32455700	9.33809000
54.59999693	0.00000000	1.11343500	10.11934000
54.79999692	0.00000000	5.63484200	9.33809000
54.99999691	0.00000000	7.58489100	7.47416300
55.19999689	0.00000000	6.05314900	5.19808000
55.39999688	0.00000000	2.27608300	3.70939900
55.59999687	0.00000000	-2.74360200	3.66633800
55.79999686	0.00000000	-7.30807100	4.77977300
55.99999685	0.00000000	-10.09473000	6.31151500
56.19999683	0.00000000	-10.83907000	7.84940900
56.39999682	0.00000000	-9.67027500	8.96284400
56.59999681	0.00000000	-6.23154500	8.91978400
56.79999680	0.00000000	-2.04847400	7.38188900
56.99999679	0.00000000	1.44562000	4.68750000
57.19999677	0.00000000	3.77091500	1.62401600
57.39999676	0.00000000	4.14616100	-1.02116100
57.59999675	0.00000000	2.65132900	-2.13459600
57.79999674	0.00000000	-0.04306102	-0.93503930
57.99999673	0.00000000	-3.11884800	2.50369100
58.19999672	0.00000000	-5.81323800	7.51722400
58.39999670	0.00000000	-7.35113100	12.49385000
58.59999669	0.00000000	-7.39419200	16.35089000
58.79999668	0.00000000	-6.23154500	17.83957000
58.99999667	0.00000000	-4.32455700	16.25861000
59.19999666	0.00000000	-2.04847400	11.65723000
59.39999664	0.00000000	-0.51058070	5.11195900
59.59999663	0.00000000	-0.09227362	-1.43946800
59.79999662	0.00000000	-0.41830710	-6.82824800
59.99999661	0.00000000	-1.20570900	-9.43036400
60.19999660	0.00000000	-1.99926200	-7.89862200
60.39999658	0.00000000	-3.16190900	-2.55905500
60.59999657	0.00000000	-4.23228400	4.77977300
60.79999656	0.00000000	-4.23228400	12.49385000
60.99999655	0.00000000	-3.16190900	19.04527000
61.19999654	0.00000000	-1.95620100	22.48400000
61.39999653	0.00000000	-0.83046260	22.06570000
61.59999651	0.00000000	0.31988190	17.42126000
61.79999650	0.00000000	0.28297240	9.43036400
61.99999649	0.00000000	-0.41830710	0.92888770
62.19999648	0.00000000	-1.67322800	-6.04084600
62.39999647	0.00000000	-3.58021600	-10.68528000
62.59999645	0.00000000	-5.85629900	-11.38656000
62.79999644	0.00000000	-7.35113100	-7.99089500
62.99999643	0.00000000	-7.35113100	-1.39640700
63.19999642	0.00000000	-5.85629900	6.68676100
63.39999641	0.00000000	-3.53715500	14.76993000
63.59999639	0.00000000	-1.20570900	20.52780000
63.79999638	0.00000000	1.11343500	22.48400000
63.99999637	0.00000000	2.60826800	20.62008000
64.19999636	0.00000000	2.65132900	15.60654000
64.39999635	0.00000000	1.48868100	9.05511800
64.59999634	0.00000000	-0.46751960	2.08538400
64.79999632	0.00000000	-3.16190900	-3.67249000
64.99999631	0.00000000	-5.81323800	-6.82824800
65.19999630	0.00000000	-7.35113100	-7.24655500
65.39999629	0.00000000	-7.39419200	-5.33956700
65.59999628	0.00000000	-6.23154500	-1.48868100
65.79999626	0.00000000	-4.32455700	3.15575800
65.99999625	0.00000000	-1.99926200	7.84940900
66.19999624	0.00000000	-0.13533460	12.07554000
66.39999623	0.00000000	0.69512790	14.81299000
66.59999622	0.00000000	0.28297240	15.60654000
66.79999620	0.00000000	-0.83661410	14.90526000
66.99999619	0.00000000	-2.74360200	12.95522000
67.19999618	0.00000000	-4.23228400	10.58686000
67.39999617	0.00000000	-4.65059000	7.47416300
67.59999616	0.00000000	-4.23228400	3.99237200
67.79999615	0.00000000	-2.69439000	1.24877000
67.99999613	0.00000000	-0.41830710	-1.11343500
68.19999612	0.00000000	1.48868100	-2.64517700
68.39999611	0.00000000	2.65132900	-3.02042300
68.59999610	0.00000000	2.60826800	-2.18380900
68.79999609	0.00000000	1.02731300	0.51058070
68.99999607	0.00000000	-2.04847400	4.36146600
69.19999606	0.00000000	-5.85629900	8.31077700
69.39999605	0.00000000	-8.93208600	12.53691000
69.59999604	0.00000000	-10.51304000	15.97564000
69.79999603	0.00000000	-10.51304000	17.09523000
69.99999601	0.00000000	-8.88902600	15.97564000
70.19999600	0.00000000	-5.39493100	12.49385000
70.39999599	0.00000000	-0.41830710	7.84940900
70.59999598	0.00000000	4.18922200	2.82972400
70.79999597	0.00000000	7.30807100	-1.80856300
70.99999596	0.00000000	8.42150500	-4.46604300
71.19999594	0.00000000	6.84055100	-4.92125900
71.39999593	0.00000000	2.65132900	-2.97736200
71.59999592	0.00000000	-2.74360200	0.46751960
71.79999591	0.00000000	-7.81250000	4.73671200
71.99999590	0.00000000	-12.05093000	8.96284400
72.19999588	0.00000000	-14.32702000	12.07554000
72.39999587	0.00000000	-13.53962000	13.61343000
72.59999586	0.00000000	-10.13779000	13.23819000
72.79999585	0.00000000	-5.07504900	10.96211000
72.99999584	0.00000000	0.33218500	7.93553100
73.19999582	0.00000000	5.35187000	5.19808000
73.39999581	0.00000000	8.42150500	3.24803100
73.59999580	0.00000000	8.83981200	2.12844500
73.79999579	0.00000000	6.93282500	2.50369100
73.99999578	0.00000000	3.06963600	4.31840500
74.19999577	0.00000000	-1.53789400	5.80093500
74.39999575	0.00000000	-5.81323800	6.26845500
74.59999574	0.00000000	-8.93208600	6.21924200
74.79999573	0.00000000	-10.46998000	5.43184000
74.99999572	0.00000000	-10.09473000	3.57406500
75.19999571	0.00000000	-7.81250000	2.08538400
75.39999569	0.00000000	-4.74286400	1.71013800
75.59999568	0.00000000	-1.67322800	2.50369100
75.79999567	0.00000000	0.65206690	4.82283400
75.99999566	0.00000000	1.48868100	7.89247000
76.19999565	0.00000000	1.53789400	10.96211000
76.39999563	0.00000000	1.11343500	13.23819000
76.59999562	0.00000000	0.00000000	13.61343000
76.79999561	0.00000000	-1.16264800	12.07554000
76.99999560	0.00000000	-1.95620100	8.96284400
77.19999559	0.00000000	-2.74360200	4.69365100
77.39999558	0.00000000	-3.06963600	0.09227362
77.59999556	0.00000000	-2.78666300	-3.76476400
77.79999555	0.00000000	-2.41756900	-5.62253900
77.99999554	0.00000000	-2.82972400	-4.87204700
78.19999553	0.00000000	-3.53715500	-1.39640700
78.39999552	0.00000000	-4.36761800	3.62327700
78.59999550	0.00000000	-5.07504900	9.42421200
78.79999549	0.00000000	-5.43799200	14.76993000
78.99999548	0.00000000	-4.65059000	17.88263000
79.19999547	0.00000000	-3.11884800	18.30093000
79.39999546	0.00000000	-1.16264800	16.35089000
79.59999544	0.00000000	1.11343500	12.11860000
79.79999543	0.00000000	2.65132900	6.72982200
79.99999542	0.00000000	3.02657500	1.66707700
80.19999541	0.00000000	2.23302100	-2.60211600
80.39999540	0.00000000	-0.09227362	-5.24729300
80.59999539	0.00000000	-3.16190900	-5.29650500
80.79999537	0.00000000	-6.23154500	-3.02042300
80.99999536	0.00000000	-8.51377900	0.46751960
81.19999535	0.00000000	-8.93208600	4.73671200
81.39999534	0.00000000	-7.81250000	8.96284400
81.59999533	0.00000000	-5.85629900	12.11860000
81.79999531	0.00000000	-3.16190900	14.11786000
81.99999530	0.00000000	-0.46751960	15.23130000
82.19999529	0.00000000	1.48868100	14.81299000
82.39999528	0.00000000	2.65132900	12.53691000
82.59999527	0.00000000	2.60826800	9.42421200
82.79999525	0.00000000	1.11343500	5.89320800
82.99999524	0.00000000	-1.16264800	2.04232300
83.19999523	0.00000000	-3.06963600	-1.07037400
83.39999522	0.00000000	-4.27534400	-3.02042300
83.59999521	0.00000000	-4.69980300	-3.76476400
83.79999520	0.00000000	-4.69980300	-2.60211600
83.99999518	0.00000000	-4.32455700	0.09227362
84.19999517	0.00000000	-3.58021600	3.62327700
84.39999516	0.00000000	-3.20497000	7.84940900
84.59999515	0.00000000	-3.11884800	11.74951000
84.79999514	0.00000000	-2.74360200	14.45005000
84.99999512	0.00000000	-1.99926200	15.97564000
85.19999511	0.00000000	-1.62401600	15.14518000
85.39999510	0.00000000	-1.53789400	12.11860000
85.59999509	0.00000000	-1.16264800	7.84940900
85.79999508	0.00000000	-0.41830710	3.20497000
85.99999506	0.00000000	-0.04306102	-1.07037400
86.19999505	0.00000000	-0.04306102	-4.13385800
86.39999504	0.00000000	-0.46751960	-5.25344500
86.59999503	0.00000000	-1.62401600	-3.71555100
86.79999502	0.00000000	-3.16190900	0.13533460
86.99999501	0.00000000	-4.69980300	5.11195900
87.19999499	0.00000000	-5.85629900	10.16855000
87.39999498	0.00000000	-6.18848400	14.03174000
87.59999497	0.00000000	-5.43799200	16.30167000
87.79999496	0.00000000	-3.53715500	15.88336000
87.99999495	0.00000000	-1.62401600	12.49385000
88.19999493	0.00000000	-0.04306102	7.89247000
88.39999492	0.00000000	1.11343500	3.20497000
88.59999491	0.00000000	1.48868100	-1.02116100
88.79999490	0.00000000	1.11343500	-3.67249000
88.99999489	0.00000000	-0.04306102	-3.67249000
89.19999487	0.00000000	-1.58095500	-1.02116100
89.39999486	0.00000000	-3.16190900	3.20497000
89.59999485	0.00000000	-4.65059000	7.84940900
89.79999484	0.00000000	-5.43799200	12.07554000
89.99999483	0.00000000	-5.07504900	14.72072000
90.19999482	0.00000000	-4.32455700	14.72072000
90.39999480	0.00000000	-3.11884800	12.07554000
90.59999479	0.00000000	-1.62401600	7.84940900
90.79999478	0.00000000	-0.46751960	3.24803100
90.99999477	0.00000000	-0.04306102	-0.60285430
91.19999476	0.00000000	-0.04306102	-2.50984200
91.39999474	0.00000000	-0.41830710	-2.14074800
91.59999473	0.00000000	-1.16264800	0.55364170
91.79999472	0.00000000	-1.53789400	4.77977300
91.99999471	0.00000000	-1.58095500	9.38115100
92.19999470	0.00000000	-1.58095500	13.23819000
92.39999468	0.00000000	-1.58095500	15.09596000
92.59999467	0.00000000	-1.62401600	14.34547000
92.79999466	0.00000000	-2.04847400	10.91289000
92.99999465	0.00000000	-3.11884800	6.35457700
93.19999464	0.00000000	-3.90625000	2.08538400
93.39999463	0.00000000	-3.95546200	-0.97810030
93.59999461	0.00000000	-4.32455700	-2.13459600
93.79999460	0.00000000	-4.23228400	-0.97810030
93.99999459	0.00000000	-3.11884800	2.08538400
94.19999458	0.00000000	-1.58095500	6.31151500
94.39999457	0.00000000	0.00000000	10.49459000
94.59999455	0.00000000	1.53789400	13.14591000
94.79999454	0.00000000	2.65132900	13.18898000
94.99999453	0.00000000	2.65132900	10.91289000
95.19999452	0.00000000	1.48868100	7.47416300
95.39999451	0.00000000	-0.46751960	3.62327700
95.59999449	0.00000000	-3.20497000	0.55364170
95.79999448	0.00000000	-6.23154500	-0.97810030
95.99999447	0.00000000	-8.55684000	-0.64591530
96.19999446	0.00000000	-9.30733200	1.29183100
96.39999445	0.00000000	-8.55684000	3.99237200
96.59999444	0.00000000	-6.18848400	7.42495000
96.79999442	0.00000000	-2.74360200	10.07628000
96.99999441	0.00000000	1.11343500	10.91289000
97.19999440	0.00000000	4.23228400	10.53765000
97.39999439	0.00000000	6.14542300	8.96284400
97.59999438	0.00000000	6.50836600	6.31151500
97.79999436	0.00000000	4.60752900	3.66633800
97.99999435	0.00000000	1.53789400	2.08538400
98.19999434	0.00000000	-1.99926200	1.66707700
98.39999433	0.00000000	-5.85629900	2.04232300
98.59999432	0.00000000	-8.93208600	3.19881900
98.79999430	0.00000000	-10.51304000	4.73671200
98.99999429	0.00000000	-10.46998000	6.26845500
99.19999428	0.00000000	-8.55684000	7.42495000
99.39999427	0.00000000	-5.07504900	7.80019600
99.59999426	0.00000000	-1.24877000	7.47416300
99.79999425	0.00000000	2.27608300	6.72982200
99.99999423	0.00000000	4.60752900	6.40378900
100.19999422	0.00000000	5.77017700	6.72982200
100.39999421	0.00000000	5.35187000	7.47416300
100.59999420	0.00000000	3.06963600	7.84940900
100.79999419	0.00000000	0.00000000	7.84940900
100.99999417	0.00000000	-3.11884800	7.42495000
101.19999416	0.00000000	-5.85629900	6.26845500
101.39999415	0.00000000	-7.76943800	4.73671200
101.59999414	0.00000000	-8.55684000	3.19881900
101.79999413	0.00000000	-7.81250000	2.08538400
101.99999411	0.00000000	-6.28075700	2.08538400
102.19999410	0.00000000	-4.32455700	3.24803100
102.39999409	0.00000000	-1.95620100	5.15501900
102.59999408	0.00000000	0.33218500	7.51722400
102.79999407	0.00000000	2.27608300	9.79945900
102.99999406	0.00000000	3.02657500	11.70029000
103.19999404	0.00000000	2.69439000	12.03248000
103.39999403	0.00000000	1.48868100	10.53765000
103.59999402	0.00000000	-0.41830710	7.84940900
103.79999401	0.00000000	-2.74360200	4.77977300
103.99999400	0.00000000	-4.65059000	2.08538400
104.19999398	0.00000000	-5.85629900	0.51058070
104.39999397	0.00000000	-6.23154500	0.13533460
104.59999396	0.00000000	-5.85629900	0.92888770
104.79999395	0.00000000	-4.65059000	3.19881900
104.99999394	0.00000000	-2.78666300	5.89320800
105.19999392	0.00000000	-0.83661410	8.21850300
105.39999391	0.00000000	0.28297240	10.16855000
105.59999390	0.00000000	0.74434050	10.86983000
105.79999389	0.00000000	0.33218500	10.16855000
105.99999388	0.00000000	-0.41830710	8.21850300
106.19999387	0.00000000	-1.62401600	5.93626900
106.39999385	0.00000000	-3.06963600	3.61712600
106.59999384	0.00000000	-3.85703700	2.12844500
106.79999383	0.00000000	-3.53715500	2.08538400
106.99999382	0.00000000	-3.16190900	3.19881900
107.19999381	0.00000000	-2.69439000	4.73671200
107.39999379	0.00000000	-1.58095500	6.31151500
107.59999378	0.00000000	-0.46751960	7.84940900
107.79999377	0.00000000	-0.09227362	8.96284400
107.99999376	0.00000000	-0.46751960	8.96284400
108.19999375	0.00000000	-1.58095500	7.80019600
108.39999374	0.00000000	-2.74360200	5.93626900
108.59999372	0.00000000	-3.53715500	3.99237200
108.79999371	0.00000000	-4.32455700	2.87278500
108.99999370	0.00000000	-4.65059000	2.46063000
109.19999369	0.00000000	-4.27534400	3.24803100
109.39999368	0.00000000	-3.11884800	4.73671200
109.59999366	0.00000000	-1.62401600	6.31151500
109.79999365	0.00000000	-0.46751960	7.84940900
109.99999364	0.00000000	-0.04306102	9.00590400
110.19999363	0.00000000	-0.04306102	9.38115100
110.39999362	0.00000000	-0.46751960	9.00590400
110.59999360	0.00000000	-1.58095500	7.84940900
110.79999359	0.00000000	-2.74360200	6.31151500
110.99999358	0.00000000	-3.53715500	4.77977300
111.19999357	0.00000000	-4.27534400	3.62327700
111.39999356	0.00000000	-4.27534400	3.19881900
111.59999355	0.00000000	-3.53715500	3.19881900
111.79999353	0.00000000	-2.78666300	3.62327700
111.99999352	0.00000000	-1.95620100	4.77977300
112.19999351	0.00000000	-1.24877000	6.26845500
112.39999350	0.00000000	-0.79355310	7.42495000
112.59999349	0.00000000	-0.83046260	7.84940900
112.79999347	0.00000000	-0.79355310	7.84940900
112.99999346	0.00000000	-1.24877000	7.47416300
113.19999345	0.00000000	-1.95620100	6.72982200
113.39999344	0.00000000	-2.74360200	6.31151500
113.59999343	0.00000000	-3.11884800	5.89320800
113.79999341	0.00000000	-3.16190900	5.15501900
113.99999340	0.00000000	-3.16190900	4.77977300
114.19999339	0.00000000	-3.11884800	4.73671200
114.39999338	0.00000000	-2.74360200	4.73671200
114.59999337	0.00000000	-1.99926200	4.73671200
114.79999336	0.00000000	-1.62401600	4.73671200
114.99999334	0.00000000	-1.58095500	4.73671200
115.19999333	0.00000000	-1.58095500	4.73671200
115.39999332	0.00000000	-1.58095500	4.73671200
115.59999331	0.00000000	-1.58095500	4.77977300
115.79999330	0.00000000	-1.58095500	5.15501900
115.99999328	0.00000000	-1.62401600	5.93626900
116.19999327	0.00000000	-1.99926200	6.68676100
116.39999326	0.00000000	-2.74360200	7.47416300
116.59999325	0.00000000	-3.11884800	7.84940900
116.79999324	0.00000000	-3.11884800	7.84940900
116.99999322	0.00000000	-2.74360200	7.42495000
117.19999321	0.00000000	-1.99926200	6.31151500
117.39999320	0.00000000	-1.58095500	5.19808000
117.59999319	0.00000000	-1.16264800	4.73671200
117.79999318	0.00000000	-0.41830710	4.36146600
117.99999317	0.00000000	-0.04306102	3.99237200
118.19999315	0.00000000	-0.04306102	4.36146600
118.39999314	0.00000000	-0.46751960	4.73671200
118.59999313	0.00000000	-1.58095500	5.15501900
118.79999312	0.00000000	-2.74360200	5.89320800
118.99999311	0.00000000	-3.53715500	6.31151500
119.19999309	0.00000000	-4.32455700	6.72982200
119.39999308	0.00000000	-4.65059000	7.47416300
119.59999307	0.00000000	-4.32455700	7.84940900
119.79999306	0.00000000	-3.53715500	7.84940900
119.99999305	0.00000000	-2.74360200	7.47416300
120.19999303	0.00000000	-1.53789400	6.72982200
120.39999302	0.00000000	-0.04306102	6.31151500
120.59999301	0.00000000	1.11343500	5.89320800
120.79999300	0.00000000	1.48868100	5.15501900
120.99999299	0.00000000	1.11343500	4.77977300
121.19999298	0.00000000	-0.04306102	4.73671200
121.39999296	0.00000000	-1.58095500	4.73671200
121.59999295	0.00000000	-3.11884800	4.73671200
121.79999294	0.00000000	-4.27534400	4.77977300
121.99999293	0.00000000	-4.69980300	5.15501900
122.19999292	0.00000000	-4.69980300	5.93626900
122.39999290	0.00000000	-4.32455700	6.68676100
122.59999289	0.00000000	-3.53715500	7.47416300
122.79999288	0.00000000	-2.74360200	7.84940900
122.99999287	0.00000000	-1.58095500	7.84940900
123.19999286	0.00000000	-0.46751960	7.47416300
123.39999284	0.00000000	-0.04306102	6.72982200
123.59999283	0.00000000	0.00000000	6.31151500
123.79999282	0.00000000	0.00000000	5.89320800
123.99999281	0.00000000	-0.04306102	5.15501900
124.19999280	0.00000000	-0.46751960	4.77977300
124.39999279	0.00000000	-1.58095500	4.73671200
124.59999277	0.00000000	-2.69439000	4.73671200
124.79999276	0.00000000	-3.16190900	4.77977300
124.99999275	0.00000000	-3.58021600	5.15501900
125.19999274	0.00000000	-4.32455700	5.93626900
125.39999273	0.00000000	-4.65059000	6.64370100
125.59999271	0.00000000	-4.27534400	7.09891700
125.79999270	0.00000000	-3.16190900	7.06200700
125.99999269	0.00000000	-1.99926200	7.09891700
126.19999268	0.00000000	-1.20570900	6.68676100
126.39999267	0.00000000	-0.41830710	6.35457700
126.59999265	0.00000000	-0.04306102	6.31151500
126.79999264	0.00000000	-0.04306102	6.26845500
126.99999263	0.00000000	-0.46751960	5.89320800
127.19999262	0.00000000	-1.58095500	5.15501900
127.39999261	0.00000000	-2.74360200	4.77977300
127.59999260	0.00000000	-3.53715500	4.73671200
127.79999258	0.00000000	-4.32455700	4.77977300
127.99999257	0.00000000	-4.65059000	5.15501900
128.19999256	0.00000000	-4.27534400	5.89320800
128.39999255	0.00000000	-3.11884800	6.26845500
128.59999254	0.00000000	-1.62401600	6.31151500
128.79999252	0.00000000	-0.46751960	6.31151500
128.99999251	0.00000000	-0.04306102	6.31151500
129.19999250	0.00000000	0.00000000	6.31151500
129.39999249	0.00000000	-0.04306102	6.26845500
129.59999248	0.00000000	-0.46751960	5.89320800
129.79999246	0.00000000	-1.58095500	5.19808000
129.99999245	0.00000000	-2.74360200	5.15501900
130.19999244	0.00000000	-3.53715500	5.51796200
130.39999243	0.00000000	-4.27534400	5.53026500
130.59999242	0.00000000	-4.23228400	5.93626900
130.79999241	0.00000000	-3.16190900	6.26845500
130.99999239	0.00000000	-1.99926200	6.31151500
131.19999238	0.00000000	-1.20570900	6.31151500
131.39999237	0.00000000	-0.41830710	6.31151500
131.59999236	0.00000000	-0.04306102	6.26845500
131.79999235	0.00000000	-0.04306102	5.89320800
131.99999233	0.00000000	-0.41830710	5.15501900
132.19999232	0.00000000	-1.20570900	4.77977300
132.39999231	0.00000000	-1.95620100	4.73671200
132.59999230	0.00000000	-2.74360200	4.73671200
132.79999229	0.00000000	-3.11884800	4.77977300
132.99999227	0.00000000	-3.16190900	5.19808000
133.19999226	0.00000000	-3.11884800	6.31151500
133.39999225	0.00000000	-2.74360200	7.42495000
133.59999224	0.00000000	-1.99926200	7.84940900
133.79999223	0.00000000	-1.62401600	7.84940900
133.99999222	0.00000000	-1.62401600	7.42495000
134.19999220	0.00000000	-1.95620100	6.31151500
134.39999219	0.00000000	-2.32529500	5.19808000
134.59999218	0.00000000	-1.95620100	4.73671200
134.79999217	0.00000000	-1.62401600	4.31840500
134.99999216	0.00000000	-1.58095500	3.62327700
135.19999214	0.00000000	-1.58095500	3.62327700
135.39999213	0.00000000	-1.58095500	4.31840500
135.59999212	0.00000000	-1.58095500	4.73671200
135.79999211	0.00000000	-1.58095500	5.19808000
135.99999210	0.00000000	-1.62401600	6.31151500
136.19999208	0.00000000	-1.99926200	7.42495000
136.39999207	0.00000000	-2.74360200	7.84940900
136.59999206	0.00000000	-3.11884800	7.84940900
136.79999205	0.00000000	-3.16190900	7.47416300
136.99999204	0.00000000	-3.16190900	6.72982200
137.19999203	0.00000000	-3.11884800	6.31151500
137.39999201	0.00000000	-2.69439000	5.89320800
137.59999200	0.00000000	-1.58095500	5.15501900
137.79999199	0.00000000	-0.46751960	4.77977300
137.99999198	0.00000000	-0.09227362	4.73671200
138.19999197	0.00000000	-0.41830710	4.73671200
138.39999195	0.00000000	-1.20570900	4.73671200
138.59999194	0.00000000	-1.95620100	4.77977300
138.79999193	0.00000000	-2.74360200	5.15501900
138.99999192	0.00000000	-3.11884800	5.93626900
139.19999191	0.00000000	-3.16190900	6.68676100
139.39999189	0.00000000	-3.11884800	7.47416300
139.59999188	0.00000000	-2.74360200	7.84940900
139.79999187	0.00000000	-1.99926200	7.84940900
139.99999186	0.00000000	-1.58095500	7.47416300
140.19999185	0.00000000	-1.16264800	6.68676100
140.39999184	0.00000000	-0.46751960	5.93626900
140.59999182	0.00000000	-0.46751960	5.11195900
140.79999181	0.00000000	-1.16264800	4.36146600
140.99999180	0.00000000	-1.58095500	3.62327700
141.19999179	0.00000000	-1.99926200	3.62327700
141.39999178	0.00000000	-2.69439000	4.36146600
141.59999176	0.00000000	-2.69439000	5.15501900
141.79999175	0.00000000	-1.99926200	6.31151500
141.99999174	0.00000000	-1.62401600	7.42495000
142.19999173	0.00000000	-1.58095500	7.84940900
142.39999172	0.00000000	-1.58095500	7.89247000
142.59999170	0.00000000	-1.58095500	7.84940900
142.79999169	0.00000000	-1.58095500	7.47416300
142.99999168	0.00000000	-1.58095500	6.68676100
143.19999167	0.00000000	-1.58095500	5.93626900
143.39999166	0.00000000	-1.62401600	5.11195900
143.59999165	0.00000000	-1.95620100	4.40452700
143.79999163	0.00000000	-2.32529500	3.99237200
143.99999162	0.00000000	-1.95620100	4.36146600
144.19999161	0.00000000	-1.62401600	4.73671200
144.39999160	0.00000000	-1.58095500	5.19808000
144.59999159	0.00000000	-1.58095500	6.31151500
144.79999157	0.00000000	-1.58095500	7.42495000
144.99999156	0.00000000	-1.58095500	7.84940900
145.19999155	0.00000000	-1.58095500	7.84940900
145.39999154	0.00000000	-1.58095500	7.47416300
145.59999153	0.00000000	-1.62401600	6.68676100
145.79999151	0.00000000	-1.99926200	5.93626900
145.99999150	0.00000000	-2.74360200	5.15501900
146.19999149	0.00000000	-3.06963600	4.77977300
146.39999148	0.00000000	-2.74360200	4.73671200
146.59999147	0.00000000	-1.99926200	4.73671200
146.79999146	0.00000000	-1.62401600	4.77977300
146.99999144	0.00000000	-1.53789400	5.15501900
147.19999143	0.00000000	-1.16264800	5.89320800
147.39999142	0.00000000	-0.46751960	6.26845500
147.59999141	0.00000000	-0.46751960	6.31151500
147.79999140	0.00000000	-1.20570900	6.31151500
147.99999138	0.00000000	-1.95620100	6.31151500
148.19999137	0.00000000	-2.74360200	6.31151500
148.39999136	0.00000000	-3.11884800	6.31151500
148.59999135	0.00000000	-3.16190900	6.31151500
148.79999134	0.00000000	-3.11884800	6.26845500
148.99999132	0.00000000	-2.74360200	5.89320800
149.19999131	0.00000000	-1.99926200	5.15501900
149.39999130	0.00000000	-1.62401600	4.82898600
149.59999129	0.00000000	-1.58095500	5.11195900
149.79999128	0.00000000	-1.58095500	5.51796200
149.99999127	0.00000000	-1.53789400	5.53026500
150.19999125	0.00000000	-1.20570900	5.93626900
150.39999124	0.00000000	-0.83661410	6.26845500
150.59999123	0.00000000	-1.20570900	6.31151500
150.79999122	0.00000000	-1.53789400	6.31151500
150.99999121	0.00000000	-1.62401600	6.31151500
151.19999119	0.00000000	-1.95620100	6.31151500
151.39999118	0.00000000	-2.36835600	6.31151500
151.59999117	0.00000000	-2.33144700	6.31151500
151.79999116	0.00000000	-2.36835600	6.26845500
151.99999115	0.00000000	-1.95620100	5.89320800
152.19999113	0.00000000	-1.62401600	5.19808000
152.39999112	0.00000000	-1.58095500	5.19808000
152.59999111	0.00000000	-1.58095500	5.89320800
152.79999110	0.00000000	-1.58095500	6.21924200
152.99999109	0.00000000	-1.58095500	5.93626900
153.19999108	0.00000000	-1.58095500	5.57332700
153.39999106	0.00000000	-1.58095500	5.93626900
153.59999105	0.00000000	-1.58095500	6.26845500
153.79999104	0.00000000	-1.62401600	6.31151500
153.99999103	0.00000000	-1.99926200	6.31151500
154.19999102	0.00000000	-2.74360200	6.31151500
154.39999100	0.00000000	-3.06963600	6.31151500
154.59999099	0.00000000	-2.74360200	6.31151500
154.79999098	0.00000000	-1.99926200	6.31151500
154.99999097	0.00000000	-1.62401600	6.26845500
155.19999096	0.00000000	-1.53789400	5.93626900
155.39999094	0.00000000	-1.20570900	5.53026500
155.59999093	0.00000000	-0.79355310	5.51796200
155.79999092	0.00000000	-0.83046260	5.15501900
155.99999091	0.00000000	-0.79355310	5.19808000
156.19999090	0.00000000	-1.20570900	5.89320800
156.39999089	0.00000000	-1.53789400	6.31151500
156.59999087	0.00000000	-1.58095500	6.72982200
156.79999086	0.00000000	-1.62401600	7.47416300
156.99999085	0.00000000	-1.95620100	7.84940900
157.19999084	0.00000000	-2.36835600	7.84940900
157.39999083	0.00000000	-2.33144700	7.47416300
157.59999081	0.00000000	-2.36835600	6.72982200
157.79999080	0.00000000	-1.95620100	6.31151500
157.99999079	0.00000000	-1.62401600	5.89320800
158.19999078	0.00000000	-1.58095500	5.15501900
158.39999077	0.00000000	-1.58095500	4.77977300
158.59999075	0.00000000	-1.58095500	4.73671200
158.79999074	0.00000000	-1.58095500	4.73671200
158.99999073	0.00000000	-1.58095500	4.77977300
159.19999072	0.00000000	-1.58095500	5.15501900
159.39999071	0.00000000	-1.58095500	5.89320800
159.59999070	0.00000000	-1.58095500	6.31151500
159.79999068	0.00000000	-1.58095500	6.68676100
159.99999067	0.00000000	-1.62401600	7.05585600
160.19999066	0.00000000	-1.95620100	6.68676100
160.39999065	0.00000000	-2.36835600	6.35457700
160.59999064	0.00000000	-2.37450800	6.26845500
160.79999062	0.00000000	-2.74360200	5.93626900
160.99999061	0.00000000	-2.69439000	5.53026500
161.19999060	0.00000000	-1.99926200	5.51796200
161.39999059	0.00000000	-1.62401600	5.11195900
161.59999058	0.00000000	-1.58095500	4.82898600
161.79999056	0.00000000	-1.58095500	5.15501900
161.99999055	0.00000000	-1.58095500	5.89320800
162.19999054	0.00000000	-1.58095500	6.26845500
162.39999053	0.00000000	-1.58095500	6.31151500
162.59999052	0.00000000	-1.58095500	6.31151500
162.79999051	0.00000000	-1.58095500	6.31151500
162.99999049	0.00000000	-1.58095500	6.31151500
163.19999048	0.00000000	-1.58095500	6.31151500
163.39999047	0.00000000	-1.62401600	6.31151500
163.59999046	0.00000000	-1.99926200	6.31151500
163.79999045	0.00000000	-2.74360200	6.26845500
163.99999043	0.00000000	-3.06963600	5.93626900
164.19999042	0.00000000	-2.74360200	5.57332700
164.39999041	0.00000000	-1.99926200	5.93626900
164.59999040	0.00000000	-1.58095500	6.26845500
164.79999039	0.00000000	-1.20570900	6.26845500
164.99999037	0.00000000	-0.83661410	5.93626900
165.19999036	0.00000000	-1.16264800	5.57332700
165.39999035	0.00000000	-1.16264800	5.93626900
165.59999034	0.00000000	-0.83661410	6.26845500
165.79999033	0.00000000	-1.20570900	6.31151500
165.99999032	0.00000000	-1.53789400	6.31151500
166.19999030	0.00000000	-1.58095500	6.31151500
166.39999029	0.00000000	-1.58095500	6.31151500
166.59999028	0.00000000	-1.62401600	6.31151500
166.79999027	0.00000000	-1.95620100	6.31151500
166.99999026	0.00000000	-2.32529500	6.31151500
167.19999024	0.00000000	-1.95620100	6.31151500
167.39999023	0.00000000	-1.62401600	6.31151500
167.59999022	0.00000000	-1.58095500	6.31151500
167.79999021	0.00000000	-1.58095500	6.31151500
167.99999020	0.00000000	-1.58095500	6.31151500
168.19999018	0.00000000	-1.58095500	6.31151500
168.39999017	0.00000000	-1.58095500	6.31151500
168.59999016	0.00000000	-1.58095500	6.31151500
168.79999015	0.00000000	-1.58095500	6.31151500
168.99999014	0.00000000	-1.58095500	6.31151500
169.19999013	0.00000000	-1.58095500	6.26845500
169.39999011	0.00000000	-1.58095500	5.93626900
169.59999010	0.00000000	-1.58095500	5.57332700
169.79999009	0.00000000	-1.58095500	5.93626900
169.99999008	0.00000000	-1.58095500	6.26845500
170.19999007	0.00000000	-1.58095500	6.31151500
170.39999005	0.00000000	-1.58095500	6.31151500
170.59999004	0.00000000	-1.58095500	6.31151500
170.79999003	0.00000000	-1.58095500	6.31151500
170.99999002	0.00000000	-1.58095500	6.31151500
171.19999001	0.00000000	-1.58095500	6.31151500
171.39998999	0.00000000	-1.58095500	6.26845500
171.59998998	0.00000000	-1.58095500	5.93626900
171.79998997	0.00000000	-1.58095500	5.57332700
171.99998996	0.00000000	-1.58095500	5.93626900
172.19998995	0.00000000	-1.58095500	6.26845500
172.39998994	0.00000000	-1.58095500	6.31151500
172.59998992	0.00000000	-1.58095500	6.31151500
172.79998991	0.00000000	-1.58095500	6.31151500
172.99998990	0.00000000	-1.58095500	6.31151500
173.19998989	0.00000000	-1.62401600	6.31151500
173.39998988	0.00000000	-1.95620100	6.31151500
173.59998986	0.00000000	-2.32529500	6.31151500
173.79998985	0.00000000	-1.95620100	6.31151500
173.99998984	0.00000000	-1.62401600	6.31151500
174.19998983	0.00000000	-1.58095500	6.26845500
174.39998982	0.00000000	-1.58095500	5.93626900
174.59998980	0.00000000	-1.58095500	5.57332700
174.79998979	0.00000000	-1.58095500	5.93626900
174.99998978	0.00000000	-1.58095500	6.26845500
175.19998977	0.00000000	-1.58095500	6.31151500
175.39998976	0.00000000	-1.58095500	6.31151500
175.59998975	0.00000000	-1.58095500	6.31151500
175.79998973	0.00000000	-1.58095500	6.31151500
175.99998972	0.00000000	-1.58095500	6.31151500
176.19998971	0.00000000	-1.58095500	6.31151500
176.39998970	0.00000000	-1.58095500	6.31151500
176.59998969	0.00000000	-1.58095500	6.31151500
176.79998967	0.00000000	-1.58095500	6.31151500
176.99998966	0.00000000	-1.58095500	6.31151500
177.19998965	0.00000000	-1.58095500	6.26845500
177.39998964	0.00000000	-1.58095500	5.89320800
177.59998963	0.00000000	-1.58095500	5.19808000
177.79998961	0.00000000	-1.58095500	5.19808000
177.99998960	0.00000000	-1.58095500	5.89320800
178.19998959	0.00000000	-1.58095500	6.26845500
178.39998958	0.00000000	-1.58095500	6.31151500
178.59998957	0.00000000	-1.58095500	6.31151500
178.79998956	0.00000000	-1.58095500	6.31151500
178.99998954	0.00000000	-1.58095500	6.31151500
179.19998953	0.00000000	-1.58095500	6.31151500
179.39998952	0.00000000	-1.58095500	6.31151500
179.59998951	0.00000000	-1.58095500	6.31151500
179.79998950	0.00000000	-1.58095500	6.31151500
179.99998948	0.00000000	-1.58095500	6.26845500
180.19998947	0.00000000	-1.58095500	5.89320800
180.39998946	0.00000000	-1.58095500	5.15501900
180.59998945	0.00000000	-1.58095500	4.82898600
180.79998944	0.00000000	-1.58095500	5.15501900
180.99998942	0.00000000	-1.58095500	5.89320800
181.19998941	0.00000000	-1.58095500	6.26845500
181.39998940	0.00000000	-1.58095500	6.31151500
181.59998939	0.00000000	-1.58095500	6.31151500
181.79998938	0.00000000	-1.58095500	6.31151500
181.99998937	0.00000000	-1.58095500	6.31151500
182.19998935	0.00000000	-1.58095500	6.31151500
182.39998934	0.00000000	-1.58095500	6.31151500
182.59998933	0.00000000	-1.58095500	6.26845500
182.79998932	0.00000000	-1.58095500	5.93626900
182.99998931	0.00000000	-1.58095500	5.53026500
183.19998929	0.00000000	-1.58095500	5.51796200
183.39998928	0.00000000	-1.58095500	5.11195900
183.59998927	0.00000000	-1.58095500	4.82898600
183.79998926	0.00000000	-1.58095500	5.15501900
183.99998925	0.00000000	-1.58095500	5.89320800
184.19998923	0.00000000	-1.58095500	6.26845500
184.39998922	0.00000000	-1.58095500	6.31151500
184.59998921	0.00000000	-1.58095500	6.31151500
184.79998920	0.00000000	-1.58095500	6.31151500
184.99998919	0.00000000	-1.58095500	6.31151500
185.19998918	0.00000000	-1.58095500	6.31151500
185.39998916	0.00000000	-1.58095500	6.31151500
185.59998915	0.00000000	-1.58095500	6.26845500
185.79998914	0.00000000	-1.58095500	5.89320800
185.99998913	0.00000000	-1.58095500	5.15501900
186.19998912	0.00000000	-1.58095500	4.77977300
186.39998910	0.00000000	-1.58095500	4.73671200
186.59998909	0.00000000	-1.58095500	4.77977300
186.79998908	0.00000000	-1.58095500	5.15501900
186.99998907	0.00000000	-1.58095500	5.89320800
187.19998906	0.00000000	-1.58095500	6.26845500
187.39998904	0.00000000	-1.58095500	6.31151500
187.59998903	0.00000000	-1.58095500	6.31151500
187.79998902	0.00000000	-1.58095500	6.31151500
187.99998901	0.00000000	-1.58095500	6.31151500
188.19998900	0.00000000	-1.58095500	6.31151500
188.39998899	0.00000000	-1.58095500	6.31151500
188.59998897	0.00000000	-1.58095500	6.26845500
188.79998896	0.00000000	-1.58095500	5.89320800
188.99998895	0.00000000	-1.58095500	5.15501900
189.19998894	0.00000000	-1.58095500	4.77977300
189.39998893	0.00000000	-1.58095500	4.73671200
189.59998891	0.00000000	-1.58095500	4.77977300
189.79998890	0.00000000	-1.58095500	5.15501900
189.99998889	0.00000000	-1.58095500	5.89320800
190.19998888	0.00000000	-1.58095500	6.26845500
190.39998887	0.00000000	-1.58095500	6.31151500
190.59998885	0.00000000	-1.58095500	6.31151500
190.79998884	0.00000000	-1.58095500	6.31151500
190.99998883	0.00000000	-1.58095500	6.31151500
191.19998882	0.00000000	-1.58095500	6.31151500
191.39998881	0.00000000	-1.58095500	6.31151500
191.59998880	0.00000000	-1.58095500	6.31151500
191.79998878	0.00000000	-1.58095500	6.31151500
191.99998877	0.00000000	-1.53789400	6.31151500
192.19998876	0.00000000	-1.20570900	6.31151500
192.39998875	0.00000000	-0.83661410	6.31151500
192.59998874	0.00000000	-1.20570900	6.26845500
192.79998872	0.00000000	-1.53789400	5.93626900
192.99998871	0.00000000	-1.58095500	5.57332700
193.19998870	0.00000000	-1.58095500	5.93626900
193.39998869	0.00000000	-1.58095500	6.26845500
193.59998868	0.00000000	-1.58095500	6.31151500
193.79998866	0.00000000	-1.58095500	6.31151500
193.99998865	0.00000000	-1.58095500	6.31151500
194.19998864	0.00000000	-1.58095500	6.31151500
194.39998863	0.00000000	-1.58095500	6.31151500
194.59998862	0.00000000	-1.58095500	6.31151500
194.79998861	0.00000000	-1.58095500	6.31151500
194.99998859	0.00000000	-1.58095500	6.31151500
195.19998858	0.00000000	-1.58095500	6.31151500
195.39998857	0.00000000	-1.58095500	6.31151500
195.59998856	0.00000000	-1.58095500	6.31151500
195.79998855	0.00000000	-1.58095500	6.31151500
195.99998853	0.00000000	-1.58095500	6.31151500
