Time	Channel A	Channel B	Channel C
(us)	(V)	(mV)	(mV)

-4.49999956	0.00000000	-3.16190900	-4.73671200
-4.29999957	0.00000000	-3.11884800	-4.73671200
-4.09999958	0.00000000	-2.78666300	-4.73671200
-3.89999959	0.00000000	-2.41756900	-4.73671200
-3.69999960	0.00000000	-2.78666300	-4.73671200
-3.49999962	0.00000000	-3.11884800	-4.73671200
-3.29999963	0.00000000	-3.16190900	-4.73671200
-3.09999964	0.00000000	-3.16190900	-4.73671200
-2.89999965	0.00000000	-3.16190900	-4.73671200
-2.69999966	0.00000000	-3.16190900	-4.73671200
-2.49999968	0.00000000	-3.16190900	-4.73671200
-2.29999969	0.00000000	-3.16190900	-4.73671200
-2.09999970	0.00000000	-3.16190900	-4.73671200
-1.89999971	0.00000000	-3.16190900	-4.73671200
-1.69999972	0.00000000	-3.16190900	-4.73671200
-1.49999973	0.00000000	-3.16190900	-4.73671200
-1.29999975	0.00000000	-3.16190900	-4.73671200
-1.09999976	0.00000000	-3.16190900	-4.73671200
-0.89999977	0.00000000	-3.16190900	-4.73671200
-0.69999978	0.00000000	-3.16190900	-4.73671200
-0.49999979	0.00000000	-3.16190900	-4.73671200
-0.29999981	0.15871060	-3.16190900	-4.73671200
-0.09999982	0.63668800	-3.16190900	-4.73671200
0.10000017	0.95533960	-3.16190900	-4.73671200
0.30000016	0.95533960	-3.16190900	-4.73671200
0.50000015	0.95533960	-3.16190900	-4.73671200
0.70000013	0.47736220	-3.16190900	-4.73671200
0.90000012	-0.31803640	-3.16190900	-4.73671200
1.10000011	-1.27399100	-3.16190900	-4.73671200
1.30000010	-2.22994600	-3.16190900	-4.73671200
1.50000009	-2.70792300	-3.11884800	-4.69365100
1.70000008	-2.54859700	-2.78666300	-4.31840500
1.90000006	-1.43331700	-2.41756900	-3.57406500
2.10000005	0.15871060	-2.78666300	-3.24803100
2.30000004	2.38927200	-3.11884800	-3.57406500
2.50000003	4.30056600	-3.16190900	-4.31840500
2.70000002	5.25652100	-3.16190900	-4.69365100
2.90000000	5.09719500	-3.16190900	-4.73671200
3.09999999	3.34522600	-3.16190900	-4.73671200
3.29999998	0.31803640	-3.16190900	-4.73671200
3.49999997	-3.02657500	-3.16190900	-4.73671200
3.69999996	-6.05315000	-3.16190900	-4.73671200
3.89999994	-7.80511800	-3.16190900	-4.69365100
4.09999993	-7.64579200	-3.16190900	-4.31840500
4.29999992	-5.41584600	-3.16190900	-3.57406500
4.49999991	-1.59264300	-3.16190900	-3.19881900
4.69999990	2.70792300	-3.16190900	-3.19881900
4.89999989	6.69045300	-3.16190900	-3.57406500
5.09999987	9.07972400	-3.16190900	-4.31840500
5.29999986	9.23905000	-3.16190900	-4.69365100
5.49999985	7.00848900	-3.16190900	-4.73671200
5.69999984	3.02657500	-3.16190900	-4.73671200
5.89999983	-1.75196900	-3.16190900	-4.73671200
6.09999981	-6.05315000	-3.16190900	-4.73671200
6.29999980	-8.92039900	-3.16190900	-4.69365100
6.49999979	-9.39837600	-3.16190900	-4.31840500
6.69999978	-7.48646600	-3.16190900	-3.57406500
6.89999977	-3.98191400	-3.16190900	-3.24803100
7.09999975	0.31803640	-3.16190900	-3.57406500
7.29999974	4.30056600	-3.16190900	-4.31840500
7.49999973	7.00848900	-3.16190900	-4.69365100
7.69999972	7.64579200	-3.16190900	-4.73671200
7.89999971	6.53112700	-3.16190900	-4.73671200
8.09999970	3.82258900	-3.16190900	-4.73671200
8.29999968	0.47736220	-3.16190900	-4.73671200
8.49999967	-2.54859700	-3.16190900	-4.73671200
8.69999966	-4.45989200	-3.16190900	-4.73671200
8.89999965	-5.25652100	-3.16190900	-4.73671200
9.09999964	-4.61921700	-3.16190900	-4.73671200
9.29999962	-3.02657500	-3.16190900	-4.73671200
9.49999961	-0.95533960	-3.16190900	-4.73671200
9.69999960	0.79601380	-3.16190900	-4.73671200
9.89999959	2.07062000	-3.16190900	-4.73671200
10.09999958	2.54859700	-3.16190900	-4.73671200
10.29999956	2.22994600	-3.16190900	-4.73671200
10.49999955	1.59264300	-3.16190900	-4.73671200
10.69999954	0.63668800	-3.16190900	-4.73671200
10.89999953	-0.15871060	-3.16190900	-4.73671200
11.09999952	-0.63668800	-3.16190900	-4.73671200
11.29999951	-0.95533960	-3.16190900	-4.73671200
11.49999949	-0.95533960	-3.16190900	-4.73671200
11.69999948	-0.79601380	-3.16190900	-4.73671200
11.89999947	-0.47736220	-3.16190900	-4.73671200
12.09999946	-0.15871060	-3.16190900	-4.73671200
12.29999945	-0.15871060	-3.16190900	-4.73671200
12.49999943	-0.15871060	-3.16190900	-4.73671200
12.69999942	0.00000000	-3.16190900	-4.69365100
12.89999941	0.00000000	-3.16190900	-4.36146600
13.09999940	0.00000000	-3.16190900	-3.99237200
13.29999939	0.00000000	-3.16190900	-4.36146600
13.49999937	0.00000000	-3.16190900	-4.69365100
13.69999936	0.00000000	-3.16190900	-4.73671200
13.89999935	0.00000000	-3.16190900	-4.73671200
14.09999934	-0.15871060	-3.16190900	-4.73671200
14.29999933	-0.15871060	-3.16190900	-4.73671200
14.49999932	-0.15871060	-3.16190900	-4.73671200
14.69999930	0.00000000	-3.16190900	-4.73671200
14.89999929	0.00000000	-3.16190900	-4.73671200
15.09999928	0.00000000	-3.16190900	-4.73671200
15.29999927	0.00000000	-3.16190900	-4.73671200
15.49999926	0.00000000	-3.16190900	-4.73671200
15.69999924	0.00000000	-3.16190900	-4.73671200
15.89999923	0.00000000	-3.16190900	-4.73671200
16.09999922	0.00000000	-3.16190900	-4.73671200
16.29999921	0.00000000	-3.16190900	-4.73671200
16.49999920	-0.15871060	-3.16190900	-4.73671200
16.69999919	-0.15871060	-3.11884800	-4.73671200
16.89999917	-0.15871060	-2.74360200	-4.73671200
17.09999916	0.00000000	-1.99926200	-4.73671200
17.29999915	0.00000000	-1.62401600	-4.73671200
17.49999914	0.00000000	-1.58095500	-4.73671200
17.69999913	0.00000000	-1.58095500	-4.73671200
17.89999911	0.00000000	-1.62401600	-4.73671200
18.09999910	0.00000000	-2.04847400	-4.73671200
18.29999909	0.00000000	-3.20497000	-4.73671200
18.49999908	0.00000000	-4.74286400	-4.73671200
18.69999907	0.00000000	-6.32381900	-4.73671200
18.89999905	-0.15871060	-7.81250000	-4.73671200
19.09999904	0.00000000	-8.51377900	-4.73671200
19.29999903	0.00000000	-7.35113100	-4.73671200
19.49999902	0.00000000	-4.69980300	-4.73671200
19.69999901	0.00000000	-1.48868100	-4.73671200
19.89999900	0.00000000	2.33144700	-4.73671200
20.09999898	0.00000000	6.18233200	-4.73671200
20.29999897	0.00000000	8.05241100	-4.73671200
20.49999896	0.00000000	8.04626000	-4.73671200
20.69999895	0.00000000	5.21653500	-4.73671200
20.89999894	0.00000000	-0.55364170	-4.73671200
21.09999892	0.00000000	-7.90477300	-4.73671200
21.29999891	0.00000000	-15.25591000	-4.73671200
21.49999890	0.00000000	-21.02608000	-4.73671200
21.69999889	0.00000000	-23.63435000	-4.73671200
21.89999888	0.00000000	-21.58587000	-4.73671200
22.09999886	0.00000000	-14.23474000	-4.73671200
22.29999885	0.00000000	-3.02657500	-4.73671200
22.49999884	0.00000000	9.35039300	-4.73671200
22.69999883	0.00000000	20.55856000	-4.73671200
22.89999882	0.00000000	27.77436000	-4.69365100
23.09999881	0.00000000	28.46949000	-4.31840500
23.29999879	0.00000000	21.45054000	-3.57406500
23.49999878	0.00000000	7.91092400	-3.19881900
23.69999877	0.00000000	-9.48572700	-3.11269700
23.89999876	0.00000000	-26.83932000	-2.78051200
24.09999875	0.00000000	-39.91757000	-2.41141700
24.29999873	0.00000000	-45.26944000	-2.82357300
24.49999872	0.00000000	-40.94488000	-3.57406500
24.69999871	0.00000000	-27.39911000	-4.77977300
24.89999870	0.00000000	-7.25885800	-6.31151500
25.09999869	0.00000000	15.12057000	-7.84940900
25.29999867	0.00000000	34.75639000	-9.00590400
25.49999866	0.00000000	46.29675000	-9.33809000
25.69999865	0.00000000	46.67199000	-8.54453700
25.89999864	0.00000000	35.78371000	-6.22539300
26.09999863	0.00000000	15.35433000	-3.11269700
26.29999862	0.00000000	-9.71948700	0.41830710
26.49999860	0.00000000	-32.94168000	4.22613100
26.69999859	0.00000000	-49.96924000	6.82824800
26.89999858	0.00000000	-56.80979000	6.82824800
27.09999857	0.00000000	-51.03962000	4.09079700
27.29999856	0.00000000	-34.10433000	-0.97194880
27.49999854	0.00000000	-10.55610000	-7.98474400
27.69999853	0.00000000	14.19168000	-15.64960000
27.89999852	0.00000000	34.66412000	-22.15797000
28.09999851	0.00000000	46.29675000	-25.17839000
28.29999850	0.00000000	46.71506000	-23.64665000
28.49999848	0.00000000	36.33735000	-17.74729000
28.69999847	0.00000000	17.82111000	-8.08316900
28.89999846	0.00000000	-4.23228400	3.90009800
29.09999845	0.00000000	-25.12303000	15.05290000
29.29999844	0.00000000	-40.61269000	23.13607000
29.49999843	0.00000000	-47.22564000	25.73819000
29.69999841	0.00000000	-44.19906000	21.46899000
29.89999840	0.00000000	-32.60949000	11.01132000
30.09999839	0.00000000	-15.25591000	-3.66633800
30.29999838	0.00000000	3.67864200	-19.46358000
30.49999837	0.00000000	19.91265000	-32.60949000
30.69999835	0.00000000	30.05659000	-40.32357000
30.89999834	0.00000000	32.47416000	-41.01870000
31.09999833	0.00000000	27.86663000	-33.63681000
31.29999832	0.00000000	17.39665000	-19.37131000
31.49999831	0.00000000	3.11884800	-1.62401600
31.69999829	0.00000000	-11.58341000	15.74803000
31.89999828	0.00000000	-23.58514000	28.90010000
32.09999827	0.00000000	-30.56102000	35.12549000
32.29999826	0.00000000	-30.97933000	33.54453000
32.49999825	0.00000000	-25.25836000	24.20645000
32.69999824	0.00000000	-15.25591000	8.40920300
32.89999822	0.00000000	-3.62942900	-10.07628000
33.09999821	0.00000000	7.21579700	-26.75935000
33.29999820	0.00000000	15.30512000	-38.74877000
33.49999819	0.00000000	18.42397000	-43.76230000
33.69999818	0.00000000	16.19094000	-40.28051000
33.89999816	0.00000000	10.04552000	-29.49680000
34.09999815	0.00000000	1.53789400	-13.65650000
34.29999814	0.00000000	-7.30807100	3.72170300
34.49999813	0.00000000	-14.27780000	18.77460000
34.69999812	0.00000000	-17.77190000	28.48179000
34.89999810	0.00000000	-17.39665000	30.80709000
35.09999809	0.00000000	-13.20743000	25.78740000
35.29999808	0.00000000	-6.69906400	14.21629000
35.49999807	0.00000000	-0.13533460	-1.15649600
35.69999806	0.00000000	5.25959600	-16.21555000
35.89999805	0.00000000	7.95398600	-27.82972000
36.09999803	0.00000000	7.21579700	-33.58760000
36.29999802	0.00000000	3.77091500	-32.10507000
36.49999801	0.00000000	-1.62401600	-24.06496000
36.69999800	0.00000000	-7.35113100	-12.16781000
36.89999799	0.00000000	-11.58341000	0.55979330
37.09999797	0.00000000	-13.16437000	10.96826000
37.29999796	0.00000000	-12.05093000	16.73228000
37.49999795	0.00000000	-8.93208600	16.35704000
37.69999794	0.00000000	-4.27534400	9.89788300
37.89999793	0.00000000	1.07037400	0.00000000
38.09999791	0.00000000	5.25959600	-10.03322000
38.29999790	0.00000000	6.88361200	-17.70423000
38.49999789	0.00000000	6.14542300	-21.13681000
38.69999788	0.00000000	3.81397600	-18.86688000
38.89999787	0.00000000	-0.09227362	-11.98942000
39.09999786	0.00000000	-4.69980300	-2.78051200
39.29999784	0.00000000	-8.97514600	6.36687900
39.49999783	0.00000000	-12.05093000	12.08169000
39.69999782	0.00000000	-13.20743000	12.50615000
39.89999781	0.00000000	-12.09400000	7.90477300
40.09999780	0.00000000	-9.39345400	-0.55364170
40.29999778	0.00000000	-5.85629900	-10.49459000
40.49999777	0.00000000	-1.62401600	-18.95300000
40.69999776	0.00000000	2.23302100	-23.51132000
40.89999775	0.00000000	4.60752900	-22.76083000
41.09999774	0.00000000	5.81323800	-16.63386000
41.29999772	0.00000000	5.77017700	-7.43110200
41.49999771	0.00000000	4.18922200	2.55905500
41.69999770	0.00000000	1.11343500	10.63607000
41.89999769	0.00000000	-2.74360200	14.49926000
42.09999768	0.00000000	-6.23154500	13.74877000
42.29999767	0.00000000	-8.97514600	8.36614100
42.49999765	0.00000000	-10.51304000	-0.04306102
42.69999764	0.00000000	-10.55610000	-8.91978400
42.89999763	0.00000000	-9.44266700	-16.25861000
43.09999762	0.00000000	-7.86171200	-20.48474000
43.29999761	0.00000000	-5.85629900	-20.52780000
43.49999759	0.00000000	-3.16190900	-16.71998000
43.69999758	0.00000000	-0.51058070	-10.58686000
43.89999757	0.00000000	1.07037400	-3.62327700
44.09999756	0.00000000	1.48868100	2.51599400
44.29999755	0.00000000	1.16264800	6.36687900
44.49999753	0.00000000	0.41830710	6.82824800
44.69999752	0.00000000	0.04306102	4.60137700
44.89999751	0.00000000	-0.04306102	1.11343500
45.09999750	0.00000000	-0.46751960	-3.15575800
45.29999749	0.00000000	-1.62401600	-7.38188900
45.49999748	0.00000000	-3.16190900	-10.45152000
45.69999746	0.00000000	-4.78592500	-11.65723000
45.89999745	0.00000000	-6.79133800	-10.91289000
46.09999744	0.00000000	-9.48572700	-9.00590400
46.29999743	0.00000000	-12.09400000	-6.26845500
46.49999742	0.00000000	-13.20743000	-3.24803100
46.69999740	0.00000000	-12.00172000	-0.87967510
46.89999739	0.00000000	-8.51377900	0.28297240
47.09999738	0.00000000	-3.06963600	0.69512790
47.29999737	0.00000000	3.11884800	-0.13533460
47.49999736	0.00000000	8.88902600	-1.99311000
47.69999734	0.00000000	12.69685000	-4.36146600
47.89999733	0.00000000	13.02903000	-6.68676100
48.09999732	0.00000000	9.53494100	-9.00590400
48.29999731	0.00000000	2.56520700	-10.49459000
48.49999730	0.00000000	-6.28075700	-10.49459000
48.69999729	0.00000000	-14.74532000	-8.96284400
48.89999727	0.00000000	-20.55856000	-6.26845500
49.09999726	0.00000000	-22.47170000	-3.15575800
49.29999725	0.00000000	-20.14025000	-0.09227362
49.49999724	0.00000000	-13.53962000	2.18380900
49.69999723	0.00000000	-4.32455700	2.60211600
49.89999721	0.00000000	5.30265700	1.43946800
50.09999720	0.00000000	12.61073000	-0.92888770
50.29999719	0.00000000	15.72958000	-4.77977300
50.49999718	0.00000000	14.19168000	-8.96284400
50.69999717	0.00000000	8.42150500	-12.03248000
50.89999715	0.00000000	-0.04306102	-13.23819000
51.09999714	0.00000000	-8.93208600	-12.45079000
51.29999713	0.00000000	-16.23400000	-10.11934000
51.49999712	0.00000000	-20.04798000	-6.21924200
51.69999711	0.00000000	-18.93455000	-1.66707700
51.89999710	0.00000000	-13.58268000	2.18380900
52.09999708	0.00000000	-5.90551100	4.14000900
52.29999707	0.00000000	2.18996000	4.14000900
52.49999706	0.00000000	8.32923100	2.22687000
52.69999705	0.00000000	11.02977000	-1.20570900
52.89999704	0.00000000	9.49187900	-4.68750000
53.09999702	0.00000000	4.18922200	-7.80019600
53.29999701	0.00000000	-2.69439000	-10.07628000
53.49999700	0.00000000	-8.88902600	-10.49459000
53.69999699	0.00000000	-13.16437000	-9.33809000
53.89999698	0.00000000	-14.65305000	-7.05585600
54.09999696	0.00000000	-12.74606000	-4.03543200
54.29999695	0.00000000	-7.76943800	-2.12844500
54.49999694	0.00000000	-1.67322800	-1.66707700
54.69999693	0.00000000	3.72170300	-2.04232300
54.89999692	0.00000000	6.79749000	-3.19881900
55.09999691	0.00000000	6.84055100	-4.73671200
55.29999689	0.00000000	4.14616100	-6.26845500
55.49999688	0.00000000	-0.46751960	-7.33882900
55.69999687	0.00000000	-5.85629900	-6.96358300
55.89999686	0.00000000	-10.46998000	-5.06274600
56.09999685	0.00000000	-13.16437000	-2.78051200
56.29999683	0.00000000	-13.16437000	-0.51058070
56.49999682	0.00000000	-10.46998000	0.55979330
56.69999681	0.00000000	-5.90551100	-0.55364170
56.89999680	0.00000000	-0.88582670	-3.24803100
57.09999679	0.00000000	2.93430100	-6.72982200
57.29999677	0.00000000	4.92741100	-10.53765000
57.49999676	0.00000000	4.56446800	-13.18898000
57.69999675	0.00000000	2.65132900	-13.56422000
57.89999674	0.00000000	-0.46751960	-11.61417000
58.09999673	0.00000000	-4.27534400	-7.38188900
58.29999672	0.00000000	-7.35113100	-1.99311000
58.49999670	0.00000000	-8.93208600	3.02042300
58.69999669	0.00000000	-8.93208600	6.87746000
58.89999668	0.00000000	-7.43725300	8.31692900
59.09999667	0.00000000	-5.11811000	6.36687900
59.29999666	0.00000000	-2.82972400	0.97810030
59.49999664	0.00000000	-0.88582670	-6.26845500
59.69999663	0.00000000	-0.13533460	-13.18898000
59.89999662	0.00000000	-0.46751960	-17.83957000
60.09999661	0.00000000	-1.58095500	-19.37131000
60.29999660	0.00000000	-2.74360200	-17.42126000
60.49999658	0.00000000	-3.53715500	-12.03248000
60.69999657	0.00000000	-4.32455700	-4.73671200
60.89999656	0.00000000	-4.65059000	2.64517700
61.09999655	0.00000000	-4.27534400	8.78444900
61.29999654	0.00000000	-3.16190900	12.17397000
61.49999653	0.00000000	-2.04847400	11.01132000
61.69999651	0.00000000	-1.67322800	5.67175200
61.89999650	0.00000000	-1.99926200	-2.04232300
62.09999649	0.00000000	-2.78666300	-10.49459000
62.29999648	0.00000000	-3.58021600	-17.42126000
62.49999647	0.00000000	-4.74286400	-20.90305000
62.69999645	0.00000000	-5.85629900	-20.53395000
62.89999644	0.00000000	-6.23154500	-16.30167000
63.09999643	0.00000000	-5.85629900	-9.38115100
63.29999642	0.00000000	-4.69980300	-1.66707700
63.49999641	0.00000000	-3.11884800	5.29650500
63.69999639	0.00000000	-1.20570900	9.89788300
63.89999638	0.00000000	0.65206690	11.05438000
64.09999637	0.00000000	1.02731300	8.40920300
64.29999636	0.00000000	-0.04306102	3.06963600
64.49999635	0.00000000	-1.58095500	-3.15575800
64.69999634	0.00000000	-3.20497000	-9.33809000
64.89999632	0.00000000	-5.11811000	-14.35162000
65.09999631	0.00000000	-6.97588500	-16.67692000
65.29999630	0.00000000	-7.35113100	-16.35089000
65.49999629	0.00000000	-6.28075700	-13.65650000
65.69999628	0.00000000	-4.74286400	-9.47342500
65.89999626	0.00000000	-3.16190900	-5.19808000
66.09999625	0.00000000	-1.67322800	-1.62401600
66.29999624	0.00000000	-0.88582670	1.48868100
66.49999623	0.00000000	-1.24877000	3.76476400
66.69999622	0.00000000	-2.04847400	4.18307100
66.89999620	0.00000000	-3.58021600	3.11269700
67.09999619	0.00000000	-5.43799200	1.53174200
67.29999618	0.00000000	-6.18848400	-0.46751960
67.49999617	0.00000000	-5.81323800	-3.19881900
67.69999616	0.00000000	-4.27534400	-6.31151500
67.89999615	0.00000000	-1.95620100	-9.42421200
68.09999613	0.00000000	0.33218500	-12.16781000
68.29999612	0.00000000	2.23302100	-14.03174000
68.49999611	0.00000000	2.56520700	-14.39468000
68.69999610	0.00000000	1.07037400	-12.49385000
68.89999609	0.00000000	-1.67322800	-9.38115100
69.09999607	0.00000000	-5.16117100	-5.43184000
69.29999606	0.00000000	-9.01820900	-0.41830710
69.49999605	0.00000000	-12.05093000	4.14000900
69.69999604	0.00000000	-13.20743000	6.87746000
69.89999603	0.00000000	-12.00172000	7.24655500
70.09999601	0.00000000	-8.51377900	5.33956700
70.29999600	0.00000000	-3.11884800	1.43946800
70.49999599	0.00000000	2.60826800	-3.57406500
70.69999598	0.00000000	6.84055100	-9.00590400
70.89999597	0.00000000	8.42150500	-13.56422000
71.09999596	0.00000000	7.30807100	-15.88336000
71.29999594	0.00000000	4.14616100	-15.14518000
71.49999593	0.00000000	-0.88582670	-12.11860000
71.69999592	0.00000000	-7.06815900	-7.84940900
71.89999591	0.00000000	-12.42003000	-3.20497000
72.09999590	0.00000000	-15.95103000	1.02116100
72.29999588	0.00000000	-16.70152000	3.71555100
72.49999587	0.00000000	-14.74532000	4.14000900
72.69999586	0.00000000	-10.09473000	2.60211600
72.89999585	0.00000000	-3.58021600	-0.41830710
73.09999584	0.00000000	2.56520700	-3.90009800
73.29999582	0.00000000	6.88361200	-6.60063900
73.49999581	0.00000000	8.79675100	-8.54453700
73.69999580	0.00000000	8.04626000	-8.91978400
73.89999579	0.00000000	4.60752900	-7.80019600
74.09999578	0.00000000	-0.04306102	-5.93626900
74.29999577	0.00000000	-5.11811000	-4.03543200
74.49999575	0.00000000	-10.09473000	-3.29109200
74.69999574	0.00000000	-13.16437000	-3.66633800
74.89999573	0.00000000	-13.58268000	-5.15501900
75.09999572	0.00000000	-11.71875000	-7.05585600
75.29999571	0.00000000	-8.23695900	-8.17544300
75.49999569	0.00000000	-4.36761800	-8.54453700
75.69999568	0.00000000	-0.51058070	-7.33882900
75.89999567	0.00000000	2.18996000	-4.64443900
76.09999566	0.00000000	2.98351400	-1.20570900
76.29999565	0.00000000	2.27608300	2.18380900
76.49999563	0.00000000	0.37524600	3.71555100
76.69999562	0.00000000	-1.53789400	2.97736200
76.89999561	0.00000000	-3.16190900	0.60285430
77.09999560	0.00000000	-4.65059000	-3.66633800
77.29999559	0.00000000	-5.43799200	-9.00590400
77.49999558	0.00000000	-5.07504900	-13.61343000
77.69999556	0.00000000	-4.36761800	-16.30167000
77.89999555	0.00000000	-3.62942900	-16.30167000
78.09999554	0.00000000	-3.62942900	-13.61343000
78.29999553	0.00000000	-4.36761800	-8.96284400
78.49999552	0.00000000	-5.11811000	-3.20497000
78.69999550	0.00000000	-5.85629900	2.22687000
78.89999549	0.00000000	-5.81323800	6.09005900
79.09999548	0.00000000	-4.69980300	7.99089500
79.29999547	0.00000000	-3.16190900	6.82824800
79.49999546	0.00000000	-1.58095500	3.02042300
79.69999544	0.00000000	-0.04306102	-1.99311000
79.89999543	0.00000000	1.07037400	-7.42495000
80.09999542	0.00000000	1.02731300	-12.03248000
80.29999541	0.00000000	-0.46751960	-14.76993000
80.49999540	0.00000000	-2.78666300	-15.18824000
80.69999539	0.00000000	-5.11811000	-13.65650000
80.89999537	0.00000000	-7.43725300	-10.58686000
81.09999536	0.00000000	-8.93208600	-6.72982200
81.29999535	0.00000000	-8.93208600	-3.19881900
81.49999534	0.00000000	-7.39419200	-0.04306102
81.69999533	0.00000000	-4.69980300	2.60211600
81.89999531	0.00000000	-1.62401600	3.76476400
82.09999530	0.00000000	1.07037400	3.06348400
82.29999529	0.00000000	2.60826800	1.53174200
82.49999528	0.00000000	2.60826800	-0.46751960
82.69999527	0.00000000	1.11343500	-3.19881900
82.89999525	0.00000000	-1.20570900	-6.26845500
83.09999524	0.00000000	-3.53715500	-9.00590400
83.29999523	0.00000000	-5.85629900	-10.96211000
83.49999522	0.00000000	-7.35113100	-12.11860000
83.69999521	0.00000000	-7.39419200	-12.07554000
83.89999520	0.00000000	-6.32381900	-10.53765000
84.09999518	0.00000000	-5.16117100	-7.84940900
84.29999517	0.00000000	-4.32455700	-4.68750000
84.49999516	0.00000000	-3.20497000	-1.20570900
84.69999515	0.00000000	-2.46678100	2.27608300
84.89999514	0.00000000	-2.78666300	4.50910400
85.09999512	0.00000000	-3.11884800	4.92125900
85.29999511	0.00000000	-3.16190900	2.97736200
85.49999510	0.00000000	-3.16190900	-0.46751960
85.69999509	0.00000000	-3.11884800	-4.77977300
85.89999508	0.00000000	-2.74360200	-9.38115100
86.09999506	0.00000000	-2.04847400	-13.23819000
86.29999505	0.00000000	-2.04847400	-15.14518000
86.49999504	0.00000000	-2.78666300	-14.76993000
86.69999503	0.00000000	-3.58021600	-12.03248000
86.89999502	0.00000000	-4.74286400	-7.42495000
87.09999501	0.00000000	-5.85629900	-2.08538400
87.29999499	0.00000000	-6.28075700	2.18380900
87.49999498	0.00000000	-6.28075700	4.50910400
87.69999497	0.00000000	-5.85629900	4.87819900
87.89999496	0.00000000	-4.69980300	2.55905500
88.09999495	0.00000000	-3.16190900	-1.62401600
88.29999493	0.00000000	-1.62401600	-6.26845500
88.49999492	0.00000000	-0.46751960	-10.49459000
88.69999491	0.00000000	-0.13533460	-13.18898000
88.89999490	0.00000000	-0.88582670	-13.56422000
89.09999489	0.00000000	-2.78666300	-11.65723000
89.29999487	0.00000000	-4.65059000	-7.80019600
89.49999486	0.00000000	-5.85629900	-3.20497000
89.69999485	0.00000000	-6.28075700	1.02116100
89.89999484	0.00000000	-6.28075700	3.71555100
90.09999483	0.00000000	-5.85629900	4.09079700
90.29999482	0.00000000	-4.74286400	2.18380900
90.49999480	0.00000000	-3.58021600	-1.66707700
90.69999479	0.00000000	-2.78666300	-6.26845500
90.89999478	0.00000000	-1.99926200	-10.49459000
91.09999477	0.00000000	-1.62401600	-13.18898000
91.29999476	0.00000000	-1.62401600	-13.52116000
91.49999474	0.00000000	-1.99926200	-11.28199000
91.69999473	0.00000000	-2.74360200	-7.01894700
91.89999472	0.00000000	-3.11884800	-2.45447800
92.09999471	0.00000000	-3.16190900	1.80856300
92.29999470	0.00000000	-3.16190900	4.04773600
92.49999468	0.00000000	-3.16190900	3.71555100
92.69999467	0.00000000	-3.20497000	1.02116100
92.89999466	0.00000000	-3.58021600	-3.15575800
93.09999465	0.00000000	-4.36761800	-7.43110200
93.29999464	0.00000000	-5.11811000	-10.86983000
93.49999463	0.00000000	-5.90551100	-12.77067000
93.69999461	0.00000000	-6.23154500	-11.98942000
93.89999460	0.00000000	-5.85629900	-9.00590400
94.09999459	0.00000000	-4.65059000	-5.15501900
94.29999458	0.00000000	-2.74360200	-1.66707700
94.49999457	0.00000000	-0.46751960	1.02116100
94.69999455	0.00000000	1.07037400	2.18380900
94.89999454	0.00000000	1.48868100	1.39640700
95.09999453	0.00000000	1.07037400	-0.92888770
95.29999452	0.00000000	-0.51058070	-4.73671200
95.49999451	0.00000000	-3.16190900	-8.54453700
95.69999449	0.00000000	-5.90551100	-10.86983000
95.89999448	0.00000000	-8.23695900	-11.65723000
96.09999447	0.00000000	-10.13779000	-10.49459000
96.29999446	0.00000000	-10.46998000	-7.84940900
96.49999445	0.00000000	-8.97514600	-4.73671200
96.69999444	0.00000000	-6.23154500	-1.66707700
96.89999442	0.00000000	-2.74360200	0.60285430
97.09999441	0.00000000	1.11343500	0.97810030
97.29999440	0.00000000	4.14616100	-0.46751960
97.49999439	0.00000000	5.35187000	-2.78051200
97.69999438	0.00000000	4.60752900	-5.06274600
97.89999436	0.00000000	2.65132900	-7.05585600
98.09999435	0.00000000	-0.51058070	-8.17544300
98.29999434	0.00000000	-4.69980300	-8.58759800
98.49999433	0.00000000	-8.55684000	-7.80019600
98.69999432	0.00000000	-10.88829000	-6.31151500
98.89999430	0.00000000	-11.71875000	-4.77977300
99.09999429	0.00000000	-10.88829000	-3.62327700
99.29999428	0.00000000	-8.59990100	-3.19881900
99.49999427	0.00000000	-5.11811000	-3.15575800
99.69999426	0.00000000	-1.62401600	-3.15575800
99.89999425	0.00000000	1.48868100	-3.15575800
100.09999423	0.00000000	3.77091500	-3.15575800
100.29999422	0.00000000	4.14616100	-3.11269700
100.49999421	0.00000000	2.69439000	-2.73745100
100.69999420	0.00000000	0.37524600	-2.04232300
100.89999419	0.00000000	-1.99926200	-2.08538400
101.09999417	0.00000000	-4.74286400	-3.19881900
101.29999416	0.00000000	-7.39419200	-4.73671200
101.49999415	0.00000000	-8.97514600	-6.31151500
101.69999414	0.00000000	-9.39345400	-7.80019600
101.89999413	0.00000000	-8.97514600	-8.58759800
102.09999411	0.00000000	-7.43725300	-8.17544300
102.29999410	0.00000000	-5.11811000	-7.01279500
102.49999409	0.00000000	-2.82972400	-4.64443900
102.69999408	0.00000000	-0.83661410	-1.66707700
102.89999407	0.00000000	0.33218500	0.64591530
103.09999406	0.00000000	1.11343500	1.43946800
103.29999404	0.00000000	1.02731300	1.06422200
103.49999403	0.00000000	-0.46751960	-0.51058070
103.69999402	0.00000000	-2.74360200	-3.19881900
103.89999401	0.00000000	-4.69980300	-6.26845500
104.09999400	0.00000000	-6.28075700	-8.96284400
104.29999398	0.00000000	-7.43725300	-10.49459000
104.49999397	0.00000000	-7.81250000	-10.49459000
104.69999396	0.00000000	-7.43725300	-8.96284400
104.89999395	0.00000000	-6.28075700	-6.31151500
105.09999394	0.00000000	-4.74286400	-3.61712600
105.29999392	0.00000000	-3.20497000	-1.66707700
105.49999391	0.00000000	-2.04847400	-0.46136810
105.69999390	0.00000000	-1.67322800	-0.13533460
105.89999389	0.00000000	-1.99926200	-0.87967510
106.09999388	0.00000000	-2.78666300	-2.82972400
106.29999387	0.00000000	-3.53715500	-5.06274600
106.49999385	0.00000000	-4.32455700	-7.05585600
106.69999384	0.00000000	-4.69980300	-8.17544300
106.89999383	0.00000000	-4.69980300	-8.54453700
107.09999382	0.00000000	-4.32455700	-7.38188900
107.29999381	0.00000000	-3.53715500	-5.15501900
107.49999379	0.00000000	-2.78666300	-3.24803100
107.69999378	0.00000000	-2.04847400	-2.04232300
107.89999377	0.00000000	-2.04847400	-1.66707700
108.09999376	0.00000000	-2.78666300	-2.04232300
108.29999375	0.00000000	-3.53715500	-3.19881900
108.49999374	0.00000000	-4.36761800	-4.73671200
108.69999372	0.00000000	-5.11811000	-6.26845500
108.89999371	0.00000000	-5.85629900	-7.38188900
109.09999370	0.00000000	-5.85629900	-7.38188900
109.29999369	0.00000000	-5.11811000	-6.26845500
109.49999368	0.00000000	-4.32455700	-4.77977300
109.69999366	0.00000000	-3.11884800	-3.57406500
109.89999365	0.00000000	-1.67322800	-2.78051200
110.09999364	0.00000000	-0.88582670	-2.04232300
110.29999363	0.00000000	-1.24877000	-2.04232300
110.49999362	0.00000000	-1.99926200	-2.78051200
110.69999360	0.00000000	-3.16190900	-3.57406500
110.89999359	0.00000000	-4.32455700	-4.73671200
111.09999358	0.00000000	-5.11811000	-5.89320800
111.29999357	0.00000000	-5.85629900	-6.68676100
111.49999356	0.00000000	-5.85629900	-7.42495000
111.69999355	0.00000000	-5.11811000	-7.38188900
111.89999353	0.00000000	-4.36761800	-6.31151500
112.09999352	0.00000000	-3.53715500	-5.15501900
112.29999351	0.00000000	-2.78666300	-4.36146600
112.49999350	0.00000000	-2.04847400	-3.57406500
112.69999349	0.00000000	-2.04847400	-3.19881900
112.89999347	0.00000000	-2.74360200	-3.15575800
113.09999346	0.00000000	-3.11884800	-3.15575800
113.29999345	0.00000000	-3.20497000	-3.19881900
113.49999344	0.00000000	-3.58021600	-3.57406500
113.69999343	0.00000000	-4.32455700	-4.31840500
113.89999341	0.00000000	-4.69980300	-4.69365100
114.09999340	0.00000000	-4.74286400	-4.77977300
114.29999339	0.00000000	-4.69980300	-5.15501900
114.49999338	0.00000000	-4.32455700	-5.89320800
114.69999337	0.00000000	-3.58021600	-6.26845500
114.89999336	0.00000000	-3.20497000	-6.31151500
115.09999334	0.00000000	-3.16190900	-6.31151500
115.29999333	0.00000000	-3.16190900	-6.26845500
115.49999332	0.00000000	-3.16190900	-5.89320800
115.69999331	0.00000000	-3.16190900	-5.11195900
115.89999330	0.00000000	-3.16190900	-4.36146600
116.09999328	0.00000000	-3.20497000	-3.53100400
116.29999327	0.00000000	-3.58021600	-2.82357300
116.49999326	0.00000000	-4.32455700	-2.41141700
116.69999325	0.00000000	-4.69980300	-2.78051200
116.89999324	0.00000000	-4.74286400	-3.15575800
117.09999322	0.00000000	-4.69980300	-3.57406500
117.29999321	0.00000000	-4.32455700	-4.36146600
117.49999320	0.00000000	-3.53715500	-5.15501900
117.69999319	0.00000000	-2.78666300	-6.26845500
117.89999318	0.00000000	-1.99926200	-7.00664300
118.09999317	0.00000000	-1.67322800	-6.68676100
118.29999315	0.00000000	-1.99926200	-6.31151500
118.49999314	0.00000000	-2.78666300	-5.89320800
118.69999313	0.00000000	-3.53715500	-5.11195900
118.89999312	0.00000000	-4.36761800	-4.36146600
119.09999311	0.00000000	-5.11811000	-3.57406500
119.29999309	0.00000000	-5.90551100	-3.19881900
119.49999308	0.00000000	-6.23154500	-3.15575800
119.69999307	0.00000000	-5.85629900	-3.15575800
119.89999306	0.00000000	-4.69980300	-3.19881900
120.09999305	0.00000000	-3.20497000	-3.57406500
120.29999303	0.00000000	-1.99926200	-4.31840500
120.49999302	0.00000000	-1.20570900	-4.73671200
120.69999301	0.00000000	-0.46751960	-5.15501900
120.89999300	0.00000000	-0.51058070	-5.85014700
121.09999299	0.00000000	-1.58095500	-5.89320800
121.29999298	0.00000000	-2.78666300	-5.57332700
121.49999296	0.00000000	-3.95546200	-5.89320800
121.69999295	0.00000000	-5.48720400	-5.85014700
121.89999294	0.00000000	-6.23154500	-5.15501900
122.09999293	0.00000000	-6.32381900	-4.77977300
122.29999292	0.00000000	-6.28075700	-4.69365100
122.49999290	0.00000000	-5.90551100	-4.31840500
122.69999289	0.00000000	-5.11811000	-3.57406500
122.89999288	0.00000000	-4.32455700	-3.19881900
123.09999287	0.00000000	-3.16190900	-3.15575800
123.29999286	0.00000000	-2.04847400	-3.19881900
123.49999284	0.00000000	-1.62401600	-3.57406500
123.69999283	0.00000000	-1.58095500	-4.31840500
123.89999282	0.00000000	-1.62401600	-4.73671200
124.09999281	0.00000000	-1.99926200	-5.15501900
124.29999280	0.00000000	-2.78666300	-5.89320800
124.49999279	0.00000000	-3.53715500	-6.21924200
124.69999277	0.00000000	-4.36761800	-5.89320800
124.89999276	0.00000000	-5.11811000	-5.15501900
125.09999275	0.00000000	-5.90551100	-4.77977300
125.29999274	0.00000000	-6.23154500	-4.69365100
125.49999273	0.00000000	-5.90551100	-4.31840500
125.69999271	0.00000000	-5.11811000	-3.57406500
125.89999270	0.00000000	-4.36761800	-3.19881900
126.09999269	0.00000000	-3.53715500	-3.15575800
126.29999268	0.00000000	-2.78666300	-3.19881900
126.49999267	0.00000000	-1.99926200	-3.57406500
126.69999265	0.00000000	-1.67322800	-4.31840500
126.89999264	0.00000000	-1.99926200	-4.69365100
127.09999263	0.00000000	-2.78666300	-4.77977300
127.29999262	0.00000000	-3.53715500	-5.11195900
127.49999261	0.00000000	-4.36761800	-5.47490100
127.69999260	0.00000000	-5.11811000	-5.11195900
127.89999258	0.00000000	-5.85629900	-4.77977300
128.09999257	0.00000000	-5.85629900	-4.73671200
128.29999256	0.00000000	-5.11811000	-4.73671200
128.49999255	0.00000000	-4.36761800	-4.69365100
128.69999254	0.00000000	-3.53715500	-4.31840500
128.89999252	0.00000000	-2.78666300	-3.62327700
129.09999251	0.00000000	-1.99926200	-3.62327700
129.29999250	0.00000000	-1.67322800	-4.31840500
129.49999249	0.00000000	-2.04847400	-4.69365100
129.69999248	0.00000000	-3.16190900	-4.73671200
129.89999246	0.00000000	-4.32455700	-4.73671200
130.09999245	0.00000000	-5.11811000	-4.73671200
130.29999244	0.00000000	-5.90551100	-4.73671200
130.49999243	0.00000000	-6.23154500	-4.73671200
130.69999242	0.00000000	-5.85629900	-4.73671200
130.89999241	0.00000000	-4.74286400	-4.69365100
131.09999239	0.00000000	-3.58021600	-4.36146600
131.29999238	0.00000000	-2.78666300	-3.99237200
131.49999237	0.00000000	-2.04847400	-4.36146600
131.69999236	0.00000000	-2.04847400	-4.73671200
131.89999235	0.00000000	-2.78666300	-5.15501900
132.09999233	0.00000000	-3.53715500	-5.89320800
132.29999232	0.00000000	-4.32455700	-6.26845500
132.49999231	0.00000000	-4.69980300	-6.26845500
132.69999230	0.00000000	-4.74286400	-5.89320800
132.89999229	0.00000000	-4.69980300	-5.11195900
133.09999227	0.00000000	-4.36761800	-4.36146600
133.29999226	0.00000000	-3.95546200	-3.57406500
133.49999225	0.00000000	-3.94931100	-3.19881900
133.69999224	0.00000000	-3.53715500	-3.15575800
133.89999223	0.00000000	-3.20497000	-3.19881900
134.09999222	0.00000000	-3.20497000	-3.57406500
134.29999220	0.00000000	-3.58021600	-4.36146600
134.49999219	0.00000000	-4.27534400	-5.11195900
134.69999218	0.00000000	-4.27534400	-5.89320800
134.89999217	0.00000000	-3.58021600	-6.26845500
135.09999216	0.00000000	-3.20497000	-6.31151500
135.29999214	0.00000000	-3.16190900	-6.26845500
135.49999213	0.00000000	-3.16190900	-5.89320800
135.69999212	0.00000000	-3.16190900	-5.15501900
135.89999211	0.00000000	-3.20497000	-4.73671200
136.09999210	0.00000000	-3.58021600	-4.31840500
136.29999208	0.00000000	-4.32455700	-3.57406500
136.49999207	0.00000000	-4.69980300	-3.24803100
136.69999206	0.00000000	-4.74286400	-3.57406500
136.89999205	0.00000000	-4.74286400	-4.31840500
137.09999204	0.00000000	-4.69980300	-4.69365100
137.29999203	0.00000000	-4.32455700	-4.73671200
137.49999201	0.00000000	-3.58021600	-4.77977300
137.69999200	0.00000000	-3.16190900	-5.15501900
137.89999199	0.00000000	-2.78666300	-5.89320800
138.09999198	0.00000000	-2.41756900	-6.26845500
138.29999197	0.00000000	-2.78666300	-6.31151500
138.49999195	0.00000000	-3.16190900	-6.26845500
138.69999194	0.00000000	-3.58021600	-5.89320800
138.89999193	0.00000000	-4.32455700	-5.15501900
139.09999192	0.00000000	-4.74286400	-4.73671200
139.29999191	0.00000000	-5.07504900	-4.31840500
139.49999189	0.00000000	-5.11195900	-3.57406500
139.69999188	0.00000000	-4.33070900	-3.19881900
139.89999187	0.00000000	-3.99237200	-3.19881900
140.09999186	0.00000000	-3.53715500	-3.57406500
140.29999185	0.00000000	-3.20497000	-4.36146600
140.49999184	0.00000000	-3.16190900	-5.11195900
140.69999182	0.00000000	-3.16190900	-5.89320800
140.89999181	0.00000000	-3.20497000	-6.26845500
141.09999180	0.00000000	-3.58021600	-6.31151500
141.29999179	0.00000000	-4.32455700	-6.26845500
141.49999178	0.00000000	-4.69980300	-5.89320800
141.69999176	0.00000000	-4.74286400	-5.11195900
141.89999175	0.00000000	-4.69980300	-4.36146600
142.09999174	0.00000000	-4.32455700	-3.57406500
142.29999173	0.00000000	-3.58021600	-3.19881900
142.49999172	0.00000000	-3.20497000	-3.15575800
142.69999170	0.00000000	-3.16190900	-3.19881900
142.89999169	0.00000000	-3.16190900	-3.57406500
143.09999168	0.00000000	-3.20497000	-4.36146600
143.29999167	0.00000000	-3.58021600	-5.11195900
143.49999166	0.00000000	-4.32455700	-5.93626900
143.69999165	0.00000000	-4.69980300	-6.64370100
143.89999163	0.00000000	-4.74286400	-7.05585600
144.09999162	0.00000000	-4.69980300	-6.64370100
144.29999161	0.00000000	-4.32455700	-5.93626900
144.49999160	0.00000000	-3.58021600	-5.11195900
144.69999159	0.00000000	-3.20497000	-4.36146600
144.89999157	0.00000000	-3.16190900	-3.57406500
145.09999156	0.00000000	-3.16190900	-3.19881900
145.29999155	0.00000000	-3.20497000	-3.19881900
145.49999154	0.00000000	-3.58021600	-3.57406500
145.69999153	0.00000000	-4.32455700	-4.36146600
145.89999151	0.00000000	-4.69980300	-5.11195900
146.09999150	0.00000000	-4.74286400	-5.89320800
146.29999149	0.00000000	-4.74286400	-6.26845500
146.49999148	0.00000000	-4.69980300	-6.31151500
146.69999147	0.00000000	-4.32455700	-6.26845500
146.89999146	0.00000000	-3.58021600	-5.89320800
147.09999144	0.00000000	-3.20497000	-5.15501900
147.29999143	0.00000000	-3.16190900	-4.77977300
147.49999142	0.00000000	-3.16190900	-4.73671200
147.69999141	0.00000000	-3.20497000	-4.69365100
147.89999140	0.00000000	-3.58021600	-4.36146600
148.09999138	0.00000000	-4.32455700	-3.99237200
148.29999137	0.00000000	-4.69980300	-4.36146600
148.49999136	0.00000000	-4.74286400	-4.69365100
148.69999135	0.00000000	-4.69980300	-4.73671200
148.89999134	0.00000000	-4.36761800	-4.77977300
149.09999132	0.00000000	-3.95546200	-5.15501900
149.29999131	0.00000000	-3.94931100	-5.89320800
149.49999130	0.00000000	-3.53715500	-6.21924200
149.69999129	0.00000000	-3.20497000	-5.89320800
149.89999128	0.00000000	-3.16190900	-5.15501900
150.09999127	0.00000000	-3.16190900	-4.77977300
150.29999125	0.00000000	-3.20497000	-4.73671200
150.49999124	0.00000000	-3.58021600	-4.73671200
150.69999123	0.00000000	-4.32455700	-4.69365100
150.89999122	0.00000000	-4.69980300	-4.36146600
151.09999121	0.00000000	-4.74286400	-3.99237200
151.29999119	0.00000000	-4.74286400	-4.36146600
151.49999118	0.00000000	-4.74286400	-4.69365100
151.69999117	0.00000000	-4.74286400	-4.73671200
151.89999116	0.00000000	-4.69980300	-4.73671200
152.09999115	0.00000000	-4.32455700	-4.73671200
152.29999113	0.00000000	-3.58021600	-4.73671200
152.49999112	0.00000000	-3.20497000	-4.73671200
152.69999111	0.00000000	-3.16190900	-4.73671200
152.89999110	0.00000000	-3.16190900	-4.73671200
153.09999109	0.00000000	-3.16190900	-4.73671200
153.29999108	0.00000000	-3.20497000	-4.73671200
153.49999106	0.00000000	-3.58021600	-4.73671200
153.69999105	0.00000000	-4.32455700	-4.69365100
153.89999104	0.00000000	-4.69980300	-4.36146600
154.09999103	0.00000000	-4.74286400	-3.99237200
154.29999102	0.00000000	-4.74286400	-4.36146600
154.49999100	0.00000000	-4.74286400	-4.69365100
154.69999099	0.00000000	-4.74286400	-4.73671200
154.89999098	0.00000000	-4.69980300	-4.73671200
155.09999097	0.00000000	-4.32455700	-4.73671200
155.29999096	0.00000000	-3.58021600	-4.73671200
155.49999094	0.00000000	-3.20497000	-4.73671200
155.69999093	0.00000000	-3.16190900	-4.73671200
155.89999092	0.00000000	-3.16190900	-4.73671200
156.09999091	0.00000000	-3.16190900	-4.73671200
156.29999090	0.00000000	-3.20497000	-4.73671200
156.49999089	0.00000000	-3.58021600	-4.73671200
156.69999087	0.00000000	-4.32455700	-4.69365100
156.89999086	0.00000000	-4.69980300	-4.31840500
157.09999085	0.00000000	-4.74286400	-3.57406500
157.29999084	0.00000000	-4.74286400	-3.24803100
157.49999083	0.00000000	-4.74286400	-3.57406500
157.69999081	0.00000000	-4.74286400	-4.31840500
157.89999080	0.00000000	-4.69980300	-4.69365100
158.09999079	0.00000000	-4.32455700	-4.77977300
158.29999078	0.00000000	-3.58021600	-5.15501900
158.49999077	0.00000000	-3.20497000	-5.85014700
158.69999075	0.00000000	-3.16190900	-5.85014700
158.89999074	0.00000000	-3.16190900	-5.15501900
159.09999073	0.00000000	-3.16190900	-4.77977300
159.29999072	0.00000000	-3.20497000	-4.73671200
159.49999071	0.00000000	-3.58021600	-4.69365100
159.69999070	0.00000000	-4.32455700	-4.31840500
159.89999068	0.00000000	-4.69980300	-3.57406500
160.09999067	0.00000000	-4.74286400	-3.24803100
160.29999066	0.00000000	-4.74286400	-3.57406500
160.49999065	0.00000000	-4.74286400	-4.31840500
160.69999064	0.00000000	-4.69980300	-4.69365100
160.89999062	0.00000000	-4.36761800	-4.73671200
161.09999061	0.00000000	-3.99852300	-4.73671200
161.29999060	0.00000000	-4.32455700	-4.77977300
161.49999059	0.00000000	-4.27534400	-5.11195900
161.69999058	0.00000000	-3.58021600	-5.47490100
161.89999056	0.00000000	-3.20497000	-5.11195900
162.09999055	0.00000000	-3.20497000	-4.77977300
162.29999054	0.00000000	-3.53715500	-4.73671200
162.49999053	0.00000000	-3.90625000	-4.73671200
162.69999052	0.00000000	-3.58021600	-4.73671200
162.89999051	0.00000000	-3.62942900	-4.73671200
163.09999049	0.00000000	-4.32455700	-4.73671200
163.29999048	0.00000000	-4.69980300	-4.73671200
163.49999047	0.00000000	-4.74286400	-4.73671200
163.69999046	0.00000000	-4.74286400	-4.73671200
163.89999045	0.00000000	-4.74286400	-4.73671200
164.09999043	0.00000000	-4.74286400	-4.73671200
164.29999042	0.00000000	-4.69980300	-4.73671200
164.49999041	0.00000000	-4.32455700	-4.73671200
164.69999040	0.00000000	-3.58021600	-4.73671200
164.89999039	0.00000000	-3.20497000	-4.73671200
165.09999037	0.00000000	-3.16190900	-4.73671200
165.29999036	0.00000000	-3.16190900	-4.73671200
165.49999035	0.00000000	-3.20497000	-4.73671200
165.69999034	0.00000000	-3.53715500	-4.73671200
165.89999033	0.00000000	-3.94931100	-4.73671200
166.09999032	0.00000000	-3.95546200	-4.73671200
166.29999030	0.00000000	-4.36761800	-4.73671200
166.49999029	0.00000000	-4.69980300	-4.73671200
166.69999028	0.00000000	-4.74286400	-4.73671200
166.89999027	0.00000000	-4.74286400	-4.73671200
167.09999026	0.00000000	-4.74286400	-4.73671200
167.29999024	0.00000000	-4.69980300	-4.73671200
167.49999023	0.00000000	-4.32455700	-4.73671200
167.69999022	0.00000000	-3.58021600	-4.73671200
167.89999021	0.00000000	-3.25418300	-4.77977300
168.09999020	0.00000000	-3.53715500	-5.11195900
168.29999018	0.00000000	-3.90625000	-5.47490100
168.49999017	0.00000000	-3.53715500	-5.11195900
168.69999016	0.00000000	-3.25418300	-4.77977300
168.89999015	0.00000000	-3.58021600	-4.73671200
169.09999014	0.00000000	-4.32455700	-4.73671200
169.29999013	0.00000000	-4.69980300	-4.73671200
169.49999011	0.00000000	-4.74286400	-4.73671200
169.69999010	0.00000000	-4.74286400	-4.73671200
169.89999009	0.00000000	-4.74286400	-4.73671200
170.09999008	0.00000000	-4.74286400	-4.73671200
170.29999007	0.00000000	-4.74286400	-4.73671200
170.49999005	0.00000000	-4.74286400	-4.73671200
170.69999004	0.00000000	-4.74286400	-4.73671200
170.89999003	0.00000000	-4.74286400	-4.73671200
171.09999002	0.00000000	-4.74286400	-4.77977300
171.29999001	0.00000000	-4.69980300	-5.11195900
171.49998999	0.00000000	-4.36761800	-5.47490100
171.69998998	0.00000000	-3.99852300	-5.11195900
171.89998997	0.00000000	-4.36761800	-4.77977300
172.09998996	0.00000000	-4.69980300	-4.73671200
172.29998995	0.00000000	-4.74286400	-4.73671200
172.49998994	0.00000000	-4.74286400	-4.73671200
172.69998992	0.00000000	-4.74286400	-4.73671200
172.89998991	0.00000000	-4.74286400	-4.73671200
173.09998990	0.00000000	-4.74286400	-4.73671200
173.29998989	0.00000000	-4.69980300	-4.73671200
173.49998988	0.00000000	-4.32455700	-4.73671200
173.69998986	0.00000000	-3.62942900	-4.73671200
173.89998985	0.00000000	-3.58021600	-4.73671200
174.09998984	0.00000000	-3.94931100	-4.73671200
174.29998983	0.00000000	-3.91240100	-4.73671200
174.49998982	0.00000000	-3.99237200	-4.73671200
174.69998980	0.00000000	-3.95546200	-4.73671200
174.89998979	0.00000000	-4.36761800	-4.73671200
175.09998978	0.00000000	-4.69980300	-4.73671200
175.29998977	0.00000000	-4.74286400	-4.73671200
175.49998976	0.00000000	-4.74286400	-4.73671200
175.69998975	0.00000000	-4.74286400	-4.73671200
175.89998973	0.00000000	-4.74286400	-4.73671200
176.09998972	0.00000000	-4.74286400	-4.73671200
176.29998971	0.00000000	-4.74286400	-4.73671200
176.49998970	0.00000000	-4.69980300	-4.73671200
176.69998969	0.00000000	-4.32455700	-4.73671200
176.89998967	0.00000000	-3.62942900	-4.73671200
177.09998966	0.00000000	-3.58021600	-4.73671200
177.29998965	0.00000000	-3.94931100	-4.73671200
177.49998964	0.00000000	-3.95546200	-4.73671200
177.69998963	0.00000000	-4.36761800	-4.73671200
177.89998961	0.00000000	-4.69980300	-4.73671200
178.09998960	0.00000000	-4.69980300	-4.73671200
178.29998959	0.00000000	-4.36761800	-4.73671200
178.49998958	0.00000000	-3.99852300	-4.73671200
178.69998957	0.00000000	-4.36761800	-4.73671200
178.89998956	0.00000000	-4.69980300	-4.73671200
179.09998954	0.00000000	-4.74286400	-4.73671200
179.29998953	0.00000000	-4.74286400	-4.73671200
179.49998952	0.00000000	-4.74286400	-4.73671200
179.69998951	0.00000000	-4.69980300	-4.73671200
179.89998950	0.00000000	-4.36761800	-4.77977300
180.09998948	0.00000000	-3.99852300	-5.15501900
180.29998947	0.00000000	-4.32455700	-5.85014700
180.49998946	0.00000000	-4.32455700	-5.85014700
180.69998945	0.00000000	-3.99852300	-5.15501900
180.89998944	0.00000000	-4.36761800	-4.77977300
181.09998942	0.00000000	-4.69980300	-4.73671200
181.29998941	0.00000000	-4.74286400	-4.73671200
181.49998940	0.00000000	-4.74286400	-4.73671200
181.69998939	0.00000000	-4.74286400	-4.73671200
181.89998938	0.00000000	-4.74286400	-4.73671200
182.09998937	0.00000000	-4.74286400	-4.73671200
182.29998935	0.00000000	-4.69980300	-4.73671200
182.49998934	0.00000000	-4.36761800	-4.73671200
182.69998933	0.00000000	-3.95546200	-4.73671200
182.89998932	0.00000000	-3.99237200	-4.73671200
183.09998931	0.00000000	-3.95546200	-4.77977300
183.29998929	0.00000000	-4.36761800	-5.11195900
183.49998928	0.00000000	-4.69980300	-5.51796200
183.69998927	0.00000000	-4.74286400	-5.48105300
183.89998926	0.00000000	-4.74286400	-5.51796200
184.09998925	0.00000000	-4.74286400	-5.11195900
184.29998923	0.00000000	-4.74286400	-4.77977300
184.49998922	0.00000000	-4.74286400	-4.73671200
184.69998921	0.00000000	-4.74286400	-4.73671200
184.89998920	0.00000000	-4.74286400	-4.69365100
185.09998919	0.00000000	-4.74286400	-4.36146600
185.29998918	0.00000000	-4.74286400	-3.99237200
185.49998916	0.00000000	-4.69980300	-4.36146600
185.69998915	0.00000000	-4.32455700	-4.69365100
185.89998914	0.00000000	-3.58021600	-4.77977300
186.09998913	0.00000000	-3.25418300	-5.15501900
186.29998912	0.00000000	-3.53715500	-5.89320800
186.49998910	0.00000000	-3.94931100	-6.26845500
186.69998909	0.00000000	-3.95546200	-6.26845500
186.89998908	0.00000000	-4.36761800	-5.89320800
187.09998907	0.00000000	-4.69980300	-5.15501900
187.29998906	0.00000000	-4.74286400	-4.77977300
187.49998904	0.00000000	-4.74286400	-4.73671200
187.69998903	0.00000000	-4.74286400	-4.69365100
187.89998902	0.00000000	-4.74286400	-4.36146600
188.09998901	0.00000000	-4.74286400	-3.99237200
188.29998900	0.00000000	-4.69980300	-4.36146600
188.49998899	0.00000000	-4.32455700	-4.69365100
188.69998897	0.00000000	-3.58021600	-4.77977300
188.89998896	0.00000000	-3.25418300	-5.15501900
189.09998895	0.00000000	-3.58021600	-5.89320800
189.29998894	0.00000000	-4.27534400	-6.26845500
189.49998893	0.00000000	-4.32455700	-6.26845500
189.69998891	0.00000000	-3.99852300	-5.89320800
189.89998890	0.00000000	-4.36761800	-5.15501900
190.09998889	0.00000000	-4.69980300	-4.77977300
190.29998888	0.00000000	-4.74286400	-4.73671200
190.49998887	0.00000000	-4.74286400	-4.73671200
190.69998885	0.00000000	-4.74286400	-4.73671200
190.89998884	0.00000000	-4.69980300	-4.73671200
191.09998883	0.00000000	-4.32455700	-4.73671200
191.29998882	0.00000000	-3.62942900	-4.73671200
191.49998881	0.00000000	-3.62942900	-4.73671200
191.69998880	0.00000000	-4.32455700	-4.73671200
191.89998878	0.00000000	-4.69980300	-4.73671200
192.09998877	0.00000000	-4.74286400	-4.73671200
192.29998876	0.00000000	-4.74286400	-4.73671200
192.49998875	0.00000000	-4.74286400	-4.77977300
192.69998874	0.00000000	-4.74286400	-5.11195900
192.89998872	0.00000000	-4.74286400	-5.47490100
193.09998871	0.00000000	-4.74286400	-5.11195900
193.29998870	0.00000000	-4.78592500	-4.82898600
193.49998869	0.00000000	-5.11811000	-5.11195900
193.69998868	0.00000000	-5.48720400	-5.47490100
193.89998866	0.00000000	-5.11811000	-5.11195900
194.09998865	0.00000000	-4.74286400	-4.77977300
194.29998864	0.00000000	-4.36761800	-4.73671200
194.49998863	0.00000000	-3.99852300	-4.73671200
194.69998862	0.00000000	-4.36761800	-4.73671200
194.89998861	0.00000000	-4.65059000	-4.73671200
195.09998859	0.00000000	-4.36761800	-4.73671200
195.29998858	0.00000000	-3.99852300	-4.73671200
195.49998857	0.00000000	-4.36761800	-4.73671200
195.69998856	0.00000000	-4.69980300	-4.73671200
195.89998855	0.00000000	-4.74286400	-4.73671200
196.09998853	0.00000000	-4.74286400	-4.73671200
