Time	Channel A	Channel B	Channel C
(us)	(V)	(mV)	(mV)

-4.59999956	0.00000000	-7.48646600	0.00000000
-4.39999957	0.00000000	-7.48646600	0.00000000
-4.19999958	0.00000000	-7.16043300	0.00000000
-3.99999959	0.00000000	-7.52952700	0.00000000
-3.79999960	0.00000000	-7.86171200	0.00000000
-3.59999962	0.00000000	-7.90477300	0.00000000
-3.39999963	0.00000000	-7.90477300	0.00000000
-3.19999964	0.00000000	-7.86171200	0.00000000
-2.99999965	0.00000000	-7.52952700	0.00000000
-2.79999966	0.00000000	-7.11737200	0.00000000
-2.59999968	0.00000000	-7.15428100	0.00000000
-2.39999969	0.00000000	-7.11737200	0.00000000
-2.19999970	0.00000000	-7.52952700	0.00000000
-1.99999971	0.00000000	-7.86171200	0.00000000
-1.79999972	0.00000000	-7.90477300	0.00000000
-1.59999973	0.00000000	-7.90477300	0.00000000
-1.39999975	0.00000000	-7.90477300	0.00000000
-1.19999976	0.00000000	-7.90477300	0.04306102
-0.99999977	0.00000000	-7.86171200	0.41830710
-0.79999978	0.00000000	-7.52952700	1.11343500
-0.59999979	0.00000000	-7.16043300	1.15649600
-0.39999981	0.15871060	-7.48646600	0.79355310
-0.19999982	0.47736220	-7.48646600	0.78124990
0.00000017	0.79601380	-7.11737200	0.41830710
0.20000016	0.95533960	-7.11122000	0.41830710
0.40000015	0.95533960	-6.74212600	0.73818890
0.60000013	0.47736220	-6.79133800	0.37524600
0.80000012	-0.15871060	-7.48646600	0.04306102
1.00000011	-1.11466500	-7.86171200	0.00000000
1.20000010	-2.07062000	-7.86171200	0.04306102
1.40000009	-2.70792300	-7.48646600	0.41830710
1.60000008	-2.70792300	-6.79133800	1.15649600
1.80000006	-1.75196900	-6.74212600	1.53174200
2.00000005	-0.15871060	-7.11122000	1.53174200
2.20000004	1.91129400	-7.07431000	1.19955700
2.40000003	3.98191400	-7.15428100	0.79355310
2.60000002	5.09719500	-7.11737200	0.78124990
2.80000000	5.25652100	-7.52952700	0.37524600
2.99999999	3.82258900	-7.86171200	0.04306102
3.19999998	0.95533960	-7.90477300	0.00000000
3.39999997	-2.38927200	-7.90477300	0.00000000
3.59999996	-5.57517200	-7.86171200	0.04306102
3.79999994	-7.64579200	-7.52952700	0.41830710
3.99999993	-7.96444400	-7.16043300	1.15649600
4.19999992	-6.05315000	-7.48646600	1.53174200
4.39999991	-2.54859700	-7.48646600	1.57480300
4.59999990	1.91129400	-7.16043300	1.57480300
4.79999989	5.89382400	-7.52952700	1.53174200
4.99999987	8.76107300	-7.86171200	1.15649600
5.19999986	9.39837600	-7.90477300	0.41830710
5.39999985	7.64579200	-7.90477300	0.04306102
5.59999984	3.98191400	-7.90477300	0.00000000
5.79999983	-0.63668800	-7.90477300	0.00000000
5.99999981	-5.25652100	-7.90477300	0.04306102
6.19999980	-8.44242100	-7.86171200	0.41830710
6.39999979	-9.55770200	-7.48646600	1.15649600
6.59999978	-8.12377000	-6.74212600	1.53174200
6.79999977	-4.93786900	-6.41609200	1.57480300
6.99999975	-0.63668800	-6.74212600	1.53174200
7.19999974	3.66326300	-7.43725300	1.19955700
7.39999973	6.69045300	-7.48646600	0.79355310
7.59999972	7.80511800	-7.16043300	0.78124990
7.79999971	7.00848900	-7.52952700	0.37524600
7.99999970	4.61921700	-7.81250000	0.04306102
8.19999968	1.27399100	-7.48646600	0.00000000
8.39999967	-1.91129400	-6.79133800	0.00000000
8.59999966	-4.14124000	-6.79133800	0.00000000
8.79999965	-5.25652100	-7.48646600	0.00000000
8.99999964	-4.77854300	-7.86171200	0.04306102
9.19999962	-3.34522600	-7.90477300	0.41830710
9.39999961	-1.27399100	-7.90477300	1.15649600
9.59999960	0.47736220	-7.90477300	1.53174200
9.79999959	1.91129400	-7.86171200	1.57480300
9.99999958	2.54859700	-7.52952700	1.53174200
10.19999956	2.38927200	-7.16043300	1.15649600
10.39999955	1.75196900	-7.52952700	0.41830710
10.59999954	0.79601380	-7.81250000	0.04306102
10.79999953	0.00000000	-7.48646600	0.00000000
10.99999952	-0.63668800	-6.79133800	0.00000000
11.19999951	-0.95533960	-6.79133800	0.00000000
11.39999949	-0.95533960	-7.43725300	0.00000000
11.59999948	-0.79601380	-7.48646600	0.00000000
11.79999947	-0.47736220	-7.11737200	0.00000000
11.99999946	-0.15871060	-7.15428100	0.00000000
12.19999945	-0.15871060	-7.11737200	0.00000000
12.39999943	-0.15871060	-7.48646600	0.00000000
12.59999942	0.00000000	-7.43725300	0.04306102
12.79999941	0.00000000	-6.79133800	0.37524600
12.99999940	0.00000000	-6.74212600	0.78124990
13.19999939	0.00000000	-7.06815900	0.74434050
13.39999937	0.00000000	-6.74212600	0.78124990
13.59999936	0.00000000	-6.74212600	0.41830710
13.79999935	0.00000000	-7.06815900	0.41830710
13.99999934	-0.15871060	-6.69906400	0.73818890
14.19999933	-0.15871060	-6.36687900	0.41830710
14.39999932	-0.15871060	-6.32381900	0.41830710
14.59999930	0.00000000	-6.36687900	0.73818890
14.79999929	0.00000000	-6.69906400	0.41830710
14.99999928	0.00000000	-7.11122000	0.41830710
15.19999927	0.00000000	-7.11737200	0.78124990
15.39999926	0.15871060	-7.52952700	0.79355310
15.59999924	0.00000000	-7.86171200	1.15649600
15.79999923	0.00000000	-7.90477300	1.11343500
15.99999922	0.00000000	-7.90477300	0.46136810
16.19999921	0.00000000	-7.86171200	0.41830710
16.39999920	0.00000000	-7.48646600	0.78124990
16.59999919	0.00000000	-6.74212600	0.79355310
16.79999917	-0.15871060	-6.36687900	1.15649600
16.99999916	0.00000000	-6.28075700	1.15649600
17.19999915	0.00000000	-5.90551100	0.79355310
17.39999914	0.00000000	-5.16117100	0.83046260
17.59999913	0.00000000	-4.83513700	0.79355310
17.79999911	0.00000000	-5.16117100	1.15649600
17.99999910	0.00000000	-5.99163300	1.15649600
18.19999909	0.00000000	-7.16043300	0.79355310
18.39999908	0.00000000	-9.11048200	0.78124990
18.59999907	0.00000000	-10.97441000	0.37524600
18.79999905	0.00000000	-12.13706000	0.09227362
18.99999904	0.00000000	-12.13706000	0.37524600
19.19999903	0.00000000	-10.97441000	0.73818890
19.39999902	0.00000000	-8.97514600	0.37524600
19.59999901	0.00000000	-5.81323800	0.04306102
19.79999900	0.00000000	-1.62401600	0.04306102
19.99999898	0.00000000	2.18996000	0.37524600
20.19999897	0.00000000	4.14616100	0.78124990
20.39999896	0.00000000	4.09694900	0.79355310
20.59999895	0.00000000	1.67938000	1.19955700
20.79999894	0.00000000	-3.75861200	1.53174200
20.99999892	0.00000000	-11.10974000	1.53174200
21.19999891	0.00000000	-18.83612000	1.15649600
21.39999890	0.00000000	-25.30143000	0.46136810
21.59999889	0.00000000	-27.95275000	0.41830710
21.79999888	0.00000000	-25.58440000	0.73818890
21.99999886	0.00000000	-18.60236000	0.37524600
22.19999885	0.00000000	-7.72637700	0.04306102
22.39999884	0.00000000	4.60752900	0.00000000
22.59999883	0.00000000	15.81570000	0.00000000
22.79999882	0.00000000	23.07455000	0.04306102
22.99999881	0.00000000	24.15108000	0.46136810
23.19999879	0.00000000	17.91339000	1.57480300
23.39999878	0.00000000	5.08120100	2.68823800
23.59999877	0.00000000	-11.90330000	3.11269700
23.79999876	0.00000000	-29.67520000	3.15575800
23.99999875	0.00000000	-43.45472000	3.15575800
24.19999873	0.00000000	-49.59399000	3.11269700
24.39999872	0.00000000	-45.68774000	2.64517700
24.59999871	0.00000000	-32.52337000	1.11343500
24.79999870	0.00000000	-12.78912000	-1.15649600
24.99999869	0.00000000	9.62721400	-3.06348400
25.19999867	0.00000000	29.26919000	-4.26919300
25.39999866	0.00000000	41.59695000	-4.60137700
25.59999865	0.00000000	43.04257000	-3.80782500
25.79999864	0.00000000	32.62180000	-1.44562000
25.99999863	0.00000000	12.56767000	2.04232300
26.19999862	0.00000000	-12.13706000	6.26845500
26.39999860	0.00000000	-35.72834000	10.07628000
26.59999859	0.00000000	-53.08193000	12.03248000
26.79999858	0.00000000	-60.01476000	11.98327000
26.99999857	0.00000000	-54.61983000	9.56569900
27.19999856	0.00000000	-38.42889000	4.14000900
27.39999854	0.00000000	-15.29897000	-3.15575800
27.59999853	0.00000000	9.03051100	-10.49459000
27.79999852	0.00000000	28.80167000	-16.30167000
27.99999851	0.00000000	40.43430000	-19.32825000
28.19999850	0.00000000	41.59695000	-18.44857000
28.39999848	0.00000000	31.96973000	-12.64149000
28.59999847	0.00000000	14.23474000	-2.97736200
28.79999846	0.00000000	-7.39419200	8.26771600
28.99999845	0.00000000	-27.86663000	19.46358000
29.19999844	0.00000000	-42.61196000	27.82972000
29.39999843	0.00000000	-48.89272000	30.52411000
29.59999841	0.00000000	-46.24139000	26.62401000
29.79999840	0.00000000	-35.77140000	16.91068000
29.99999839	0.00000000	-19.58046000	2.60211600
30.19999838	0.00000000	-1.43946800	-13.14591000
30.39999837	0.00000000	14.05635000	-26.29183000
30.59999835	0.00000000	24.19414000	-34.00591000
30.79999834	0.00000000	27.31299000	-34.75024000
30.99999833	0.00000000	23.12377000	-27.73745000
31.19999832	0.00000000	13.12131000	-14.25935000
31.39999831	0.00000000	-0.04306102	2.73745100
31.59999829	0.00000000	-13.58268000	19.37131000
31.79999828	0.00000000	-24.84006000	32.52337000
31.99999827	0.00000000	-31.44685000	39.44390000
32.19999826	0.00000000	-32.65256000	38.28125000
32.39999825	0.00000000	-28.42027000	29.40452000
32.59999824	0.00000000	-19.95571000	14.67766000
32.79999822	0.00000000	-9.48572700	-3.06963600
32.99999821	0.00000000	0.93503930	-20.06643000
33.19999820	0.00000000	9.07357200	-32.43110000
33.39999819	0.00000000	12.93676000	-37.86294000
33.59999818	0.00000000	12.23548000	-35.12549000
33.79999816	0.00000000	7.21579700	-24.76009000
33.99999815	0.00000000	-0.46751960	-9.33809000
34.19999814	0.00000000	-8.97514600	7.29576700
34.39999813	0.00000000	-16.28322000	22.02264000
34.59999812	0.00000000	-20.55856000	32.05585000
34.79999810	0.00000000	-20.97687000	35.12549000
34.99999809	0.00000000	-17.95029000	30.52411000
35.19999808	0.00000000	-12.55536000	19.37131000
35.39999807	0.00000000	-6.36687900	4.73671200
35.59999806	0.00000000	-0.59670270	-9.94094400
35.79999805	0.00000000	3.21112200	-21.51206000
35.99999803	0.00000000	3.63558100	-27.31914000
36.19999802	0.00000000	0.98425190	-26.20571000
36.39999801	0.00000000	-3.62942900	-18.95300000
36.59999800	0.00000000	-8.97514600	-7.75713500
36.79999799	0.00000000	-13.20743000	4.55831700
36.99999797	0.00000000	-15.21284000	15.32972000
37.19999796	0.00000000	-15.21284000	21.46899000
37.39999795	0.00000000	-13.20743000	21.51206000
37.59999794	0.00000000	-8.97514600	15.79724000
37.79999793	0.00000000	-3.67249000	6.22539300
37.99999791	0.00000000	0.55979330	-4.09694900
38.19999790	0.00000000	2.56520700	-12.17397000
38.39999789	0.00000000	2.56520700	-15.61270000
38.59999788	0.00000000	0.60900590	-13.74877000
38.79999787	0.00000000	-3.25418300	-7.25270600
38.99999786	0.00000000	-7.86171200	1.53174200
39.19999784	0.00000000	-12.13706000	9.98400600
39.39999783	0.00000000	-15.25591000	15.74803000
39.59999782	0.00000000	-16.79380000	17.23671000
39.79999781	0.00000000	-16.41855000	13.74877000
39.99999780	0.00000000	-14.09326000	5.71481200
40.19999778	0.00000000	-10.59916000	-4.18307100
40.39999777	0.00000000	-6.32381900	-12.64149000
40.59999776	0.00000000	-2.04847400	-17.24286000
40.79999775	0.00000000	1.40255900	-16.86762000
40.99999774	0.00000000	3.34645700	-11.52190000
41.19999772	0.00000000	2.93430100	-3.06963600
41.39999771	0.00000000	0.69512790	6.17618100
41.59999770	0.00000000	-2.82972400	14.25935000
41.79999769	0.00000000	-6.69906400	18.86688000
41.99999768	0.00000000	-10.59916000	18.86688000
42.19999767	0.00000000	-13.67495000	14.25935000
42.39999765	0.00000000	-15.25591000	6.22539300
42.59999764	0.00000000	-15.25591000	-2.55905500
42.79999763	0.00000000	-13.71801000	-9.56569900
42.99999762	0.00000000	-11.02362000	-13.42889000
43.19999761	0.00000000	-7.94783400	-13.88410000
43.39999759	0.00000000	-5.25344500	-10.77756000
43.59999758	0.00000000	-3.67249000	-5.47490100
43.79999757	0.00000000	-3.20497000	0.73818890
43.99999756	0.00000000	-3.20497000	6.13312000
44.19999755	0.00000000	-3.58021600	10.03322000
44.39999753	0.00000000	-4.32455700	11.52190000
44.59999752	0.00000000	-4.69980300	10.07628000
44.79999751	0.00000000	-4.74286400	6.64370100
44.99999750	0.00000000	-4.74286400	2.78051200
45.19999749	0.00000000	-4.78592500	-1.11343500
45.39999748	0.00000000	-5.25344500	-4.13385800
45.59999746	0.00000000	-6.83439900	-5.33956700
45.79999745	0.00000000	-9.52879000	-4.64443900
45.99999744	0.00000000	-12.60458000	-3.11269700
46.19999743	0.00000000	-15.25591000	-1.11343500
46.39999742	-0.15871060	-16.36934000	1.58095500
46.59999740	0.00000000	-15.16363000	4.22613100
46.79999739	0.00000000	-11.71875000	5.75787400
46.99999738	0.00000000	-6.65600300	5.75787400
47.19999737	0.00000000	-1.20570900	4.31840500
47.39999736	0.00000000	4.18922200	2.36835600
47.59999734	0.00000000	7.95398600	0.78124990
47.79999733	0.00000000	8.32923100	-1.20570900
47.99999732	0.00000000	5.21653500	-3.06348400
48.19999731	0.00000000	-1.02116100	-4.22613100
48.39999730	0.00000000	-9.48572700	-4.18307100
48.59999729	0.00000000	-17.90723000	-2.64517700
48.79999727	0.00000000	-23.72047000	0.04306102
48.99999726	0.00000000	-25.63361000	3.11269700
49.19999725	0.00000000	-23.25910000	5.85014700
49.39999724	0.00000000	-16.32628000	7.71407400
49.59999723	0.00000000	-6.74212600	8.07701800
49.79999721	0.00000000	2.56520700	6.17618100
49.99999720	0.00000000	9.86712600	3.15575800
50.19999719	0.00000000	13.26279000	0.00000000
50.39999718	0.00000000	10.98671000	-3.11269700
50.59999717	0.00000000	4.14616100	-5.80093500
50.79999715	0.00000000	-4.74286400	-7.29576700
50.99999714	0.00000000	-13.63189000	-6.87746000
51.19999713	0.00000000	-20.55856000	-4.18307100
51.39999712	0.00000000	-23.63435000	0.00000000
51.59999711	0.00000000	-22.09646000	4.22613100
51.79999710	0.00000000	-16.36934000	7.38188900
51.99999708	0.00000000	-8.28001900	9.29502900
52.19999707	0.00000000	-0.22760820	9.65797200
52.39999706	0.00000000	5.95472400	7.71407400
52.59999705	0.00000000	8.24311000	4.31840500
52.79999704	0.00000000	6.37303100	0.41830710
52.99999702	0.00000000	0.98425190	-3.06348400
53.19999701	0.00000000	-6.28075700	-5.71481200
53.39999700	0.00000000	-13.20743000	-6.50221400
53.59999699	0.00000000	-17.81496000	-5.01968500
53.79999698	0.00000000	-19.02067000	-2.73745100
53.99999696	0.00000000	-16.70152000	0.00000000
54.19999695	0.00000000	-11.71875000	2.64517700
54.39999694	0.00000000	-5.16117100	4.22613100
54.59999693	0.00000000	0.89197830	4.60137700
54.79999692	0.00000000	4.37376900	3.85088600
54.99999691	0.00000000	4.05388800	1.95004900
55.19999689	0.00000000	1.02731300	0.09227362
55.39999688	0.00000000	-3.62942900	-1.06422200
55.59999687	0.00000000	-9.01820900	-1.06422200
55.79999686	0.00000000	-13.63189000	0.09227362
55.99999685	0.00000000	-16.32628000	1.95004900
56.19999683	0.00000000	-16.32628000	3.85088600
56.39999682	0.00000000	-13.63189000	4.60137700
56.59999681	0.00000000	-9.06742000	4.22613100
56.79999680	0.00000000	-4.04773600	2.64517700
56.99999679	0.00000000	-0.17839570	-0.04306102
57.19999677	0.00000000	2.14074800	-3.11269700
57.39999676	0.00000000	2.14074800	-5.75787400
57.59999675	0.00000000	-0.13533460	-6.82824800
57.79999674	0.00000000	-3.58021600	-5.29650500
57.99999673	0.00000000	-7.43725300	-1.48868100
58.19999672	0.00000000	-10.51304000	3.15575800
58.39999670	0.00000000	-12.09400000	7.75713500
58.59999669	0.00000000	-12.13706000	11.18971000
58.79999668	0.00000000	-10.93135000	11.94021000
58.99999667	0.00000000	-8.69217500	10.03322000
59.19999666	0.00000000	-6.00393600	5.71481200
59.39999664	0.00000000	-4.45989200	-0.41830710
59.59999663	0.00000000	-3.62942900	-6.92052100
59.79999662	0.00000000	-3.62942900	-11.52190000
59.99999661	0.00000000	-4.36761800	-13.05364000
60.19999660	0.00000000	-5.16117100	-11.10359000
60.39999658	0.00000000	-6.32381900	-5.71481200
60.59999657	0.00000000	-7.43725300	1.53174200
60.79999656	0.00000000	-7.86171200	8.50147600
60.99999655	0.00000000	-7.86171200	13.52116000
61.19999654	0.00000000	-7.48646600	15.84030000
61.39999653	0.00000000	-6.74212600	14.63459000
61.59999651	0.00000000	-6.36687900	10.03322000
61.79999650	0.00000000	-6.32381900	3.06348400
61.99999649	0.00000000	-6.36687900	-4.64443900
62.19999648	0.00000000	-6.74212600	-11.52190000
62.39999647	0.00000000	-7.48646600	-15.37278000
62.59999645	0.00000000	-7.86171200	-15.00984000
62.79999644	0.00000000	-7.90477300	-11.14665000
62.99999643	0.00000000	-7.86171200	-4.22613100
63.19999642	0.00000000	-7.43725300	3.80782500
63.39999641	0.00000000	-6.28075700	10.40846000
63.59999639	0.00000000	-4.78592500	14.72072000
63.79999638	0.00000000	-3.67249000	16.20940000
63.99999637	0.00000000	-3.62942900	14.30241000
64.19999636	0.00000000	-4.36761800	9.29502900
64.39999635	0.00000000	-5.16117100	2.78051200
64.59999634	0.00000000	-6.36687900	-3.80782500
64.79999632	0.00000000	-7.86171200	-8.82750900
64.99999631	0.00000000	-8.97514600	-11.56496000
65.19999630	0.00000000	-9.01820900	-11.56496000
65.39999629	0.00000000	-8.23695900	-8.91978400
65.59999628	0.00000000	-7.11122000	-4.69365100
65.79999626	0.00000000	-5.57947800	0.00000000
65.99999625	0.00000000	-4.83513700	4.64443900
66.19999624	0.00000000	-4.78592500	8.50147600
66.39999623	0.00000000	-5.21038300	10.49459000
66.59999622	0.00000000	-6.36687900	10.91289000
66.79999620	0.00000000	-7.86171200	10.11934000
66.99999619	0.00000000	-9.01820900	7.80019600
67.19999618	0.00000000	-9.35039300	4.73671200
67.39999617	0.00000000	-8.59990100	1.58095500
67.59999616	0.00000000	-6.65600300	-1.58095500
67.79999615	0.00000000	-4.36761800	-4.64443900
67.99999613	0.00000000	-2.04847400	-6.96358300
68.19999612	0.00000000	-0.55364170	-7.75713500
68.39999611	0.00000000	-0.59670270	-7.38188900
68.59999610	0.00000000	-2.50984200	-5.75787400
68.79999609	0.00000000	-5.94857300	-2.69439000
68.99999607	0.00000000	-9.44266700	1.20570900
69.19999606	0.00000000	-12.60458000	5.11195900
69.39999605	0.00000000	-15.21284000	8.96284400
69.59999604	0.00000000	-15.95103000	11.61417000
69.79999603	0.00000000	-14.00098000	12.03248000
69.99999601	0.00000000	-10.18086000	10.45152000
70.19999600	0.00000000	-5.11811000	6.96358300
70.39999599	0.00000000	-0.13533460	1.95004900
70.59999598	0.00000000	3.72170300	-3.06963600
70.79999597	0.00000000	5.25959600	-7.33882900
70.99999596	0.00000000	4.09694900	-9.98400600
71.19999594	0.00000000	0.60900590	-9.98400600
71.39999593	0.00000000	-4.78592500	-7.33882900
71.59999592	0.00000000	-10.59916000	-3.11269700
71.79999591	0.00000000	-15.63115000	1.53174200
71.99999590	0.00000000	-19.06988000	5.80093500
72.19999588	0.00000000	-19.44513000	8.87057000
72.39999587	0.00000000	-16.79380000	10.03322000
72.59999586	0.00000000	-12.13706000	8.91978400
72.79999585	0.00000000	-6.32381900	6.26845500
72.99999584	0.00000000	-0.55364170	3.15575800
73.19999582	0.00000000	3.67864200	0.09227362
73.39999581	0.00000000	5.25959600	-2.22687000
73.59999580	0.00000000	4.09694900	-3.02042300
73.79999579	0.00000000	0.69512790	-2.68823800
73.99999578	0.00000000	-3.94931100	-1.53174200
74.19999577	0.00000000	-8.23695900	-0.04306102
74.39999575	0.00000000	-12.13706000	1.11343500
74.59999574	0.00000000	-14.78838000	1.48253000
74.79999573	0.00000000	-15.21284000	1.11343500
74.99999572	0.00000000	-13.67495000	0.00000000
75.19999571	0.00000000	-10.64838000	-1.11343500
75.39999569	0.00000000	-7.16043300	-1.43946800
75.59999568	0.00000000	-4.41067900	-0.64591530
75.79999567	0.00000000	-2.09153500	1.62401600
75.99999566	0.00000000	-0.97194880	4.26919300
76.19999565	0.00000000	-1.67322800	6.22539300
76.39999563	0.00000000	-3.16190900	7.38188900
76.59999562	0.00000000	-4.74286400	7.29576700
76.79999561	0.00000000	-6.28075700	5.33956700
76.99999560	0.00000000	-7.43725300	1.53174200
77.19999559	0.00000000	-7.81250000	-2.69439000
77.39999558	0.00000000	-7.48646600	-6.17618100
77.59999556	0.00000000	-6.74212600	-8.50147600
77.79999555	0.00000000	-6.41609200	-8.82750900
77.99999554	0.00000000	-6.74212600	-6.92052100
78.19999553	0.00000000	-7.52952700	-3.02042300
78.39999552	0.00000000	-8.23695900	1.95004900
78.59999550	0.00000000	-8.64911400	6.96358300
78.79999549	0.00000000	-8.23695900	10.45152000
78.99999548	0.00000000	-7.43725300	11.98327000
79.19999547	0.00000000	-5.85629900	11.23893000
79.39999546	0.00000000	-3.62942900	8.13238100
79.59999544	0.00000000	-2.09153500	3.90009800
79.79999543	0.00000000	-1.67322800	-1.11343500
79.99999542	0.00000000	-2.04847400	-5.33956700
80.19999541	0.00000000	-3.25418300	-7.71407400
80.39999540	0.00000000	-5.21038300	-8.50147600
80.59999539	0.00000000	-7.90477300	-7.33882900
80.79999537	0.00000000	-10.55610000	-4.64443900
80.99999536	0.00000000	-12.09400000	-1.15649600
81.19999535	0.00000000	-12.09400000	2.69439000
81.39999534	0.00000000	-10.55610000	5.80093500
81.59999533	0.00000000	-7.86171200	7.80019600
81.79999531	0.00000000	-4.78592500	8.96284400
81.99999530	0.00000000	-2.13459600	8.91978400
82.19999529	0.00000000	-0.92888770	7.38188900
82.39999528	0.00000000	-1.29798200	4.73671200
82.59999527	0.00000000	-2.41756900	1.99311000
82.79999525	0.00000000	-4.36761800	-0.37524600
82.99999524	0.00000000	-6.28075700	-2.73745100
83.19999523	0.00000000	-7.86171200	-4.64443900
83.39999522	0.00000000	-9.01820900	-5.85014700
83.59999521	0.00000000	-9.39345400	-6.17618100
83.79999520	0.00000000	-9.01820900	-5.38262700
83.99999518	0.00000000	-7.90477300	-3.02042300
84.19999517	0.00000000	-6.74212600	0.41830710
84.39999516	0.00000000	-5.94857300	4.26919300
84.59999515	0.00000000	-5.16117100	7.33882900
84.79999514	0.00000000	-4.83513700	8.96284400
84.99999512	0.00000000	-5.16117100	9.29502900
85.19999511	0.00000000	-5.85629900	8.12622900
85.39999510	0.00000000	-5.85629900	5.01968500
85.59999509	0.00000000	-5.16117100	1.15649600
85.79999508	0.00000000	-4.78592500	-3.11269700
85.99999506	0.00000000	-4.74286400	-6.92052100
86.19999505	0.00000000	-4.78592500	-8.82750900
86.39999504	0.00000000	-5.21038300	-8.45226300
86.59999503	0.00000000	-6.36687900	-5.75787400
86.79999502	0.00000000	-7.86171200	-1.53174200
86.99999501	0.00000000	-9.01820900	3.11269700
87.19999499	0.00000000	-9.39345400	7.33882900
87.39999498	0.00000000	-9.01820900	10.03322000
87.59999497	0.00000000	-7.86171200	10.40846000
87.79999496	0.00000000	-6.32381900	8.50147600
87.99999495	0.00000000	-4.78592500	4.64443900
88.19999493	0.00000000	-3.62942900	0.00000000
88.39999492	0.00000000	-3.20497000	-4.60137700
88.59999491	0.00000000	-3.25418300	-8.03395600
88.79999490	0.00000000	-3.99852300	-8.78444900
88.99999489	0.00000000	-5.53026500	-6.87746000
89.19999487	0.00000000	-6.69906400	-2.64517700
89.39999486	0.00000000	-7.90477300	2.69439000
89.59999485	0.00000000	-8.97514600	7.29576700
89.79999484	0.00000000	-8.97514600	10.07628000
89.99999483	0.00000000	-7.90477300	10.82677000
90.19999482	0.00000000	-6.74212600	9.60875900
90.39999480	0.00000000	-5.94857300	5.71481200
90.59999479	0.00000000	-5.16117100	0.09227362
90.79999478	0.00000000	-4.83513700	-4.92125900
90.99999477	0.00000000	-5.11811000	-7.62180000
91.19999476	0.00000000	-5.53026500	-8.07701800
91.39999474	0.00000000	-5.53641700	-6.09005900
91.59999473	0.00000000	-5.90551100	-2.27608300
91.79999472	0.00000000	-5.85629900	2.73745100
91.99999471	0.00000000	-5.16117100	7.29576700
92.19999470	0.00000000	-4.83513700	9.98400600
92.39999468	0.00000000	-5.16117100	9.98400600
92.59999467	0.00000000	-5.94857300	7.33882900
92.79999466	0.00000000	-6.74212600	3.11269700
92.99999465	0.00000000	-7.90477300	-1.53174200
93.19999464	0.00000000	-9.01820900	-5.71481200
93.39999463	0.00000000	-9.44266700	-7.99089500
93.59999461	0.00000000	-9.44266700	-7.29576700
93.79999460	0.00000000	-8.97514600	-4.60137700
93.99999459	0.00000000	-7.43725300	-0.73818890
94.19999458	0.00000000	-5.16117100	3.85703700
94.39999457	0.00000000	-3.20497000	7.25270600
94.59999455	0.00000000	-1.62401600	8.50147600
94.79999454	0.00000000	-0.55364170	7.71407400
94.99999453	0.00000000	-0.92888770	5.38262700
95.19999452	0.00000000	-2.82972400	1.57480300
95.39999451	0.00000000	-5.16117100	-2.22687000
95.59999449	0.00000000	-7.94783400	-4.55831700
95.79999448	0.00000000	-10.97441000	-5.38262700
95.99999447	0.00000000	-13.25664000	-4.60137700
96.19999446	0.00000000	-13.63189000	-2.64517700
96.39999445	0.00000000	-12.13706000	0.41830710
96.59999444	0.00000000	-9.39345400	3.80782500
96.79999442	0.00000000	-5.90551100	5.75787400
96.99999441	0.00000000	-2.04847400	6.17618100
97.19999440	0.00000000	1.02731300	5.43184000
97.39999439	0.00000000	2.56520700	3.48179100
97.59999438	0.00000000	2.18996000	1.24877000
97.79999436	0.00000000	-0.13533460	-0.73818890
97.99999435	0.00000000	-3.58021600	-1.85777500
98.19999434	0.00000000	-7.48646600	-2.26993100
98.39999433	0.00000000	-10.93135000	-1.53174200
98.59999432	0.00000000	-13.29970000	-0.41830710
98.79999430	0.00000000	-14.05020000	0.37524600
98.99999429	0.00000000	-13.29970000	1.15649600
99.19999428	0.00000000	-10.93135000	1.53174200
99.39999427	0.00000000	-7.48646600	1.61786400
99.59999426	0.00000000	-3.62942900	1.99311000
99.79999425	0.00000000	-0.55364170	2.73745100
99.99999423	0.00000000	1.07037400	3.11269700
100.19999422	0.00000000	1.44562000	3.15575800
100.39999421	0.00000000	0.65206690	3.15575800
100.59999420	0.00000000	-1.67322800	3.11269700
100.79999419	0.00000000	-4.74286400	2.68823800
100.99999417	0.00000000	-7.86171200	1.53174200
101.19999416	0.00000000	-10.55610000	-0.04306102
101.39999415	0.00000000	-12.13706000	-1.90698800
101.59999414	0.00000000	-12.51230000	-3.43257800
101.79999413	0.00000000	-11.76181000	-3.43873000
101.99999411	0.00000000	-9.81791200	-2.69439000
102.19999410	0.00000000	-7.52952700	-1.07037400
102.39999409	0.00000000	-5.16117100	1.62401600
102.59999408	0.00000000	-3.25418300	4.64443900
102.79999407	0.00000000	-2.04847400	6.96358300
102.99999406	0.00000000	-1.67322800	7.71407400
103.19999404	0.00000000	-2.04847400	6.96358300
103.39999403	0.00000000	-3.25418300	4.64443900
103.59999402	0.00000000	-5.16117100	1.58095500
103.79999401	0.00000000	-7.43725300	-1.53174200
103.99999400	0.00000000	-8.97514600	-4.18307100
104.19999398	0.00000000	-9.44266700	-5.33956700
104.39999397	0.00000000	-9.44266700	-4.60137700
104.59999396	0.00000000	-9.01820900	-2.69439000
104.79999395	0.00000000	-7.86171200	0.04306102
104.99999394	0.00000000	-6.32381900	3.06348400
105.19999392	0.00000000	-4.78592500	5.38262700
105.39999391	0.00000000	-3.62942900	6.17618100
105.59999390	0.00000000	-3.25418300	5.80093500
105.79999389	0.00000000	-3.62942900	4.26919300
105.99999388	0.00000000	-4.74286400	1.99311000
106.19999387	0.00000000	-5.90551100	0.04306102
106.39999385	0.00000000	-6.69906400	-1.53174200
106.59999384	0.00000000	-7.48646600	-2.68823800
106.79999383	0.00000000	-7.81250000	-3.02042300
106.99999382	0.00000000	-7.43725300	-2.22687000
107.19999381	0.00000000	-6.28075700	0.04306102
107.39999379	0.00000000	-4.83513700	2.64517700
107.59999378	0.00000000	-4.04773600	4.22613100
107.79999377	0.00000000	-4.36761800	4.64443900
107.99999376	0.00000000	-4.74286400	4.22613100
108.19999375	0.00000000	-5.21038300	2.73745100
108.39999374	0.00000000	-6.32381900	0.83661410
108.59999372	0.00000000	-7.48646600	-0.32603340
108.79999371	0.00000000	-8.23695900	-1.15649600
108.99999370	0.00000000	-8.59990100	-1.48253000
109.19999369	0.00000000	-7.86171200	-1.11343500
109.39999368	0.00000000	-6.74212600	0.04306102
109.59999366	0.00000000	-5.90551100	1.57480300
109.79999365	0.00000000	-4.74286400	3.11269700
109.99999364	0.00000000	-3.62942900	4.22613100
110.19999363	0.00000000	-3.25418300	4.26919300
110.39999362	0.00000000	-3.62942900	3.48794300
110.59999360	0.00000000	-4.74286400	2.36220500
110.79999359	0.00000000	-5.90551100	0.79355310
110.99999358	0.00000000	-6.69906400	-0.32603340
111.19999357	0.00000000	-7.48646600	-1.15649600
111.39999356	0.00000000	-7.86171200	-1.53174200
111.59999355	0.00000000	-7.86171200	-1.53174200
111.79999353	0.00000000	-7.43725300	-1.11343500
111.99999352	0.00000000	-6.32381900	0.00000000
112.19999351	0.00000000	-5.21038300	1.15649600
112.39999350	0.00000000	-4.78592500	1.95004900
112.59999349	0.00000000	-4.74286400	2.73745100
112.79999347	0.00000000	-4.74286400	3.06348400
112.99999346	0.00000000	-4.78592500	2.73745100
113.19999345	0.00000000	-5.16117100	1.99311000
113.39999344	0.00000000	-5.90551100	1.61786400
113.59999343	0.00000000	-6.28075700	1.53174200
113.79999341	0.00000000	-6.32381900	1.19955700
113.99999340	0.00000000	-6.32381900	0.79355310
114.19999339	0.00000000	-6.32381900	0.78124990
114.39999338	0.00000000	-6.32381900	0.37524600
114.59999337	0.00000000	-6.32381900	0.04306102
114.79999336	0.00000000	-6.32381900	0.00000000
114.99999334	0.00000000	-6.32381900	0.00000000
115.19999333	0.00000000	-6.28075700	0.00000000
115.39999332	0.00000000	-5.90551100	0.04306102
115.59999331	0.00000000	-5.21038300	0.41830710
115.79999330	0.00000000	-5.21038300	1.19955700
115.99999328	0.00000000	-5.90551100	1.95004900
116.19999327	0.00000000	-6.28075700	2.73745100
116.39999326	0.00000000	-6.32381900	3.11269700
116.59999325	0.00000000	-6.32381900	3.11269700
116.79999324	0.00000000	-6.32381900	2.73745100
116.99999322	0.00000000	-6.32381900	1.95004900
117.19999321	0.00000000	-6.32381900	1.19955700
117.39999320	0.00000000	-6.28075700	0.37524600
117.59999319	0.00000000	-5.90551100	-0.37524600
117.79999318	0.00000000	-5.16117100	-1.11343500
117.99999317	0.00000000	-4.78592500	-1.11343500
118.19999315	0.00000000	-4.74286400	-0.37524600
118.39999314	0.00000000	-4.78592500	0.37524600
118.59999313	0.00000000	-5.21038300	1.19955700
118.79999312	0.00000000	-6.32381900	1.95004900
118.99999311	0.00000000	-7.43725300	2.73745100
119.19999309	0.00000000	-7.86171200	3.11269700
119.39999308	0.00000000	-7.90477300	3.15575800
119.59999307	0.00000000	-7.86171200	3.11269700
119.79999306	0.00000000	-7.43725300	2.73745100
119.99999305	0.00000000	-6.28075700	1.95004900
120.19999303	0.00000000	-4.78592500	1.19955700
120.39999302	0.00000000	-3.62942900	0.41830710
120.59999301	0.00000000	-3.20497000	0.04306102
120.79999300	0.00000000	-3.20497000	0.00000000
120.99999299	0.00000000	-3.62942900	0.00000000
121.19999298	0.00000000	-4.78592500	0.00000000
121.39999296	0.00000000	-6.28075700	0.04306102
121.59999295	0.00000000	-7.48646600	0.41830710
121.79999294	0.00000000	-8.28001900	1.15649600
121.99999293	0.00000000	-9.01820900	1.53174200
122.19999292	0.00000000	-8.97514600	1.61786400
122.39999290	0.00000000	-7.90477300	1.99311000
122.59999289	0.00000000	-6.74212600	2.73745100
122.79999288	0.00000000	-5.90551100	3.11269700
122.99999287	0.00000000	-4.74286400	3.11269700
123.19999286	0.00000000	-3.67249000	2.73745100
123.39999284	0.00000000	-3.58021600	1.99311000
123.59999283	0.00000000	-3.94931100	1.57480300
123.79999282	0.00000000	-3.95546200	1.15649600
123.99999281	0.00000000	-4.41067900	0.41830710
124.19999280	0.00000000	-5.11811000	0.04306102
124.39999279	0.00000000	-5.94857300	0.00000000
124.59999277	0.00000000	-6.69906400	0.04306102
124.79999276	0.00000000	-7.48646600	0.41830710
124.99999275	0.00000000	-7.86171200	1.15649600
125.19999274	0.00000000	-7.90477300	1.53174200
125.39999273	0.00000000	-7.86171200	1.57480300
125.59999271	0.00000000	-7.43725300	1.61786400
125.79999270	0.00000000	-6.32381900	1.95004900
125.99999269	0.00000000	-5.16117100	2.36220500
126.19999268	0.00000000	-4.36761800	2.32529500
126.39999267	0.00000000	-3.58021600	2.36220500
126.59999265	0.00000000	-3.25418300	1.95004900
126.79999264	0.00000000	-3.58021600	1.57480300
126.99999263	0.00000000	-4.36761800	1.15649600
127.19999262	0.00000000	-5.16117100	0.41830710
127.39999261	0.00000000	-6.32381900	0.04306102
127.59999260	0.00000000	-7.43725300	0.04306102
127.79999258	0.00000000	-7.86171200	0.41830710
127.99999257	0.00000000	-7.86171200	1.15649600
128.19999256	0.00000000	-7.48646600	1.53174200
128.39999255	0.00000000	-6.69906400	1.57480300
128.59999254	0.00000000	-5.90551100	1.61786400
128.79999252	0.00000000	-4.74286400	1.95004900
128.99999251	0.00000000	-3.62942900	2.31914400
129.19999250	0.00000000	-3.25418300	1.95004900
129.39999249	0.00000000	-3.62942900	1.57480300
129.59999248	0.00000000	-4.74286400	1.15649600
129.79999246	0.00000000	-5.90551100	0.41830710
129.99999245	0.00000000	-6.69906400	0.09227362
130.19999244	0.00000000	-7.48646600	0.41830710
130.39999243	0.00000000	-7.81250000	1.15649600
130.59999242	0.00000000	-7.48646600	1.53174200
130.79999241	0.00000000	-6.69906400	1.61786400
130.99999239	0.00000000	-5.94857300	1.95004900
131.19999238	0.00000000	-5.16117100	2.26993100
131.39999237	0.00000000	-4.78592500	1.57480300
131.59999236	0.00000000	-4.74286400	0.83661410
131.79999235	0.00000000	-4.74286400	0.78124990
131.99999233	0.00000000	-4.78592500	0.37524600
132.19999232	0.00000000	-5.16117100	0.04306102
132.39999231	0.00000000	-5.90551100	0.00000000
132.59999230	0.00000000	-6.28075700	0.04306102
132.79999229	0.00000000	-6.32381900	0.41830710
132.99999227	0.00000000	-6.32381900	1.19955700
133.19999226	0.00000000	-6.32381900	1.95004900
133.39999225	0.00000000	-6.32381900	2.73745100
133.59999224	0.00000000	-6.28075700	3.11269700
133.79999223	0.00000000	-5.94857300	3.11269700
133.99999222	0.00000000	-5.57947800	2.73745100
134.19999220	0.00000000	-5.90551100	1.95004900
134.39999219	0.00000000	-5.85629900	1.19955700
134.59999218	0.00000000	-5.16117100	0.41830710
134.79999217	0.00000000	-4.78592500	0.04306102
134.99999216	0.00000000	-4.74286400	0.00000000
135.19999214	0.00000000	-4.74286400	0.00000000
135.39999213	0.00000000	-4.74286400	0.04306102
135.59999212	0.00000000	-4.78592500	0.41830710
135.79999211	0.00000000	-5.16117100	1.19955700
135.99999210	0.00000000	-5.94857300	1.95004900
136.19999208	0.00000000	-6.69906400	2.73745100
136.39999207	0.00000000	-7.43725300	3.06348400
136.59999206	0.00000000	-7.43725300	2.73745100
136.79999205	0.00000000	-6.74212600	1.99311000
136.99999204	0.00000000	-6.32381900	1.61786400
137.19999203	0.00000000	-5.90551100	1.53174200
137.39999201	0.00000000	-5.11811000	1.15649600
137.59999200	0.00000000	-4.41067900	0.41830710
137.79999199	0.00000000	-3.99852300	0.04306102
137.99999198	0.00000000	-4.36761800	0.00000000
138.19999197	0.00000000	-4.74286400	0.00000000
138.39999195	0.00000000	-5.16117100	0.04306102
138.59999194	0.00000000	-5.94857300	0.41830710
138.79999193	0.00000000	-6.69906400	1.19955700
138.99999192	0.00000000	-7.43725300	1.95004900
139.19999191	0.00000000	-7.43725300	2.73745100
139.39999189	0.00000000	-6.74212600	3.11269700
139.59999188	0.00000000	-6.32381900	3.15575800
139.79999187	0.00000000	-5.90551100	3.11269700
139.99999186	0.00000000	-5.16117100	2.73745100
140.19999185	0.00000000	-4.74286400	1.95004900
140.39999184	0.00000000	-4.36761800	1.19955700
140.59999182	0.00000000	-4.04773600	0.41830710
140.79999181	0.00000000	-4.78592500	0.04306102
140.99999180	0.00000000	-5.85629900	0.00000000
141.19999179	0.00000000	-6.28075700	0.04306102
141.39999178	0.00000000	-6.32381900	0.41830710
141.59999176	0.00000000	-6.32381900	1.19955700
141.79999175	0.00000000	-6.28075700	1.95004900
141.99999174	0.00000000	-5.90551100	2.73745100
142.19999173	0.00000000	-5.16117100	3.11269700
142.39999172	0.00000000	-4.78592500	3.11269700
142.59999170	0.00000000	-4.78592500	2.73745100
142.79999169	0.00000000	-5.16117100	1.95004900
142.99999168	0.00000000	-5.90551100	1.19955700
143.19999167	0.00000000	-6.28075700	0.41830710
143.39999166	0.00000000	-6.32381900	0.04306102
143.59999165	0.00000000	-6.28075700	0.00000000
143.79999163	0.00000000	-5.94857300	0.00000000
143.99999162	0.00000000	-5.53641700	0.04306102
144.19999161	0.00000000	-5.53026500	0.41830710
144.39999160	0.00000000	-5.11811000	1.19955700
144.59999159	0.00000000	-4.78592500	1.95004900
144.79999157	0.00000000	-4.78592500	2.73745100
144.99999156	0.00000000	-5.11811000	3.11269700
145.19999155	0.00000000	-5.53026500	3.11269700
145.39999154	0.00000000	-5.53641700	2.73745100
145.59999153	0.00000000	-5.94857300	1.95004900
145.79999151	0.00000000	-6.28075700	1.19955700
145.99999150	0.00000000	-6.32381900	0.41830710
146.19999149	0.00000000	-6.32381900	0.04306102
146.39999148	0.00000000	-6.28075700	0.00000000
146.59999147	0.00000000	-5.90551100	0.04306102
146.79999146	0.00000000	-5.16117100	0.41830710
146.99999144	0.00000000	-4.78592500	1.15649600
147.19999143	0.00000000	-4.74286400	1.53174200
147.39999142	0.00000000	-4.78592500	1.57480300
147.59999141	0.00000000	-5.16117100	1.57480300
147.79999140	0.00000000	-5.90551100	1.57480300
147.99999138	0.00000000	-6.28075700	1.57480300
148.19999137	0.00000000	-6.32381900	1.57480300
148.39999136	0.00000000	-6.32381900	1.53174200
148.59999135	0.00000000	-6.28075700	1.15649600
148.79999134	0.00000000	-5.94857300	0.41830710
148.99999132	0.00000000	-5.53641700	0.09227362
149.19999131	0.00000000	-5.53026500	0.41830710
149.39999130	0.00000000	-5.11811000	1.15649600
149.59999129	0.00000000	-4.78592500	1.53174200
149.79999128	0.00000000	-4.74286400	1.57480300
149.99999127	0.00000000	-4.74286400	1.61786400
150.19999125	0.00000000	-4.74286400	1.99311000
150.39999124	0.00000000	-4.78592500	2.68823800
150.59999123	0.00000000	-5.16117100	2.68823800
150.79999122	0.00000000	-5.90551100	1.99311000
150.99999121	0.00000000	-6.28075700	1.61786400
151.19999119	0.00000000	-6.32381900	1.57480300
151.39999118	0.00000000	-6.32381900	1.57480300
151.59999117	0.00000000	-6.32381900	1.53174200
151.79999116	0.00000000	-6.32381900	1.15649600
151.99999115	0.00000000	-6.28075700	0.41830710
152.19999113	0.00000000	-5.90551100	0.09227362
152.39999112	0.00000000	-5.16117100	0.41830710
152.59999111	0.00000000	-4.78592500	1.15649600
152.79999110	0.00000000	-4.74286400	1.53174200
152.99999109	0.00000000	-4.74286400	1.57480300
153.19999108	0.00000000	-4.74286400	1.57480300
153.39999106	0.00000000	-4.78592500	1.57480300
153.59999105	0.00000000	-5.16117100	1.57480300
153.79999104	0.00000000	-5.90551100	1.57480300
153.99999103	0.00000000	-6.28075700	1.57480300
154.19999102	0.00000000	-6.32381900	1.57480300
154.39999100	0.00000000	-6.32381900	1.57480300
154.59999099	0.00000000	-6.32381900	1.57480300
154.79999098	0.00000000	-6.32381900	1.53174200
154.99999097	0.00000000	-6.28075700	1.15649600
155.19999096	0.00000000	-5.90551100	0.41830710
155.39999094	0.00000000	-5.16117100	0.09227362
155.59999093	0.00000000	-4.78592500	0.41830710
155.79999092	0.00000000	-4.74286400	1.15649600
155.99999091	0.00000000	-4.74286400	1.53174200
156.19999090	0.00000000	-4.78592500	1.57480300
156.39999089	0.00000000	-5.11811000	1.61786400
156.59999087	0.00000000	-5.53026500	1.99311000
156.79999086	0.00000000	-5.53641700	2.73745100
156.99999085	0.00000000	-5.94857300	3.06348400
157.19999084	0.00000000	-6.28075700	2.73745100
157.39999083	0.00000000	-6.32381900	1.99311000
157.59999081	0.00000000	-6.28075700	1.61786400
157.79999080	0.00000000	-5.90551100	1.57480300
157.99999079	0.00000000	-5.16117100	1.53174200
158.19999078	0.00000000	-4.78592500	1.15649600
158.39999077	0.00000000	-4.74286400	0.46136810
158.59999075	0.00000000	-4.74286400	0.46136810
158.79999074	0.00000000	-4.74286400	1.15649600
158.99999073	0.00000000	-4.74286400	1.53174200
159.19999072	0.00000000	-4.78592500	1.57480300
159.39999071	0.00000000	-5.16117100	1.61786400
159.59999070	0.00000000	-5.85629900	1.99311000
159.79999068	0.00000000	-5.90551100	2.73745100
159.99999067	0.00000000	-5.57947800	3.06348400
160.19999066	0.00000000	-5.94857300	2.73745100
160.39999065	0.00000000	-6.28075700	1.99311000
160.59999064	0.00000000	-6.28075700	1.57480300
160.79999062	0.00000000	-5.94857300	1.15649600
160.99999061	0.00000000	-5.53641700	0.46136810
161.19999060	0.00000000	-5.53026500	0.46136810
161.39999059	0.00000000	-5.11811000	1.15649600
161.59999058	0.00000000	-4.78592500	1.53174200
161.79999056	0.00000000	-4.74286400	1.57480300
161.99999055	0.00000000	-4.74286400	1.57480300
162.19999054	0.00000000	-4.74286400	1.57480300
162.39999053	0.00000000	-4.74286400	1.57480300
162.59999052	0.00000000	-4.78592500	1.57480300
162.79999051	0.00000000	-5.16117100	1.57480300
162.99999049	0.00000000	-5.90551100	1.57480300
163.19999048	0.00000000	-6.28075700	1.57480300
163.39999047	0.00000000	-6.32381900	1.57480300
163.59999046	0.00000000	-6.32381900	1.57480300
163.79999045	0.00000000	-6.32381900	1.57480300
163.99999043	0.00000000	-6.28075700	1.57480300
164.19999042	0.00000000	-5.90551100	1.57480300
164.39999041	0.00000000	-5.16117100	1.57480300
164.59999040	0.00000000	-4.78592500	1.57480300
164.79999039	0.00000000	-4.74286400	1.53174200
164.99999037	0.00000000	-4.74286400	1.19955700
165.19999036	0.00000000	-4.74286400	0.83661410
165.39999035	0.00000000	-4.74286400	1.19955700
165.59999034	0.00000000	-4.74286400	1.53174200
165.79999033	0.00000000	-4.78592500	1.57480300
165.99999032	0.00000000	-5.16117100	1.57480300
166.19999030	0.00000000	-5.90551100	1.57480300
166.39999029	0.00000000	-6.28075700	1.57480300
166.59999028	0.00000000	-6.28075700	1.57480300
166.79999027	0.00000000	-5.94857300	1.57480300
166.99999026	0.00000000	-5.53641700	1.57480300
167.19999024	0.00000000	-5.53026500	1.57480300
167.39999023	0.00000000	-5.11811000	1.57480300
167.59999022	0.00000000	-4.78592500	1.57480300
167.79999021	0.00000000	-4.74286400	1.57480300
167.99999020	0.00000000	-4.74286400	1.57480300
168.19999018	0.00000000	-4.74286400	1.57480300
168.39999017	0.00000000	-4.74286400	1.57480300
168.59999016	0.00000000	-4.74286400	1.57480300
168.79999015	0.00000000	-4.74286400	1.57480300
168.99999014	0.00000000	-4.78592500	1.57480300
169.19999013	0.00000000	-5.11811000	1.57480300
169.39999011	0.00000000	-5.48720400	1.57480300
169.59999010	0.00000000	-5.11811000	1.57480300
169.79999009	0.00000000	-4.78592500	1.57480300
169.99999008	0.00000000	-4.74286400	1.57480300
170.19999007	0.00000000	-4.74286400	1.57480300
170.39999005	0.00000000	-4.74286400	1.57480300
170.59999004	0.00000000	-4.74286400	1.57480300
170.79999003	0.00000000	-4.78592500	1.57480300
170.99999002	0.00000000	-5.11811000	1.57480300
171.19999001	0.00000000	-5.48720400	1.57480300
171.39998999	0.00000000	-5.11811000	1.57480300
171.59998998	0.00000000	-4.78592500	1.57480300
171.79998997	0.00000000	-4.74286400	1.57480300
171.99998996	0.00000000	-4.74286400	1.57480300
172.19998995	0.00000000	-4.74286400	1.57480300
172.39998994	0.00000000	-4.74286400	1.57480300
172.59998992	0.00000000	-4.74286400	1.57480300
172.79998991	0.00000000	-4.74286400	1.57480300
172.99998990	0.00000000	-4.74286400	1.57480300
173.19998989	0.00000000	-4.74286400	1.57480300
173.39998988	0.00000000	-4.74286400	1.57480300
173.59998986	0.00000000	-4.74286400	1.61786400
173.79998985	0.00000000	-4.74286400	1.95004900
173.99998984	0.00000000	-4.74286400	2.31914400
174.19998983	0.00000000	-4.74286400	1.95004900
174.39998982	0.00000000	-4.74286400	1.61786400
174.59998980	0.00000000	-4.74286400	1.57480300
174.79998979	0.00000000	-4.74286400	1.57480300
174.99998978	0.00000000	-4.74286400	1.57480300
175.19998977	0.00000000	-4.74286400	1.57480300
175.39998976	0.00000000	-4.78592500	1.57480300
175.59998975	0.00000000	-5.11811000	1.57480300
175.79998973	0.00000000	-5.48720400	1.57480300
175.99998972	0.00000000	-5.11811000	1.57480300
176.19998971	0.00000000	-4.78592500	1.57480300
176.39998970	0.00000000	-4.74286400	1.57480300
176.59998969	0.00000000	-4.74286400	1.57480300
176.79998967	0.00000000	-4.74286400	1.57480300
176.99998966	0.00000000	-4.74286400	1.57480300
177.19998965	0.00000000	-4.74286400	1.57480300
177.39998964	0.00000000	-4.74286400	1.57480300
177.59998963	0.00000000	-4.74286400	1.57480300
177.79998961	0.00000000	-4.78592500	1.57480300
177.99998960	0.00000000	-5.11811000	1.57480300
178.19998959	0.00000000	-5.48720400	1.57480300
178.39998958	0.00000000	-5.16117100	1.57480300
178.59998957	0.00000000	-5.16117100	1.57480300
178.79998956	0.00000000	-5.48720400	1.57480300
178.99998954	0.00000000	-5.11811000	1.57480300
179.19998953	0.00000000	-4.78592500	1.57480300
179.39998952	0.00000000	-4.74286400	1.57480300
179.59998951	0.00000000	-4.78592500	1.57480300
179.79998950	0.00000000	-5.11811000	1.57480300
179.99998948	0.00000000	-5.48720400	1.57480300
180.19998947	0.00000000	-5.11811000	1.57480300
180.39998946	0.00000000	-4.78592500	1.57480300
180.59998945	0.00000000	-4.74286400	1.57480300
180.79998944	0.00000000	-4.74286400	1.57480300
180.99998942	0.00000000	-4.74286400	1.57480300
181.19998941	0.00000000	-4.74286400	1.57480300
181.39998940	0.00000000	-4.74286400	1.57480300
181.59998939	0.00000000	-4.74286400	1.57480300
181.79998938	0.00000000	-4.74286400	1.57480300
181.99998937	0.00000000	-4.74286400	1.57480300
182.19998935	0.00000000	-4.74286400	1.57480300
182.39998934	0.00000000	-4.74286400	1.57480300
182.59998933	0.00000000	-4.74286400	1.57480300
182.79998932	0.00000000	-4.74286400	1.53174200
182.99998931	0.00000000	-4.74286400	1.19955700
183.19998929	0.00000000	-4.74286400	0.83661410
183.39998928	0.00000000	-4.74286400	1.19955700
183.59998927	0.00000000	-4.74286400	1.53174200
183.79998926	0.00000000	-4.78592500	1.57480300
183.99998925	0.00000000	-5.11811000	1.57480300
184.19998923	0.00000000	-5.48720400	1.57480300
184.39998922	0.00000000	-5.11811000	1.61786400
184.59998921	0.00000000	-4.78592500	1.95004900
184.79998920	0.00000000	-4.74286400	2.31914400
184.99998919	0.00000000	-4.74286400	1.95004900
185.19998918	0.00000000	-4.74286400	1.61786400
185.39998916	0.00000000	-4.74286400	1.57480300
185.59998915	0.00000000	-4.74286400	1.57480300
185.79998914	0.00000000	-4.74286400	1.53174200
185.99998913	0.00000000	-4.74286400	1.19955700
186.19998912	0.00000000	-4.74286400	0.83661410
186.39998910	0.00000000	-4.74286400	1.19955700
186.59998909	0.00000000	-4.78592500	1.53174200
186.79998908	0.00000000	-5.16117100	1.57480300
186.99998907	0.00000000	-5.85629900	1.61786400
187.19998906	0.00000000	-5.90551100	1.95004900
187.39998904	0.00000000	-5.53641700	2.31914400
187.59998903	0.00000000	-5.53026500	1.95004900
187.79998902	0.00000000	-5.11811000	1.61786400
187.99998901	0.00000000	-4.78592500	1.57480300
188.19998900	0.00000000	-4.74286400	1.57480300
188.39998899	0.00000000	-4.74286400	1.57480300
188.59998897	0.00000000	-4.74286400	1.57480300
188.79998896	0.00000000	-4.74286400	1.57480300
188.99998895	0.00000000	-4.74286400	1.53174200
189.19998894	0.00000000	-4.74286400	1.15649600
189.39998893	0.00000000	-4.74286400	0.46136810
189.59998891	0.00000000	-4.74286400	0.46136810
189.79998890	0.00000000	-4.74286400	1.15649600
189.99998889	0.00000000	-4.74286400	1.53174200
190.19998888	0.00000000	-4.78592500	1.57480300
190.39998887	0.00000000	-5.11811000	1.57480300
190.59998885	0.00000000	-5.48720400	1.57480300
190.79998884	0.00000000	-5.11811000	1.57480300
190.99998883	0.00000000	-4.78592500	1.57480300
191.19998882	0.00000000	-4.74286400	1.57480300
191.39998881	0.00000000	-4.74286400	1.57480300
191.59998880	0.00000000	-4.74286400	1.57480300
191.79998878	0.00000000	-4.74286400	1.57480300
191.99998877	0.00000000	-4.74286400	1.57480300
192.19998876	0.00000000	-4.74286400	1.57480300
192.39998875	0.00000000	-4.74286400	1.57480300
192.59998874	0.00000000	-4.74286400	1.57480300
192.79998872	0.00000000	-4.74286400	1.57480300
192.99998871	0.00000000	-4.78592500	1.57480300
193.19998870	0.00000000	-5.11811000	1.57480300
193.39998869	0.00000000	-5.48720400	1.57480300
193.59998868	0.00000000	-5.11811000	1.57480300
193.79998866	0.00000000	-4.78592500	1.57480300
193.99998865	0.00000000	-4.74286400	1.57480300
194.19998864	0.00000000	-4.74286400	1.57480300
194.39998863	0.00000000	-4.74286400	1.57480300
194.59998862	0.00000000	-4.74286400	1.57480300
194.79998861	0.00000000	-4.74286400	1.57480300
194.99998859	0.00000000	-4.74286400	1.57480300
195.19998858	0.00000000	-4.74286400	1.57480300
195.39998857	0.00000000	-4.74286400	1.57480300
195.59998856	0.00000000	-4.74286400	1.57480300
195.79998855	0.00000000	-4.74286400	1.57480300
195.99998853	0.00000000	-4.74286400	1.57480300
