Time	Channel A	Channel B	Channel C
(us)	(V)	(mV)	(mV)

-4.49999956	0.00000000	80.64099000	34.73794000
-4.29999957	0.00000000	80.64099000	34.73794000
-4.09999958	0.00000000	80.64099000	34.73794000
-3.89999959	0.00000000	80.64099000	34.73794000
-3.69999960	0.00000000	80.64099000	34.73794000
-3.49999962	0.00000000	80.64099000	34.73794000
-3.29999963	0.00000000	80.64099000	34.73794000
-3.09999964	0.00000000	80.64099000	34.73794000
-2.89999965	0.00000000	80.64099000	34.73794000
-2.69999966	0.00000000	80.64099000	34.73794000
-2.49999968	0.00000000	80.64099000	34.73794000
-2.29999969	0.00000000	80.64099000	34.73794000
-2.09999970	0.00000000	80.64099000	34.73794000
-1.89999971	0.00000000	80.64099000	34.73794000
-1.69999972	0.00000000	80.64099000	34.73794000
-1.49999973	0.00000000	80.64099000	34.73794000
-1.29999975	0.00000000	80.64099000	34.73794000
-1.09999976	0.00000000	80.64099000	34.69488000
-0.89999977	0.00000000	80.64099000	34.36269000
-0.69999978	0.00000000	80.64099000	33.95054000
-0.49999979	0.00000000	80.64099000	33.98745000
-0.29999981	0.31803640	80.64099000	33.90748000
-0.09999982	0.63668800	80.64099000	33.94439000
0.10000017	0.95533960	80.64099000	33.53223000
0.30000016	1.11466500	80.64099000	33.20005000
0.50000015	0.95533960	80.64099000	33.15699000
0.70000013	0.31803640	80.64099000	33.15699000
0.90000012	-0.47736220	80.64099000	33.20005000
1.10000011	-1.43331700	80.64099000	33.53223000
1.30000010	-2.22994600	80.64099000	33.90133000
1.50000009	-2.70792300	80.64099000	33.57529000
1.70000008	-2.54859700	80.64099000	33.62450000
1.90000006	-1.43331700	80.64099000	34.31963000
2.10000005	0.31803640	80.64099000	34.69488000
2.30000004	2.38927200	80.64099000	34.73794000
2.50000003	4.30056600	80.64099000	34.69488000
2.70000002	5.25652100	80.64099000	34.31963000
2.90000000	4.93786900	80.64099000	33.57529000
3.09999999	3.18590100	80.64099000	33.24926000
3.29999998	0.15871060	80.64099000	33.53223000
3.49999997	-3.18590100	80.64099000	33.94439000
3.69999996	-6.21247500	80.64099000	33.95054000
3.89999994	-7.80511800	80.64099000	34.40575000
4.09999993	-7.64579200	80.64099000	35.11319000
4.29999992	-5.41584600	80.64099000	35.89444000
4.49999991	-1.43331700	80.64099000	36.22047000
4.69999990	3.02657500	80.64099000	35.89444000
4.89999989	6.84916400	80.64099000	35.15625000
5.09999987	9.07972400	80.64099000	34.73794000
5.29999986	9.23905000	80.59792000	34.31963000
5.49999985	6.84916400	80.22269000	33.57529000
5.69999984	2.86724900	79.52755000	33.20005000
5.89999983	-1.91129400	79.52755000	33.15699000
6.09999981	-6.21247500	80.22269000	33.20005000
6.29999980	-8.92039900	80.59792000	33.57529000
6.49999979	-9.39837600	80.64099000	34.31963000
6.69999978	-7.48646600	80.64099000	34.69488000
6.89999977	-3.82258900	80.64099000	34.73794000
7.09999975	0.47736220	80.64099000	34.73794000
7.29999974	4.45989200	80.64099000	34.73794000
7.49999973	7.00848900	80.64099000	34.69488000
7.69999972	7.80511800	80.64099000	34.31963000
7.89999971	6.37180100	80.64099000	33.62450000
8.09999970	3.82258900	80.64099000	33.62450000
8.29999968	0.47736220	80.64099000	34.31963000
8.49999967	-2.54859700	80.64099000	34.69488000
8.69999966	-4.61921700	80.64099000	34.73794000
8.89999965	-5.25652100	80.64099000	34.73794000
9.09999964	-4.45989200	80.64099000	34.73794000
9.29999962	-2.86724900	80.64099000	34.73794000
9.49999961	-0.79601380	80.64099000	34.73794000
9.69999960	0.95533960	80.64099000	34.73794000
9.89999959	2.07062000	80.59792000	34.73794000
10.09999958	2.54859700	80.26574000	34.73794000
10.29999956	2.22994600	79.89664000	34.73794000
10.49999955	1.43331700	80.26574000	34.73794000
10.69999954	0.63668800	80.59792000	34.73794000
10.89999953	-0.15871060	80.64099000	34.73794000
11.09999952	-0.63668800	80.59792000	34.73794000
11.29999951	-0.95533960	80.26574000	34.73794000
11.49999949	-0.95533960	79.89664000	34.73794000
11.69999948	-0.79601380	80.26574000	34.73794000
11.89999947	-0.47736220	80.59792000	34.73794000
12.09999946	-0.15871060	80.64099000	34.73794000
12.29999945	-0.15871060	80.64099000	34.73794000
12.49999943	-0.15871060	80.64099000	34.73794000
12.69999942	0.00000000	80.64099000	34.73794000
12.89999941	0.00000000	80.64099000	34.73794000
13.09999940	0.00000000	80.64099000	34.73794000
13.29999939	0.00000000	80.64099000	34.73794000
13.49999937	0.00000000	80.64099000	34.69488000
13.69999936	0.00000000	80.64099000	34.31963000
13.89999935	0.00000000	80.64099000	33.57529000
14.09999934	-0.15871060	80.59792000	33.20005000
14.29999933	-0.15871060	80.26574000	33.20005000
14.49999932	-0.15871060	79.85359000	33.53223000
14.69999930	-0.15871060	79.84743000	33.90133000
14.89999929	0.00000000	79.43528000	33.53223000
15.09999928	0.00000000	79.15231000	33.24926000
15.29999927	0.00000000	79.43528000	33.53223000
15.49999926	0.00000000	79.80437000	33.90133000
15.69999924	0.00000000	79.43528000	33.53223000
15.89999923	0.00000000	79.10310000	33.20005000
16.09999922	0.00000000	79.06004000	33.15699000
16.29999921	-0.15871060	79.06004000	33.15699000
16.49999920	0.00000000	79.10310000	33.15699000
16.69999919	-0.15871060	79.47834000	33.20005000
16.89999917	-0.15871060	80.26574000	33.57529000
17.09999916	0.00000000	81.01624000	34.27042000
17.29999915	0.00000000	81.80363000	34.27042000
17.49999914	0.00000000	82.17889000	33.57529000
17.69999913	0.00000000	82.17889000	33.20005000
17.89999911	0.00000000	81.75443000	33.20005000
18.09999910	0.00000000	80.59792000	33.57529000
18.29999909	0.00000000	79.06004000	34.31963000
18.49999908	0.00000000	77.47908000	34.64567000
18.69999907	0.00000000	75.94118000	34.36269000
18.89999905	-0.15871060	74.78469000	33.99360000
19.09999904	0.00000000	74.45251000	34.31963000
19.29999903	0.00000000	75.24606000	34.31963000
19.49999902	0.00000000	77.61442000	33.99360000
19.69999901	0.00000000	81.05930000	34.36269000
19.89999900	0.00000000	84.91634000	34.64567000
20.09999898	0.00000000	88.07824000	34.36269000
20.29999897	0.00000000	90.36662000	33.99360000
20.49999896	0.00000000	91.38779000	34.36269000
20.69999895	0.00000000	89.01943000	34.69488000
20.89999894	0.00000000	83.66756000	34.73794000
21.09999892	0.00000000	77.01156000	34.73794000
21.29999891	0.00000000	69.66043000	34.73794000
21.49999890	-0.15871060	63.14591000	34.69488000
21.69999889	0.00000000	59.74409000	34.36269000
21.89999888	0.00000000	60.58685000	33.99360000
22.09999886	0.00000000	66.49237000	34.31963000
22.29999885	0.00000000	76.91314000	34.31963000
22.49999884	0.00000000	89.66534000	33.99360000
22.69999883	0.00000000	101.58090000	34.36269000
22.89999882	0.00000000	109.67030000	34.69488000
23.09999881	0.00000000	111.54030000	34.73794000
23.29999879	0.00000000	106.42220000	34.78100000
23.49999878	0.00000000	94.37131000	35.15625000
23.69999877	0.00000000	77.38681000	35.89444000
23.89999876	0.00000000	59.65797000	36.26968000
24.09999875	0.00000000	45.37402000	36.31274000
24.29999873	0.00000000	38.11516000	36.26968000
24.49999872	0.00000000	40.11441000	35.80217000
24.69999871	0.00000000	51.74704000	34.27042000
24.89999870	0.00000000	70.72466000	31.99434000
25.09999869	0.00000000	93.11023000	30.08735000
25.29999867	0.00000000	113.95180000	28.88779000
25.49999866	0.00000000	127.77440000	28.51255000
25.69999865	0.00000000	131.21920000	28.97392000
25.89999864	0.00000000	122.65620000	30.93012000
26.09999863	0.00000000	103.76480000	34.40575000
26.29999862	0.00000000	79.06004000	38.26894000
26.49999860	0.00000000	54.30610000	42.16904000
26.69999859	0.00000000	34.99015000	45.14640000
26.89999858	0.00000000	25.40600000	45.88459000
27.09999857	0.00000000	28.48179000	43.52239000
27.29999856	0.00000000	43.51009000	38.50270000
27.49999854	0.00000000	66.26476000	31.48991000
27.69999853	0.00000000	91.80609000	23.76968000
27.89999852	0.00000000	114.19170000	16.84916000
28.09999851	0.00000000	128.51870000	12.66609000
28.29999850	0.00000000	131.63750000	12.75221000
28.49999848	0.00000000	123.16680000	17.82111000
28.69999847	0.00000000	105.43800000	27.48524000
28.89999846	0.00000000	82.64025000	39.47465000
29.09999845	0.00000000	60.21161000	51.46407000
29.29999844	0.00000000	42.76574000	61.02977000
29.49999843	0.00000000	33.87672000	65.21899000
29.69999841	0.00000000	35.36540000	62.47539000
29.89999840	0.00000000	46.48745000	53.18652000
30.09999839	0.00000000	63.84719000	38.82874000
30.29999838	0.00000000	83.20619000	22.28100000
30.49999837	0.00000000	100.69510000	7.23425100
30.69999835	0.00000000	113.07210000	-2.38681100
30.89999834	0.00000000	118.09790000	-4.70595500
31.09999833	0.00000000	114.28400000	1.14419300
31.29999832	0.00000000	103.16190000	14.29011000
31.49999831	0.00000000	88.08440000	32.08661000
31.69999829	0.00000000	72.21949000	50.95349000
31.89999828	0.00000000	59.04896000	66.42470000
32.09999827	0.00000000	51.27952000	74.88927000
32.29999826	0.00000000	50.07381000	74.92618000
32.49999825	0.00000000	55.46875000	66.05560000
32.69999824	0.00000000	65.84645000	50.95349000
32.89999822	0.00000000	78.54945000	32.36343000
33.09999821	0.00000000	90.13287000	13.50271000
33.29999820	0.00000000	97.95152000	-0.38754920
33.49999819	0.00000000	101.11340000	-6.65600300
33.69999818	0.00000000	99.53247000	-4.70595500
33.89999816	0.00000000	93.38705000	5.32726300
34.09999815	0.00000000	84.17815000	21.12451000
34.29999814	0.00000000	74.91387000	38.92101000
34.49999813	0.00000000	67.56274000	55.18577000
34.69999812	0.00000000	63.74876000	66.75073000
34.89999810	0.00000000	64.81914000	70.97687000
35.09999809	0.00000000	69.75270000	66.79995000
35.29999808	0.00000000	76.31644000	55.64714000
35.49999807	0.00000000	83.29231000	40.58809000
35.69999806	0.00000000	88.97022000	24.74778000
35.89999805	0.00000000	91.29551000	11.68799000
36.09999803	0.00000000	89.43774000	4.67519700
36.29999802	0.00000000	84.87327000	5.04429100
36.49999801	0.00000000	79.10310000	11.92790000
36.69999800	0.00000000	73.70817000	23.86196000
36.89999799	0.00000000	70.22022000	37.25394000
37.09999797	0.00000000	69.05757000	48.49286000
37.29999796	0.00000000	70.63853000	55.05044000
37.49999795	0.00000000	74.87081000	55.83169000
37.69999794	0.00000000	80.59792000	50.48597000
37.89999793	0.00000000	85.94365000	40.92027000
38.09999791	0.00000000	89.06249000	30.22268000
38.29999790	0.00000000	89.53001000	21.35827000
38.49999789	0.00000000	87.99212000	17.16289000
38.69999788	0.00000000	84.87327000	18.28863000
38.89999787	0.00000000	80.59792000	24.79084000
39.09999786	0.00000000	76.03346000	34.31963000
39.29999784	0.00000000	72.55167000	43.52239000
39.49999783	0.00000000	71.33366000	50.02460000
39.69999782	0.00000000	71.66584000	51.51329000
39.89999781	0.00000000	73.24680000	47.33021000
40.09999780	0.00000000	75.89813000	38.87795000
40.29999778	0.00000000	78.64173000	28.55561000
40.49999777	0.00000000	81.01624000	19.35900000
40.69999776	0.00000000	83.33538000	14.38238000
40.89999775	0.00000000	84.87327000	14.70842000
41.09999774	0.00000000	85.34079000	20.09719000
41.29999772	0.00000000	85.34079000	28.97392000
41.49999771	0.00000000	84.91634000	39.38238000
41.69999770	0.00000000	83.71062000	48.91117000
41.89999769	0.00000000	81.80363000	54.25689000
42.09999768	0.00000000	79.47834000	53.56176000
42.29999767	0.00000000	77.52214000	47.84079000
42.49999765	0.00000000	75.89813000	39.00713000
42.69999764	0.00000000	74.36023000	29.34916000
42.89999763	0.00000000	73.24680000	21.25984000
43.09999762	0.00000000	73.24680000	16.24631000
43.29999761	0.00000000	74.40945000	15.82800000
43.49999759	0.00000000	76.31644000	19.59276000
43.69999758	0.00000000	78.64173000	25.77510000
43.89999757	0.00000000	80.59792000	33.15699000
44.09999756	0.00000000	82.22194000	40.40969000
44.29999755	0.00000000	83.75984000	45.38017000
44.49999753	0.00000000	84.91634000	46.25984000
44.69999752	0.00000000	85.29158000	44.03297000
44.89999751	0.00000000	84.91634000	40.16978000
45.09999750	0.00000000	83.75984000	35.15625000
45.29999749	0.00000000	82.17889000	30.55487000
45.49999748	0.00000000	80.17347000	27.39296000
45.69999746	0.00000000	77.43602000	25.81816000
45.89999745	0.00000000	74.31717000	25.81816000
46.09999744	0.00000000	71.24754000	27.34990000
46.29999743	0.00000000	68.96530000	30.04429000
46.49999742	0.00000000	68.59006000	33.11393000
46.69999740	0.00000000	70.12794000	35.85138000
46.89999739	0.00000000	73.28986000	37.80142000
47.09999738	0.00000000	78.03272000	38.96407000
47.29999737	0.00000000	84.17815000	38.92101000
47.49999736	0.00000000	90.31126000	37.38312000
47.69999734	0.00000000	94.13754000	34.73794000
47.89999733	0.00000000	94.96801000	31.99434000
48.09999732	0.00000000	92.55659000	29.66904000
48.29999731	0.00000000	87.10630000	27.72515000
48.49999730	0.00000000	78.96776000	27.01772000
48.69999729	0.00000000	70.12794000	27.76821000
48.89999727	0.00000000	62.81988000	30.08735000
49.09999726	0.00000000	59.00590000	33.15699000
49.29999725	0.00000000	60.16240000	36.26968000
49.49999724	0.00000000	65.93873000	38.96407000
49.69999723	0.00000000	74.82775000	40.50196000
49.89999721	0.00000000	84.87327000	40.50196000
50.09999720	0.00000000	93.71924000	38.92101000
50.29999719	0.00000000	99.11417000	35.80217000
50.49999718	0.00000000	99.48942000	31.61909000
50.69999717	0.00000000	94.87573000	27.81127000
50.89999715	0.00000000	86.41116000	25.86122000
51.09999714	0.00000000	76.40871000	25.81816000
51.29999713	0.00000000	67.51968000	27.39296000
51.49999712	0.00000000	61.74335000	30.51181000
51.69999711	0.00000000	60.58685000	34.69488000
51.89999710	0.00000000	64.44389000	38.54576000
52.09999708	0.00000000	72.08414000	40.87721000
52.29999707	0.00000000	81.29305000	41.65846000
52.49999706	0.00000000	88.97022000	40.45275000
52.69999705	0.00000000	93.25172000	37.43233000
52.89999704	0.00000000	93.25172000	33.57529000
53.09999702	0.00000000	89.06249000	30.13656000
53.29999701	0.00000000	82.17889000	27.81127000
53.49999700	0.00000000	74.87081000	27.39296000
53.69999699	0.00000000	69.10064000	28.51255000
53.89999698	0.00000000	66.44315000	30.46260000
54.09999696	0.00000000	67.93799000	33.15699000
54.29999695	0.00000000	72.87155000	35.80217000
54.49999694	0.00000000	79.01697000	37.34006000
54.69999693	0.00000000	84.83022000	37.34006000
54.89999692	0.00000000	89.01943000	35.85138000
55.09999691	0.00000000	90.17593000	33.57529000
55.29999689	0.00000000	87.85679000	31.66830000
55.49999688	0.00000000	82.91708000	30.55487000
55.69999687	0.00000000	76.78395000	30.97318000
55.89999686	0.00000000	71.80117000	33.24926000
56.09999685	0.00000000	69.05757000	36.26968000
56.29999683	0.00000000	69.05757000	38.92101000
56.49999682	0.00000000	71.75196000	40.08366000
56.69999681	0.00000000	76.40871000	39.29626000
56.89999680	0.00000000	82.17889000	36.96481000
57.09999679	0.00000000	87.48154000	33.11393000
57.29999677	0.00000000	90.17593000	28.88779000
57.49999676	0.00000000	89.48080000	25.44291000
57.69999675	0.00000000	86.41116000	23.58514000
57.89999674	0.00000000	81.80363000	24.79084000
58.09999673	0.00000000	76.78395000	28.97392000
58.29999672	0.00000000	72.91461000	34.73794000
58.49999670	0.00000000	70.59547000	40.54502000
58.69999669	0.00000000	70.59547000	45.10334000
58.89999668	0.00000000	72.87155000	47.00418000
59.09999667	0.00000000	76.31644000	45.06028000
59.29999666	0.00000000	80.22269000	40.08366000
59.49999664	0.00000000	83.62450000	33.15699000
59.69999663	0.00000000	85.56840000	26.19340000
59.89999662	0.00000000	85.20546000	20.84153000
60.09999661	0.00000000	83.33538000	18.15330000
60.29999660	0.00000000	80.59792000	19.72195000
60.49999658	0.00000000	77.52214000	24.65551000
60.69999657	0.00000000	74.87081000	31.66830000
60.89999656	0.00000000	73.70817000	39.33932000
61.09999655	0.00000000	74.45251000	45.88459000
61.29999654	0.00000000	76.31644000	49.28642000
61.49999653	0.00000000	78.64173000	48.53592000
61.69999651	0.00000000	80.59792000	43.56545000
61.89999650	0.00000000	82.12967000	36.26968000
62.09999649	0.00000000	82.87401000	28.51255000
62.29999648	0.00000000	82.08661000	21.58587000
62.49999647	0.00000000	80.17347000	17.40280000
62.69999645	0.00000000	77.47908000	17.31053000
62.89999644	0.00000000	74.87081000	20.79847000
63.09999643	0.00000000	73.70817000	26.61171000
63.29999642	0.00000000	74.45251000	34.31963000
63.49999641	0.00000000	76.31644000	41.56618000
63.69999639	0.00000000	78.68478000	46.21678000
63.89999638	0.00000000	80.97318000	47.46555000
64.09999637	0.00000000	82.91708000	45.56471000
64.29999636	0.00000000	83.62450000	41.70152000
64.49999635	0.00000000	82.91708000	36.26968000
64.69999634	0.00000000	80.97318000	30.51181000
64.89999632	0.00000000	78.72785000	25.86122000
65.09999631	0.00000000	76.73474000	23.12377000
65.29999630	0.00000000	75.56593000	22.69931000
65.49999629	0.00000000	74.82775000	24.23720000
65.69999628	0.00000000	75.28912000	27.30684000
65.89999626	0.00000000	77.52214000	31.15772000
66.09999625	0.00000000	80.13041000	34.64567000
66.29999624	0.00000000	81.71136000	37.43233000
66.49999623	0.00000000	82.08661000	39.38238000
66.69999622	0.00000000	81.33611000	40.58809000
66.89999620	0.00000000	79.43528000	40.96333000
67.09999619	0.00000000	77.52214000	40.58809000
67.29999618	0.00000000	75.99039000	39.38238000
67.49999617	0.00000000	75.20300000	37.43233000
67.69999616	0.00000000	75.65821000	34.68873000
67.89999615	0.00000000	77.20226000	31.57603000
68.09999613	0.00000000	80.26574000	28.46333000
68.29999612	0.00000000	83.24926000	25.72589000
68.49999611	0.00000000	84.83022000	23.86196000
68.69999610	0.00000000	84.83022000	23.49901000
68.89999609	0.00000000	83.24926000	25.48597000
69.09999607	0.00000000	80.13041000	29.30610000
69.29999606	0.00000000	75.89813000	34.40575000
69.49999605	0.00000000	71.70891000	39.75763000
69.69999604	0.00000000	69.01452000	44.39591000
69.89999603	0.00000000	68.63927000	46.67815000
70.09999601	0.00000000	70.63853000	46.30290000
70.29999600	0.00000000	75.24606000	43.14714000
70.49999599	0.00000000	81.38533000	37.43233000
70.69999598	0.00000000	86.82947000	30.88090000
70.89999597	0.00000000	91.06176000	25.48597000
71.09999596	0.00000000	92.91953000	21.96727000
71.29999594	0.00000000	90.97564000	21.21678000
71.49999593	0.00000000	85.99286000	23.07455000
71.69999592	0.00000000	79.01697000	26.97465000
71.89999591	0.00000000	71.70891000	31.99434000
72.09999590	0.00000000	65.93873000	37.34006000
72.29999588	0.00000000	63.23819000	41.19094000
72.49999587	0.00000000	64.35777000	42.40895000
72.69999586	0.00000000	68.59006000	41.65846000
72.89999585	0.00000000	74.78469000	38.96407000
73.09999584	0.00000000	81.75443000	35.19931000
73.29999582	0.00000000	87.89984000	32.08661000
73.49999581	0.00000000	91.80609000	30.13656000
73.69999580	0.00000000	92.55659000	29.34916000
73.89999579	0.00000000	90.26820000	30.08735000
74.09999578	0.00000000	85.24852000	31.57603000
74.29999577	0.00000000	79.10310000	33.11393000
74.49999575	0.00000000	73.24680000	34.22736000
74.69999574	0.00000000	68.63311000	34.18430000
74.89999573	0.00000000	66.35703000	32.69562000
75.09999572	0.00000000	67.42741000	30.41954000
75.29999571	0.00000000	70.86613000	28.55561000
75.49999569	0.00000000	75.11072000	27.81127000
75.69999568	0.00000000	79.80437000	29.01698000
75.89999567	0.00000000	83.62450000	32.08661000
76.09999566	0.00000000	85.99286000	36.26968000
76.29999565	0.00000000	86.36810000	40.12672000
76.49999563	0.00000000	84.87327000	42.40895000
76.69999562	0.00000000	82.17889000	42.82111000
76.89999561	0.00000000	79.15231000	40.78494000
77.09999560	0.00000000	76.82701000	36.59571000
77.29999559	0.00000000	75.99039000	30.79478000
77.49999558	0.00000000	75.94118000	25.44291000
77.69999556	0.00000000	76.31644000	21.54281000
77.89999555	0.00000000	77.06077000	20.05413000
78.09999554	0.00000000	77.43602000	21.59203000
78.29999553	0.00000000	77.47908000	25.86122000
78.49999552	0.00000000	77.43602000	31.99434000
78.69999550	0.00000000	77.10384000	38.54576000
78.89999549	0.00000000	76.73474000	43.56545000
79.09999548	0.00000000	77.19611000	46.30290000
79.29999547	0.00000000	78.31569000	46.25984000
79.49999546	0.00000000	80.26574000	43.19020000
79.69999544	0.00000000	82.12967000	37.80142000
79.89999543	0.00000000	83.29231000	31.66830000
80.09999542	0.00000000	83.29231000	26.23647000
80.29999541	0.00000000	82.12967000	22.74852000
80.49999540	0.00000000	80.17347000	21.54281000
80.69999539	0.00000000	77.47908000	22.70546000
80.89999537	0.00000000	74.78469000	25.77510000
81.09999536	0.00000000	72.87155000	30.00123000
81.29999535	0.00000000	72.12721000	34.22736000
81.49999534	0.00000000	73.28986000	37.38312000
81.69999533	0.00000000	75.89813000	39.38238000
81.89999531	0.00000000	78.64173000	40.54502000
82.09999530	0.00000000	80.97318000	40.54502000
82.29999529	0.00000000	82.91708000	39.38238000
82.49999528	0.00000000	83.62450000	37.47539000
82.69999527	0.00000000	82.91708000	35.11319000
82.89999525	0.00000000	81.01624000	32.78174000
83.09999524	0.00000000	79.06004000	30.41954000
83.29999523	0.00000000	77.14690000	28.46333000
83.49999522	0.00000000	75.62130000	26.88853000
83.69999521	0.00000000	75.56593000	25.77510000
83.89999520	0.00000000	75.89813000	25.81816000
84.09999518	0.00000000	76.36565000	27.39296000
84.29999517	0.00000000	77.43602000	30.46260000
84.49999516	0.00000000	78.22342000	34.31963000
84.69999515	0.00000000	78.27264000	37.80758000
84.89999514	0.00000000	78.68478000	40.54502000
85.09999512	0.00000000	79.01697000	42.03371000
85.29999511	0.00000000	79.06004000	41.65846000
85.49999510	0.00000000	79.06004000	39.33932000
85.69999509	0.00000000	79.10310000	35.85138000
85.89999508	0.00000000	79.47834000	31.57603000
86.09999506	0.00000000	80.22269000	27.34990000
86.29999505	0.00000000	80.54871000	24.28026000
86.49999504	0.00000000	80.17347000	23.16683000
86.69999503	0.00000000	79.01697000	24.69857000
86.89999502	0.00000000	77.47908000	28.51255000
87.09999501	0.00000000	75.94118000	33.11393000
87.29999499	0.00000000	74.78469000	37.38312000
87.49999498	0.00000000	74.40945000	40.45275000
87.69999497	0.00000000	74.78469000	41.61540000
87.89999496	0.00000000	75.99039000	40.45275000
88.09999495	0.00000000	77.89738000	37.38312000
88.29999493	0.00000000	80.17347000	33.15699000
88.49999492	0.00000000	81.71136000	28.97392000
88.69999491	0.00000000	82.17889000	26.23647000
88.89999490	0.00000000	82.12967000	25.44291000
89.09999489	0.00000000	81.33611000	26.23647000
89.29999487	0.00000000	79.39222000	28.97392000
89.49999486	0.00000000	77.14690000	33.15699000
89.69999485	0.00000000	75.20300000	37.34006000
89.89999484	0.00000000	74.40945000	40.03444000
90.09999483	0.00000000	74.36023000	40.45890000
90.29999482	0.00000000	74.82775000	38.92101000
90.49999480	0.00000000	76.31644000	35.80217000
90.69999479	0.00000000	78.22342000	31.57603000
90.89999478	0.00000000	79.39222000	27.39296000
91.09999477	0.00000000	80.17347000	24.69857000
91.29999476	0.00000000	80.17347000	24.32948000
91.49999474	0.00000000	79.47834000	26.27953000
91.69999473	0.00000000	79.06004000	30.51181000
91.89999472	0.00000000	78.64173000	35.80832000
92.09999471	0.00000000	77.89738000	40.03444000
92.29999470	0.00000000	77.52214000	41.99065000
92.49999468	0.00000000	77.47908000	41.61540000
92.69999467	0.00000000	77.47908000	38.92101000
92.89999466	0.00000000	77.43602000	34.69488000
93.09999465	0.00000000	77.06077000	30.04429000
93.29999464	0.00000000	76.31644000	25.81816000
93.49999463	0.00000000	75.94118000	23.16683000
93.69999461	0.00000000	75.89813000	23.16683000
93.89999460	0.00000000	75.94118000	25.86122000
94.09999459	0.00000000	76.40871000	30.46260000
94.29999458	0.00000000	77.94660000	35.80832000
94.49999457	0.00000000	80.22269000	40.03444000
94.69999455	0.00000000	82.12967000	41.99065000
94.89999454	0.00000000	83.29231000	41.61540000
95.09999453	0.00000000	83.29231000	38.92101000
95.29999452	0.00000000	82.12967000	34.69488000
95.49999451	0.00000000	80.17347000	30.09350000
95.69999449	0.00000000	77.43602000	26.27953000
95.89999448	0.00000000	74.36023000	24.70472000
96.09999447	0.00000000	71.66584000	25.44291000
96.29999446	0.00000000	70.17101000	27.76821000
96.49999445	0.00000000	70.54626000	31.61909000
96.69999444	0.00000000	72.87155000	35.75910000
96.89999442	0.00000000	76.36565000	38.50270000
97.09999441	0.00000000	80.59792000	39.29626000
97.29999440	0.00000000	84.45496000	38.54576000
97.49999439	0.00000000	86.78642000	36.26968000
97.69999438	0.00000000	87.57381000	33.57529000
97.89999436	0.00000000	86.36810000	31.25000000
98.09999435	0.00000000	83.24926000	29.29995000
98.29999434	0.00000000	78.68478000	28.55561000
98.49999433	0.00000000	74.04035000	28.93085000
98.69999432	0.00000000	70.95841000	30.41954000
98.89999430	0.00000000	69.34055000	32.32037000
99.09999429	0.00000000	69.75270000	33.48917000
99.29999428	0.00000000	71.66584000	34.31963000
99.49999427	0.00000000	74.78469000	34.69488000
99.69999426	0.00000000	78.64173000	34.73794000
99.89999425	0.00000000	82.12967000	34.73794000
100.09999423	0.00000000	84.83022000	34.73794000
100.29999422	0.00000000	85.99286000	34.73794000
100.49999421	0.00000000	85.24852000	34.73794000
100.69999420	0.00000000	83.33538000	34.73794000
100.89999419	0.00000000	80.59792000	34.69488000
101.09999417	0.00000000	77.52214000	34.27042000
101.29999416	0.00000000	74.78469000	33.11393000
101.49999415	0.00000000	72.82849000	31.57603000
101.69999414	0.00000000	71.66584000	30.04429000
101.89999413	0.00000000	71.66584000	28.93085000
102.09999411	0.00000000	72.82849000	28.93085000
102.29999410	0.00000000	74.73548000	30.08735000
102.49999409	0.00000000	77.10384000	32.04355000
102.69999408	0.00000000	79.39222000	34.73794000
102.89999407	0.00000000	81.33611000	37.38312000
103.09999406	0.00000000	82.12967000	38.92101000
103.29999404	0.00000000	82.17889000	38.92101000
103.49999403	0.00000000	81.71136000	37.38312000
103.69999402	0.00000000	80.17347000	34.68873000
103.89999401	0.00000000	77.89738000	31.62524000
104.09999400	0.00000000	75.99039000	28.88164000
104.29999398	0.00000000	74.78469000	26.97465000
104.49999397	0.00000000	74.36023000	26.23647000
104.69999396	0.00000000	74.36023000	27.39296000
104.89999395	0.00000000	74.78469000	30.04429000
105.09999394	0.00000000	75.94118000	33.11393000
105.29999392	0.00000000	77.47908000	35.80217000
105.49999391	0.00000000	79.01697000	37.38312000
105.69999390	0.00000000	80.13041000	37.75836000
105.89999389	0.00000000	80.17347000	36.96481000
106.09999388	0.00000000	79.43528000	34.68873000
106.29999387	0.00000000	78.64173000	32.08661000
106.49999385	0.00000000	77.47908000	30.46260000
106.69999384	0.00000000	76.36565000	29.66904000
106.89999383	0.00000000	75.99039000	29.30610000
107.09999382	0.00000000	76.36565000	30.13656000
107.29999381	0.00000000	77.43602000	31.95128000
107.49999379	0.00000000	78.22342000	33.90133000
107.69999378	0.00000000	78.27264000	35.02091000
107.89999377	0.00000000	78.64173000	35.47613000
108.09999376	0.00000000	78.59251000	35.02091000
108.29999375	0.00000000	77.85432000	33.94439000
108.49999374	0.00000000	77.10384000	32.36959000
108.69999372	0.00000000	76.31644000	31.25000000
108.89999371	0.00000000	75.94118000	30.41954000
109.09999370	0.00000000	75.94118000	30.09350000
109.29999369	0.00000000	76.36565000	30.46260000
109.49999368	0.00000000	77.52214000	31.66830000
109.69999366	0.00000000	79.01697000	33.53223000
109.89999365	0.00000000	80.17347000	35.43307000
110.09999364	0.00000000	80.54871000	36.17741000
110.29999363	0.00000000	80.22269000	35.85138000
110.49999362	0.00000000	79.43528000	34.68873000
110.69999360	0.00000000	78.64173000	33.15699000
110.89999359	0.00000000	77.43602000	31.57603000
111.09999358	0.00000000	75.94118000	30.04429000
111.29999357	0.00000000	74.82775000	28.93085000
111.49999356	0.00000000	74.78469000	28.93085000
111.69999355	0.00000000	75.52288000	30.00123000
111.89999353	0.00000000	76.31644000	31.15772000
112.09999352	0.00000000	77.47908000	31.99434000
112.29999351	0.00000000	78.59251000	33.15699000
112.49999350	0.00000000	79.01697000	34.27042000
112.69999349	0.00000000	79.06004000	34.69488000
112.89999347	0.00000000	79.01697000	34.69488000
113.09999346	0.00000000	78.64173000	34.31963000
113.29999345	0.00000000	77.85432000	33.57529000
113.49999344	0.00000000	77.10384000	33.20005000
113.69999343	0.00000000	76.31644000	33.15699000
113.89999341	0.00000000	75.94118000	33.15699000
114.09999340	0.00000000	75.89813000	33.11393000
114.29999339	0.00000000	75.94118000	32.73868000
114.49999338	0.00000000	76.36565000	32.04355000
114.69999337	0.00000000	77.47908000	31.99434000
114.89999336	0.00000000	78.59251000	32.32037000
115.09999334	0.00000000	79.01697000	31.99434000
115.29999333	0.00000000	79.06004000	31.99434000
115.49999332	0.00000000	79.01697000	32.36343000
115.69999331	0.00000000	78.64173000	32.41265000
115.89999330	0.00000000	77.89738000	33.20005000
116.09999328	0.00000000	77.52214000	34.31963000
116.29999327	0.00000000	77.43602000	35.06397000
116.49999326	0.00000000	77.06077000	35.47613000
116.69999325	0.00000000	76.36565000	35.11319000
116.89999324	0.00000000	76.36565000	34.73794000
117.09999322	0.00000000	77.06077000	34.31963000
117.29999321	0.00000000	77.47908000	33.53223000
117.49999320	0.00000000	77.89738000	32.78174000
117.69999319	0.00000000	78.68478000	31.95128000
117.89999318	0.00000000	79.43528000	31.25000000
118.09999317	0.00000000	80.17347000	30.83784000
118.29999315	0.00000000	80.13041000	31.20078000
118.49999314	0.00000000	79.06004000	31.57603000
118.69999313	0.00000000	77.89738000	31.99434000
118.89999312	0.00000000	77.06077000	32.78174000
119.09999311	0.00000000	75.89813000	33.53223000
119.29999309	0.00000000	74.78469000	34.31963000
119.49999308	0.00000000	74.40945000	34.69488000
119.69999307	0.00000000	74.73548000	34.69488000
119.89999306	0.00000000	75.56593000	34.31963000
120.09999305	0.00000000	76.69167000	33.53223000
120.29999303	0.00000000	78.26648000	32.78174000
120.49999302	0.00000000	79.39222000	31.99434000
120.69999301	0.00000000	80.17347000	31.61909000
120.89999300	0.00000000	80.17347000	31.57603000
121.09999299	0.00000000	79.43528000	31.57603000
121.29999298	0.00000000	78.64173000	31.57603000
121.49999296	0.00000000	77.47908000	31.57603000
121.69999295	0.00000000	76.31644000	31.57603000
121.89999294	0.00000000	75.52288000	31.61909000
122.09999293	0.00000000	74.73548000	31.99434000
122.29999292	0.00000000	74.40945000	32.73868000
122.49999290	0.00000000	74.73548000	33.11393000
122.69999289	0.00000000	75.52288000	33.15699000
122.89999288	0.00000000	76.27337000	33.15699000
123.09999287	0.00000000	77.10384000	33.15699000
123.29999286	0.00000000	77.85432000	33.15699000
123.49999284	0.00000000	78.64173000	33.15699000
123.69999283	0.00000000	79.01697000	33.11393000
123.89999282	0.00000000	79.06004000	32.73868000
124.09999281	0.00000000	79.01697000	31.99434000
124.29999280	0.00000000	78.64173000	31.61909000
124.49999279	0.00000000	77.85432000	31.57603000
124.69999277	0.00000000	77.10384000	31.57603000
124.89999276	0.00000000	76.31644000	31.61909000
125.09999275	0.00000000	75.89813000	31.99434000
125.29999274	0.00000000	75.52288000	32.73868000
125.49999273	0.00000000	75.15379000	33.11393000
125.69999271	0.00000000	75.56593000	33.15699000
125.89999270	0.00000000	76.27337000	33.15699000
126.09999269	0.00000000	77.10384000	33.15699000
126.29999268	0.00000000	77.85432000	33.15699000
126.49999267	0.00000000	78.64173000	33.15699000
126.69999265	0.00000000	79.01697000	33.15699000
126.89999264	0.00000000	79.01697000	33.15699000
127.09999263	0.00000000	78.64173000	33.15699000
127.29999262	0.00000000	77.85432000	33.11393000
127.49999261	0.00000000	77.06077000	32.73868000
127.69999260	0.00000000	75.89813000	31.99434000
127.89999258	0.00000000	74.78469000	31.66830000
128.09999257	0.00000000	74.40945000	31.99434000
128.29999256	0.00000000	74.78469000	32.73868000
128.49999255	0.00000000	75.94118000	33.11393000
128.69999254	0.00000000	77.43602000	33.15699000
128.89999252	0.00000000	78.59251000	33.15699000
129.09999251	0.00000000	79.01697000	33.15699000
129.29999250	0.00000000	79.01697000	33.15699000
129.49999249	0.00000000	78.64173000	33.15699000
129.69999248	0.00000000	77.85432000	33.11393000
129.89999246	0.00000000	77.06077000	32.73868000
130.09999245	0.00000000	75.89813000	32.04355000
130.29999244	0.00000000	74.78469000	32.04355000
130.49999243	0.00000000	74.40945000	32.73868000
130.69999242	0.00000000	74.78469000	33.11393000
130.89999241	0.00000000	75.94118000	33.15699000
131.09999239	0.00000000	77.43602000	33.15699000
131.29999238	0.00000000	78.59251000	33.15699000
131.49999237	0.00000000	79.01697000	33.11393000
131.69999236	0.00000000	79.06004000	32.73868000
131.89999235	0.00000000	79.01697000	31.99434000
132.09999233	0.00000000	78.59251000	31.61909000
132.29999232	0.00000000	77.47908000	31.57603000
132.49999231	0.00000000	76.36565000	31.57603000
132.69999230	0.00000000	75.94118000	31.61909000
132.89999229	0.00000000	75.89813000	31.99434000
133.09999227	0.00000000	75.94118000	32.78174000
133.29999226	0.00000000	76.31644000	33.53223000
133.49999225	0.00000000	77.06077000	34.31963000
133.69999224	0.00000000	77.43602000	34.64567000
133.89999223	0.00000000	77.47908000	34.31963000
134.09999222	0.00000000	77.47908000	33.53223000
134.29999220	0.00000000	77.47908000	32.78174000
134.49999219	0.00000000	77.43602000	31.95128000
134.69999218	0.00000000	77.10384000	31.20078000
134.89999217	0.00000000	76.73474000	30.41954000
135.09999216	0.00000000	77.10384000	30.04429000
135.29999214	0.00000000	77.43602000	30.04429000
135.49999213	0.00000000	77.47908000	30.46260000
135.69999212	0.00000000	77.47908000	31.57603000
135.89999211	0.00000000	77.43602000	32.68946000
136.09999210	0.00000000	77.06077000	33.11393000
136.29999208	0.00000000	76.31644000	33.15699000
136.49999207	0.00000000	75.94118000	33.15699000
136.69999206	0.00000000	75.89813000	33.15699000
136.89999205	0.00000000	75.89813000	33.11393000
137.09999204	0.00000000	75.89813000	32.73868000
137.29999203	0.00000000	75.94118000	31.99434000
137.49999201	0.00000000	76.31644000	31.61909000
137.69999200	0.00000000	77.10384000	31.53297000
137.89999199	0.00000000	77.85432000	31.20078000
138.09999198	0.00000000	78.59251000	30.83784000
138.29999197	0.00000000	78.59251000	31.20078000
138.49999195	0.00000000	77.85432000	31.53297000
138.69999194	0.00000000	77.10384000	31.57603000
138.89999193	0.00000000	76.31644000	31.61909000
139.09999192	0.00000000	75.94118000	31.99434000
139.29999191	0.00000000	75.89813000	32.73868000
139.49999189	0.00000000	75.89813000	33.11393000
139.69999188	0.00000000	75.94118000	33.15699000
139.89999187	0.00000000	76.31644000	33.15699000
140.09999186	0.00000000	77.06077000	33.15699000
140.29999185	0.00000000	77.47908000	33.11393000
140.49999184	0.00000000	77.85432000	32.73868000
140.69999182	0.00000000	78.22342000	31.95128000
140.89999181	0.00000000	77.81126000	31.20078000
141.09999180	0.00000000	77.10384000	30.41954000
141.29999179	0.00000000	76.31644000	30.09350000
141.49999178	0.00000000	75.94118000	30.41954000
141.69999176	0.00000000	75.89813000	31.20078000
141.89999175	0.00000000	75.89813000	31.99434000
142.09999174	0.00000000	75.94118000	33.15699000
142.29999173	0.00000000	76.31644000	34.27042000
142.49999172	0.00000000	77.06077000	34.69488000
142.69999170	0.00000000	77.43602000	34.69488000
142.89999169	0.00000000	77.47908000	34.31963000
143.09999168	0.00000000	77.47908000	33.53223000
143.29999167	0.00000000	77.43602000	32.78174000
143.49999166	0.00000000	77.06077000	31.95128000
143.69999165	0.00000000	76.31644000	31.20078000
143.89999163	0.00000000	75.94118000	30.46260000
144.09999162	0.00000000	75.94118000	30.46260000
144.29999161	0.00000000	76.31644000	31.20078000
144.49999160	0.00000000	77.06077000	31.95128000
144.69999159	0.00000000	77.43602000	32.78174000
144.89999157	0.00000000	77.47908000	33.48917000
145.09999156	0.00000000	77.47908000	33.90133000
145.29999155	0.00000000	77.47908000	33.53223000
145.49999154	0.00000000	77.43602000	33.20005000
145.69999153	0.00000000	77.06077000	33.11393000
145.89999151	0.00000000	76.31644000	32.73868000
146.09999150	0.00000000	75.94118000	31.95128000
146.29999149	0.00000000	75.89813000	31.25000000
146.49999148	0.00000000	75.94118000	30.83784000
146.69999147	0.00000000	76.31644000	31.20078000
146.89999146	0.00000000	77.06077000	31.53297000
147.09999144	0.00000000	77.43602000	31.61909000
147.29999143	0.00000000	77.47908000	31.99434000
147.49999142	0.00000000	77.47908000	32.73868000
147.69999141	0.00000000	77.43602000	33.11393000
147.89999140	0.00000000	77.06077000	33.15699000
148.09999138	0.00000000	76.31644000	33.15699000
148.29999137	0.00000000	75.94118000	33.15699000
148.49999136	0.00000000	75.89813000	33.15699000
148.69999135	0.00000000	75.94118000	33.11393000
148.89999134	0.00000000	76.27337000	32.73868000
149.09999132	0.00000000	76.68553000	31.99434000
149.29999131	0.00000000	76.69167000	31.61909000
149.49999130	0.00000000	77.10384000	31.57603000
149.69999129	0.00000000	77.43602000	31.53297000
149.89999128	0.00000000	77.47908000	31.20078000
150.09999127	0.00000000	77.47908000	30.88090000
150.29999125	0.00000000	77.43602000	31.62524000
150.49999124	0.00000000	77.06077000	32.68946000
150.69999123	0.00000000	76.31644000	33.11393000
150.89999122	0.00000000	75.94118000	33.15699000
151.09999121	0.00000000	75.89813000	33.15699000
151.29999119	0.00000000	75.89813000	33.11393000
151.49999118	0.00000000	75.89813000	32.73868000
151.69999117	0.00000000	75.89813000	31.99434000
151.89999116	0.00000000	75.94118000	31.61909000
152.09999115	0.00000000	76.31644000	31.57603000
152.29999113	0.00000000	77.06077000	31.53297000
152.49999112	0.00000000	77.43602000	31.20078000
152.69999111	0.00000000	77.47908000	30.83784000
152.89999110	0.00000000	77.47908000	31.20078000
153.09999109	0.00000000	77.43602000	31.53297000
153.29999108	0.00000000	77.06077000	31.57603000
153.49999106	0.00000000	76.31644000	31.61909000
153.69999105	0.00000000	75.94118000	31.99434000
153.89999104	0.00000000	75.89813000	32.73868000
154.09999103	0.00000000	75.89813000	33.06471000
154.29999102	0.00000000	75.89813000	32.73868000
154.49999100	0.00000000	75.89813000	31.99434000
154.69999099	0.00000000	75.89813000	31.66830000
154.89999098	0.00000000	75.89813000	31.95128000
155.09999097	0.00000000	75.94118000	32.32037000
155.29999096	0.00000000	76.31644000	31.95128000
155.49999094	0.00000000	77.06077000	31.61909000
155.69999093	0.00000000	77.43602000	31.57603000
155.89999092	0.00000000	77.47908000	31.61909000
156.09999091	0.00000000	77.43602000	31.95128000
156.29999090	0.00000000	77.06077000	32.32037000
156.49999089	0.00000000	76.31644000	31.99434000
156.69999087	0.00000000	75.94118000	32.04355000
156.89999086	0.00000000	75.89813000	32.73868000
157.09999085	0.00000000	75.89813000	33.11393000
157.29999084	0.00000000	75.89813000	33.15699000
157.49999083	0.00000000	75.89813000	33.15699000
157.69999081	0.00000000	75.89813000	33.15699000
157.89999080	0.00000000	75.94118000	33.11393000
158.09999079	0.00000000	76.31644000	32.73868000
158.29999078	0.00000000	77.06077000	31.99434000
158.49999077	0.00000000	77.43602000	31.61909000
158.69999075	0.00000000	77.47908000	31.57603000
158.89999074	0.00000000	77.47908000	31.61909000
159.09999073	0.00000000	77.43602000	31.99434000
159.29999072	0.00000000	77.06077000	32.73868000
159.49999071	0.00000000	76.31644000	33.11393000
159.69999070	0.00000000	75.94118000	33.15699000
159.89999068	0.00000000	75.89813000	33.15699000
160.09999067	0.00000000	75.89813000	33.15699000
160.29999066	0.00000000	75.89813000	33.15699000
160.49999065	0.00000000	75.89813000	33.11393000
160.69999064	0.00000000	75.89813000	32.73868000
160.89999062	0.00000000	75.89813000	31.99434000
161.09999061	0.00000000	75.89813000	31.61909000
161.29999060	0.00000000	75.89813000	31.57603000
161.49999059	0.00000000	75.89813000	31.57603000
161.69999058	0.00000000	75.89813000	31.57603000
161.89999056	0.00000000	75.94118000	31.57603000
162.09999055	0.00000000	76.27337000	31.57603000
162.29999054	0.00000000	76.68553000	31.61909000
162.49999053	0.00000000	76.64862000	31.99434000
162.69999052	0.00000000	76.68553000	32.73868000
162.89999051	0.00000000	76.27337000	33.11393000
163.09999049	0.00000000	75.94118000	33.15699000
163.29999048	0.00000000	75.89813000	33.15699000
163.49999047	0.00000000	75.89813000	33.15699000
163.69999046	0.00000000	75.89813000	33.11393000
163.89999045	0.00000000	75.89813000	32.73868000
164.09999043	0.00000000	75.89813000	31.99434000
164.29999042	0.00000000	75.89813000	31.57603000
164.49999041	0.00000000	75.94118000	31.20078000
164.69999040	0.00000000	76.31644000	30.88090000
164.89999039	0.00000000	77.06077000	31.62524000
165.09999037	0.00000000	77.43602000	32.64640000
165.29999036	0.00000000	77.47908000	32.68946000
165.49999035	0.00000000	77.47908000	31.99434000
165.69999034	0.00000000	77.43602000	31.66830000
165.89999033	0.00000000	77.06077000	31.99434000
166.09999032	0.00000000	76.31644000	32.68946000
166.29999030	0.00000000	75.89813000	32.73868000
166.49999029	0.00000000	75.52288000	32.36959000
166.69999028	0.00000000	75.15379000	32.36343000
166.89999027	0.00000000	75.52288000	31.99434000
167.09999026	0.00000000	75.85506000	31.99434000
167.29999024	0.00000000	75.89813000	32.32037000
167.49999023	0.00000000	75.94118000	31.95128000
167.69999022	0.00000000	76.27337000	31.61909000
167.89999021	0.00000000	76.68553000	31.57603000
168.09999020	0.00000000	76.64862000	31.57603000
168.29999018	0.00000000	76.68553000	31.57603000
168.49999017	0.00000000	76.27337000	31.57603000
168.69999016	0.00000000	75.94118000	31.57603000
168.89999015	0.00000000	75.89813000	31.57603000
169.09999014	0.00000000	75.89813000	31.57603000
169.29999013	0.00000000	75.89813000	31.57603000
169.49999011	0.00000000	75.89813000	31.57603000
169.69999010	0.00000000	75.89813000	31.57603000
169.89999009	0.00000000	75.89813000	31.57603000
170.09999008	0.00000000	75.89813000	31.57603000
170.29999007	0.00000000	75.89813000	31.57603000
170.49999005	0.00000000	75.89813000	31.57603000
170.69999004	0.00000000	75.89813000	31.57603000
170.89999003	0.00000000	75.89813000	31.57603000
171.09999002	0.00000000	75.89813000	31.57603000
171.29999001	0.00000000	75.89813000	31.57603000
171.49998999	0.00000000	75.89813000	31.57603000
171.69998998	0.00000000	75.94118000	31.57603000
171.89998997	0.00000000	76.27337000	31.57603000
172.09998996	0.00000000	76.68553000	31.57603000
172.29998995	0.00000000	76.64862000	31.57603000
172.49998994	0.00000000	76.68553000	31.57603000
172.69998992	0.00000000	76.27337000	31.57603000
172.89998991	0.00000000	75.94118000	31.57603000
173.09998990	0.00000000	75.89813000	31.57603000
173.29998989	0.00000000	75.89813000	31.57603000
173.49998988	0.00000000	75.89813000	31.57603000
173.69998986	0.00000000	75.89813000	31.57603000
173.89998985	0.00000000	75.89813000	31.57603000
174.09998984	0.00000000	75.89813000	31.57603000
174.29998983	0.00000000	75.89813000	31.57603000
174.49998982	0.00000000	75.89813000	31.57603000
174.69998980	0.00000000	75.89813000	31.57603000
174.89998979	0.00000000	75.89813000	31.57603000
175.09998978	0.00000000	75.89813000	31.57603000
175.29998977	0.00000000	75.89813000	31.57603000
175.49998976	0.00000000	75.89813000	31.57603000
175.69998975	0.00000000	75.89813000	31.61909000
175.89998973	0.00000000	75.89813000	31.95128000
176.09998972	0.00000000	75.89813000	32.32037000
176.29998971	0.00000000	75.89813000	31.99434000
176.49998970	0.00000000	75.89813000	32.04355000
176.69998969	0.00000000	75.89813000	32.68946000
176.89998967	0.00000000	75.89813000	32.68946000
177.09998966	0.00000000	75.89813000	31.99434000
177.29998965	0.00000000	75.89813000	31.61909000
177.49998964	0.00000000	75.89813000	31.57603000
177.69998963	0.00000000	75.85506000	31.53297000
177.89998961	0.00000000	75.52288000	31.25000000
178.09998960	0.00000000	75.15379000	31.21309000
178.29998959	0.00000000	75.52288000	31.94513000
178.49998958	0.00000000	75.85506000	31.90822000
178.69998957	0.00000000	75.89813000	31.61909000
178.89998956	0.00000000	75.89813000	31.57603000
179.09998954	0.00000000	75.89813000	31.57603000
179.29998953	0.00000000	75.89813000	31.61909000
179.49998952	0.00000000	75.89813000	31.95128000
179.69998951	0.00000000	75.89813000	32.32037000
179.89998950	0.00000000	75.89813000	31.95128000
180.09998948	0.00000000	75.89813000	31.61909000
180.29998947	0.00000000	75.85506000	31.57603000
180.49998946	0.00000000	75.52288000	31.57603000
180.69998945	0.00000000	75.15379000	31.57603000
180.89998944	0.00000000	75.52288000	31.57603000
181.09998942	0.00000000	75.85506000	31.57603000
181.29998941	0.00000000	75.89813000	31.57603000
181.49998940	0.00000000	75.89813000	31.57603000
181.69998939	0.00000000	75.89813000	31.57603000
181.89998938	0.00000000	75.89813000	31.61909000
182.09998937	0.00000000	75.89813000	31.95128000
182.29998935	0.00000000	75.89813000	32.32037000
182.49998934	0.00000000	75.89813000	31.95128000
182.69998933	0.00000000	75.89813000	31.61909000
182.89998932	0.00000000	75.89813000	31.57603000
183.09998931	0.00000000	75.89813000	31.57603000
183.29998929	0.00000000	75.89813000	31.53297000
183.49998928	0.00000000	75.89813000	31.20078000
183.69998927	0.00000000	75.89813000	30.79478000
183.89998926	0.00000000	75.89813000	30.83169000
184.09998925	0.00000000	75.89813000	30.79478000
184.29998923	0.00000000	75.89813000	31.20078000
184.49998922	0.00000000	75.89813000	31.53297000
184.69998921	0.00000000	75.85506000	31.61909000
184.89998920	0.00000000	75.52288000	31.99434000
185.09998919	0.00000000	75.15379000	32.68946000
185.29998918	0.00000000	75.52288000	32.68946000
185.49998916	0.00000000	75.85506000	31.99434000
185.69998915	0.00000000	75.89813000	31.61909000
185.89998914	0.00000000	75.89813000	31.57603000
186.09998913	0.00000000	75.89813000	31.53297000
186.29998912	0.00000000	75.89813000	31.15772000
186.49998910	0.00000000	75.89813000	30.46260000
186.69998909	0.00000000	75.89813000	30.46260000
186.89998908	0.00000000	75.89813000	31.15772000
187.09998907	0.00000000	75.89813000	31.53297000
187.29998906	0.00000000	75.89813000	31.57603000
187.49998904	0.00000000	75.89813000	31.61909000
187.69998903	0.00000000	75.89813000	31.99434000
187.89998902	0.00000000	75.89813000	32.73868000
188.09998901	0.00000000	75.89813000	33.11393000
188.29998900	0.00000000	75.89813000	33.11393000
188.49998899	0.00000000	75.89813000	32.73868000
188.69998897	0.00000000	75.89813000	31.99434000
188.89998896	0.00000000	75.89813000	31.61909000
189.09998895	0.00000000	75.89813000	31.57603000
189.29998894	0.00000000	75.89813000	31.57603000
189.49998893	0.00000000	75.89813000	31.57603000
189.69998891	0.00000000	75.89813000	31.57603000
189.89998890	0.00000000	75.89813000	31.57603000
190.09998889	0.00000000	75.89813000	31.57603000
190.29998888	0.00000000	75.89813000	31.57603000
190.49998887	0.00000000	75.89813000	31.61909000
190.69998885	0.00000000	75.85506000	31.99434000
190.89998884	0.00000000	75.52288000	32.68946000
191.09998883	0.00000000	75.15379000	32.68946000
191.29998882	0.00000000	75.52288000	31.99434000
191.49998881	0.00000000	75.85506000	31.61909000
191.69998880	0.00000000	75.89813000	31.57603000
191.89998878	0.00000000	75.89813000	31.57603000
192.09998877	0.00000000	75.89813000	31.57603000
192.29998876	0.00000000	75.89813000	31.57603000
192.49998875	0.00000000	75.89813000	31.57603000
192.69998874	0.00000000	75.89813000	31.57603000
192.89998872	0.00000000	75.89813000	31.57603000
193.09998871	0.00000000	75.85506000	31.57603000
193.29998870	0.00000000	75.47981000	31.57603000
193.49998869	0.00000000	74.73548000	31.57603000
193.69998868	0.00000000	74.36023000	31.57603000
193.89998866	0.00000000	74.36023000	31.61909000
194.09998865	0.00000000	74.73548000	31.95128000
194.29998864	0.00000000	75.47981000	32.36343000
194.49998863	0.00000000	75.85506000	32.32653000
194.69998862	0.00000000	75.89813000	32.36343000
194.89998861	0.00000000	75.89813000	31.95128000
195.09998859	0.00000000	75.89813000	31.61909000
195.29998858	0.00000000	75.89813000	31.57603000
195.49998857	0.00000000	75.85506000	31.57603000
195.69998856	0.00000000	75.47981000	31.57603000
195.89998855	0.00000000	74.73548000	31.57603000
196.09998853	0.00000000	74.36023000	31.57603000
