Time	Channel A	Channel B	Channel C
(us)	(V)	(mV)	(mV)

-4.53333289	0.00000000	1.58095500	4.73671200
-4.33333290	0.00000000	1.58095500	4.73671200
-4.13333291	0.00000000	1.58095500	4.73671200
-3.93333293	0.00000000	1.58095500	4.73671200
-3.73333294	0.00000000	1.58095500	4.73671200
-3.53333295	0.00000000	1.62401600	4.73671200
-3.33333296	0.00000000	1.95620100	4.73671200
-3.13333297	0.00000000	2.32529500	4.73671200
-2.93333299	0.00000000	1.95620100	4.73671200
-2.73333300	0.00000000	1.62401600	4.73671200
-2.53333301	0.00000000	1.58095500	4.73671200
-2.33333302	0.00000000	1.58095500	4.73671200
-2.13333303	0.00000000	1.58095500	4.73671200
-1.93333304	0.00000000	1.58095500	4.73671200
-1.73333306	0.00000000	1.58095500	4.73671200
-1.53333307	0.00000000	1.58095500	4.73671200
-1.33333308	0.00000000	1.58095500	4.73671200
-1.13333309	0.00000000	1.58095500	4.73671200
-0.93333310	0.00000000	1.58095500	4.73671200
-0.73333312	0.00000000	1.58095500	4.73671200
-0.53333313	0.00000000	1.58095500	4.73671200
-0.33333314	0.15871060	1.58095500	4.73671200
-0.13333315	0.47736220	1.58095500	4.73671200
0.06666684	0.95533960	1.58095500	4.73671200
0.26666682	0.95533960	1.58095500	4.69365100
0.46666681	0.95533960	1.58095500	4.31840500
0.66666680	0.47736220	1.58095500	3.57406500
0.86666679	-0.31803640	1.58095500	3.19881900
1.06666678	-1.27399100	1.58095500	3.19881900
1.26666677	-2.22994600	1.58095500	3.57406500
1.46666675	-2.70792300	1.58095500	4.31840500
1.66666674	-2.54859700	1.58095500	4.69365100
1.86666673	-1.75196900	1.58095500	4.73671200
2.06666672	0.00000000	1.58095500	4.73671200
2.26666671	2.22994600	1.58095500	4.73671200
2.46666669	3.98191400	1.58095500	4.69365100
2.66666668	5.25652100	1.58095500	4.31840500
2.86666667	5.09719500	1.58095500	3.57406500
3.06666666	3.50393700	1.58095500	3.19881900
3.26666665	0.79601380	1.58095500	3.15575800
3.46666663	-2.54859700	1.58095500	3.19881900
3.66666662	-5.73449800	1.62401600	3.57406500
3.86666661	-7.64579200	1.95620100	4.31840500
4.06666660	-7.80511800	2.32529500	4.69365100
4.26666659	-5.73449800	1.99926200	4.73671200
4.46666658	-2.22994600	1.99926200	4.73671200
4.66666656	2.22994600	2.32529500	4.73671200
4.86666655	6.21247500	1.95620100	4.69365100
5.06666654	8.92039900	1.62401600	4.31840500
5.26666653	9.39837600	1.58095500	3.57406500
5.46666652	7.48646600	1.58095500	3.19881900
5.66666650	3.66326300	1.58095500	3.15575800
5.86666649	-1.11466500	1.58095500	3.15575800
6.06666648	-5.57517200	1.58095500	3.19881900
6.26666647	-8.60174700	1.58095500	3.57406500
6.46666646	-9.39837600	1.58095500	4.31840500
6.66666644	-7.96444400	1.58095500	4.69365100
6.86666643	-4.61921700	1.58095500	4.73671200
7.06666642	-0.15871060	1.58095500	4.73671200
7.26666641	3.98191400	1.58095500	4.73671200
7.46666640	6.84916400	1.58095500	4.69365100
7.66666639	7.80511800	1.58095500	4.31840500
7.86666637	6.84916400	1.58095500	3.57406500
8.06666636	4.30056600	1.58095500	3.19881900
8.26666635	0.95533960	1.58095500	3.15575800
8.46666634	-2.07062000	1.58095500	3.15575800
8.66666633	-4.30056600	1.58095500	3.19881900
8.86666631	-5.25652100	1.58095500	3.57406500
9.06666630	-4.61921700	1.58095500	4.31840500
9.26666629	-3.18590100	1.58095500	4.69365100
9.46666628	-1.11466500	1.58095500	4.73671200
9.66666627	0.63668800	1.58095500	4.73671200
9.86666625	1.91129400	1.58095500	4.69365100
10.06666624	2.54859700	1.58095500	4.36146600
10.26666623	2.38927200	1.58095500	3.99237200
10.46666622	1.59264300	1.58095500	4.36146600
10.66666621	0.79601380	1.58095500	4.69365100
10.86666620	0.00000000	1.58095500	4.73671200
11.06666618	-0.63668800	1.58095500	4.73671200
11.26666617	-0.95533960	1.58095500	4.73671200
11.46666616	-0.95533960	1.58095500	4.73671200
11.66666615	-0.79601380	1.58095500	4.73671200
11.86666614	-0.47736220	1.53789400	4.69365100
12.06666612	-0.31803640	1.24877000	4.36146600
12.26666611	-0.15871060	1.21186000	3.99237200
12.46666610	-0.15871060	1.95004900	4.36146600
12.66666609	0.00000000	1.91314000	4.69365100
12.86666608	0.00000000	1.62401600	4.73671200
13.06666606	0.15871060	1.58095500	4.73671200
13.26666605	0.00000000	1.58095500	4.73671200
13.46666604	0.00000000	1.58095500	4.73671200
13.66666603	0.00000000	1.58095500	4.73671200
13.86666602	0.00000000	1.58095500	4.69365100
14.06666601	-0.15871060	1.58095500	4.36146600
14.26666599	-0.15871060	1.58095500	3.99237200
14.46666598	-0.15871060	1.58095500	4.36146600
14.66666597	0.00000000	1.58095500	4.69365100
14.86666596	0.00000000	1.58095500	4.73671200
15.06666595	0.00000000	1.58095500	4.73671200
15.26666593	0.00000000	1.58095500	4.69365100
15.46666592	0.00000000	1.58095500	4.36146600
15.66666591	0.00000000	1.58095500	3.99237200
15.86666590	0.00000000	1.58095500	4.36146600
16.06666589	0.00000000	1.58095500	4.69365100
16.26666587	0.00000000	1.58095500	4.73671200
16.46666586	-0.15871060	1.58095500	4.69365100
16.66666585	0.00000000	1.62401600	4.36146600
16.86666584	-0.15871060	1.99926200	3.99237200
17.06666583	0.00000000	2.74360200	4.36146600
17.26666582	0.00000000	3.11884800	4.69365100
17.46666580	0.00000000	3.16190900	4.73671200
17.66666579	0.00000000	3.16190900	4.69365100
17.86666578	0.00000000	3.11884800	4.31840500
18.06666577	0.00000000	2.69439000	3.57406500
18.26666576	0.00000000	1.53789400	3.24803100
18.46666574	0.00000000	0.00000000	3.57406500
18.66666573	0.00000000	-1.53789400	4.31840500
18.86666572	0.00000000	-2.69439000	4.69365100
19.06666571	0.00000000	-3.02657500	4.73671200
19.26666570	0.00000000	-2.23302100	4.73671200
19.46666568	0.00000000	0.09227362	4.73671200
19.66666567	0.00000000	3.20497000	4.73671200
19.86666566	0.00000000	6.74212600	4.73671200
20.06666565	0.00000000	10.55610000	4.73671200
20.26666564	0.00000000	13.16437000	4.69365100
20.46666563	0.00000000	13.16437000	4.36146600
20.66666561	0.00000000	10.46998000	3.99237200
20.86666560	0.00000000	5.67790300	4.36146600
21.06666559	0.00000000	-1.30413400	4.69365100
21.26666558	0.00000000	-9.71948700	4.73671200
21.46666557	0.00000000	-16.19094000	4.69365100
21.66666555	0.00000000	-18.93455000	4.31840500
21.86666554	0.00000000	-17.31053000	3.62327700
22.06666553	0.00000000	-11.02977000	3.57406500
22.26666552	0.00000000	-0.55979330	3.90009800
22.46666551	0.00000000	12.18012000	3.57406500
22.66666549	0.00000000	24.09572000	3.62327700
22.86666548	0.00000000	32.14813000	4.31840500
23.06666547	0.00000000	33.63681000	4.69365100
23.26666546	0.00000000	27.77436000	4.77977300
23.46666545	0.00000000	15.35433000	5.15501900
23.66666544	0.00000000	-1.67322800	5.89320800
23.86666542	0.00000000	-19.40207000	6.26845500
24.06666541	0.00000000	-33.68602000	6.26845500
24.26666540	0.00000000	-40.90182000	5.89320800
24.46666539	0.00000000	-38.52116000	5.06274600
24.66666538	0.00000000	-26.10728000	3.90009800
24.86666536	0.00000000	-6.42224400	1.99311000
25.06666535	0.00000000	16.37549000	0.46136810
25.26666534	0.00000000	36.79872000	-0.37524600
25.46666533	0.00000000	49.87696000	-1.06422200
25.66666532	0.00000000	52.20226000	-0.60285430
25.86666530	0.00000000	42.90108000	1.71013800
26.06666529	0.00000000	24.32948000	5.15501900
26.26666528	0.00000000	0.00000000	9.05511800
26.46666527	0.00000000	-24.28642000	12.53691000
26.66666526	0.00000000	-42.48277000	15.18824000
26.86666525	0.00000000	-50.99040000	15.88336000
27.06666523	0.00000000	-47.82849000	13.52116000
27.26666522	0.00000000	-33.17544000	8.50147600
27.46666521	0.00000000	-10.42077000	1.48868100
27.66666520	0.00000000	14.65920000	-6.18233200
27.86666519	0.00000000	36.33735000	-12.72761000
28.06666517	0.00000000	49.87696000	-16.16634000
28.26666516	0.00000000	52.66363000	-15.70497000
28.46666515	0.00000000	44.52510000	-10.63607000
28.66666514	0.00000000	27.53445000	-1.35334600
28.86666513	0.00000000	5.16117100	9.89173200
29.06666511	0.00000000	-16.84301000	21.46284000
29.26666510	0.00000000	-33.55069000	30.65330000
29.46666509	0.00000000	-42.06447000	34.43036000
29.66666508	0.00000000	-40.56963000	31.72982000
29.86666507	0.00000000	-29.82283000	22.39788000
30.06666506	0.00000000	-13.25664000	8.50147600
30.26666504	0.00000000	5.35187000	-7.33882900
30.46666503	0.00000000	22.01033000	-21.60433000
30.66666502	0.00000000	33.68602000	-30.85015000
30.86666501	0.00000000	38.33661000	-33.12623000
31.06666500	0.00000000	35.26698000	-27.27608000
31.26666498	0.00000000	25.25836000	-14.17323000
31.46666497	0.00000000	10.97441000	3.20497000
31.66666496	0.00000000	-4.09694900	20.99532000
31.86666495	0.00000000	-16.88607000	35.67913000
32.06666494	0.00000000	-24.65551000	44.13140000
32.26666492	0.00000000	-26.28568000	44.13140000
32.46666491	0.00000000	-22.00418000	35.62992000
32.66666490	0.00000000	-12.74606000	20.57702000
32.86666489	0.00000000	-0.41830710	2.04232300
33.06666488	0.00000000	11.49114000	-15.70497000
33.26666487	0.00000000	20.09719000	-28.90010000
33.46666485	0.00000000	24.00344000	-35.07628000
33.66666484	0.00000000	23.20989000	-33.16929000
33.86666483	0.00000000	17.43971000	-23.51132000
34.06666482	0.00000000	8.23695900	-8.45841400
34.26666481	0.00000000	-1.35334600	8.91978400
34.46666479	0.00000000	-9.11663300	24.76009000
34.66666478	0.00000000	-12.98597000	35.58686000
34.86666477	0.00000000	-12.69685000	39.48696000
35.06666476	0.00000000	-8.83981200	35.62992000
35.26666475	0.00000000	-2.69439000	25.22145000
35.46666473	0.00000000	4.27534400	10.58686000
35.66666472	0.00000000	10.37771000	-4.83513700
35.86666471	0.00000000	13.85950000	-17.19365000
36.06666470	0.00000000	13.49655000	-24.16338000
36.26666469	0.00000000	10.09473000	-24.16338000
36.46666468	0.00000000	4.69980300	-17.28592000
36.66666466	0.00000000	-1.07037400	-5.80708600
36.86666465	0.00000000	-5.67790300	6.92052100
37.06666464	0.00000000	-8.00319800	17.70423000
37.26666463	0.00000000	-7.25885800	24.29257000
37.46666462	0.00000000	-4.18922200	25.04306000
37.66666460	0.00000000	0.46751960	20.10950000
37.86666459	0.00000000	5.81323800	10.91289000
38.06666458	0.00000000	10.04552000	0.59670270
38.26666457	0.00000000	12.00172000	-7.85556000
38.46666456	0.00000000	11.67569000	-12.08169000
38.66666454	0.00000000	9.35039300	-10.92520000
38.86666453	0.00000000	5.85629900	-4.78592500
39.06666452	0.00000000	1.58095500	4.73671200
39.26666451	0.00000000	-2.65132900	14.25935000
39.46666450	0.00000000	-5.72711600	20.39862000
39.66666449	0.00000000	-6.93282500	21.60433000
39.86666447	0.00000000	-6.18848400	17.74729000
40.06666446	0.00000000	-4.23228400	10.07628000
40.26666445	0.00000000	-1.11343500	0.41830710
40.46666444	0.00000000	2.74360200	-8.74138700
40.66666443	0.00000000	6.23154500	-14.81914000
40.86666441	0.00000000	8.97514600	-15.19439000
41.06666440	0.00000000	10.51304000	-9.89788300
41.26666439	0.00000000	10.51304000	-1.02116100
41.46666438	0.00000000	8.97514600	9.33809000
41.66666437	0.00000000	6.28075700	18.53469000
41.86666435	0.00000000	3.16190900	23.56053000
42.06666434	0.00000000	0.04306102	23.60359000
42.26666433	0.00000000	-2.69439000	18.95300000
42.46666432	0.00000000	-4.60752900	10.49459000
42.66666431	0.00000000	-5.39493100	0.55364170
42.86666430	0.00000000	-4.65059000	-7.90477300
43.06666428	0.00000000	-3.11884800	-12.54921000
43.26666427	0.00000000	-1.16264800	-12.63533000
43.46666426	0.00000000	1.16264800	-8.82750900
43.66666425	0.00000000	3.11884800	-2.69439000
43.86666424	0.00000000	4.65059000	4.26919300
44.06666422	0.00000000	5.48720400	10.45152000
44.26666421	0.00000000	5.53641700	14.72072000
44.46666420	0.00000000	5.94857300	16.25861000
44.66666419	0.00000000	6.28075700	14.76993000
44.86666418	0.00000000	6.28075700	10.95595000
45.06666416	0.00000000	5.85629900	6.35457700
45.26666415	0.00000000	4.69980300	2.04232300
45.46666414	0.00000000	3.11884800	-1.39640700
45.66666413	0.00000000	1.07037400	-3.34030500
45.86666412	0.00000000	-1.99926200	-2.97736200
46.06666411	0.00000000	-5.43799200	-1.11343500
46.26666409	0.00000000	-7.72637700	1.62401600
46.46666408	0.00000000	-8.51377900	4.68750000
46.66666407	0.00000000	-7.25885800	7.43110200
46.86666406	0.00000000	-3.77091500	9.33809000
47.06666405	0.00000000	1.62401600	10.11934000
47.26666403	0.00000000	7.48646600	9.38115100
47.46666402	0.00000000	12.88755000	7.84940900
47.66666401	0.00000000	17.11368000	5.85014700
47.86666400	0.00000000	18.14714000	3.15575800
48.06666399	0.00000000	15.48966000	0.51058070
48.26666397	0.00000000	9.25812000	-1.06422200
48.46666396	0.00000000	1.16264800	-1.43946800
48.66666395	0.00000000	-7.35113100	-0.64591530
48.86666394	0.00000000	-14.23474000	1.66707700
49.06666393	0.00000000	-17.31053000	4.73671200
49.26666392	0.00000000	-15.77264000	7.84940900
49.46666390	0.00000000	-9.95939900	10.53765000
49.66666389	0.00000000	-1.11343500	12.03248000
49.86666388	0.00000000	8.55684000	11.61417000
50.06666387	0.00000000	16.60925000	8.91978400
50.26666386	0.00000000	21.25369000	4.73671200
50.46666384	0.00000000	20.84153000	0.51058070
50.66666383	0.00000000	15.90797000	-2.60211600
50.86666382	0.00000000	7.76943800	-4.18307100
51.06666381	0.00000000	-1.44562000	-4.14000900
51.26666380	0.00000000	-9.53494100	-2.18380900
51.46666379	0.00000000	-14.14862000	1.66707700
51.66666377	0.00000000	-14.19168000	6.26845500
51.86666376	0.00000000	-9.95939900	10.49459000
52.06666375	0.00000000	-2.65132900	13.18898000
52.26666374	0.00000000	5.77017700	13.61343000
52.46666373	0.00000000	12.65379000	12.07554000
52.66666371	0.00000000	15.81570000	9.00590400
52.86666370	0.00000000	15.07751000	5.15501900
53.06666369	0.00000000	11.20817000	1.66707700
53.26666368	0.00000000	4.69980300	-1.02116100
53.46666367	0.00000000	-2.18996000	-2.18380900
53.66666365	0.00000000	-7.21579700	-1.39640700
53.86666364	0.00000000	-9.53494100	0.88582670
54.06666363	0.00000000	-8.32923100	4.31840500
54.26666362	0.00000000	-3.81397600	7.29576700
54.46666361	0.00000000	2.32529500	8.50147600
54.66666360	0.00000000	7.72637700	7.80019600
54.86666358	0.00000000	11.58341000	6.26845500
55.06666357	0.00000000	12.69685000	4.36146600
55.26666356	0.00000000	10.42077000	2.46063000
55.46666355	0.00000000	5.85629900	1.71013800
55.66666354	0.00000000	0.46751960	2.08538400
55.86666352	0.00000000	-4.14616100	3.66633800
56.06666351	0.00000000	-6.88361200	6.26845500
56.26666350	0.00000000	-7.25885800	8.54453700
56.46666349	0.00000000	-5.30265700	9.33809000
56.66666348	0.00000000	-1.11343500	8.91978400
56.86666346	0.00000000	3.85703700	6.92052100
57.06666345	0.00000000	7.72637700	3.11269700
57.26666344	0.00000000	10.09473000	-1.07037400
57.46666343	0.00000000	10.46998000	-4.13385800
57.66666342	0.00000000	8.93208600	-5.25344500
57.86666341	0.00000000	5.85629900	-3.71555100
58.06666339	0.00000000	2.04847400	0.17839570
58.26666338	0.00000000	-1.07037400	5.57332700
58.46666337	0.00000000	-3.02657500	11.70029000
58.66666336	0.00000000	-3.77091500	16.25861000
58.86666335	0.00000000	-2.60826800	17.83957000
59.06666333	0.00000000	0.00000000	16.25861000
59.26666332	0.00000000	2.69439000	11.61417000
59.46666331	0.00000000	4.65059000	4.69365100
59.66666330	0.00000000	5.81323800	-2.60211600
59.86666329	0.00000000	5.81323800	-8.36614100
60.06666327	0.00000000	4.69980300	-11.05438000
60.26666326	0.00000000	3.16190900	-9.84867000
60.46666325	0.00000000	1.62401600	-4.87819900
60.66666324	0.00000000	0.51058070	2.82972400
60.86666323	0.00000000	0.51058070	10.86983000
61.06666322	0.00000000	1.58095500	17.42126000
61.26666320	0.00000000	2.74360200	20.48474000
61.46666319	0.00000000	3.53715500	19.37131000
61.66666318	0.00000000	4.27534400	14.76993000
61.86666317	0.00000000	4.23228400	7.80019600
62.06666316	0.00000000	3.11884800	0.09227362
62.26666314	0.00000000	1.58095500	-6.82824800
62.46666313	0.00000000	0.04306102	-11.06053000
62.66666312	0.00000000	-1.11343500	-11.47884000
62.86666311	0.00000000	-1.48868100	-8.36614100
63.06666310	0.00000000	-1.11343500	-2.22687000
63.26666308	0.00000000	0.09227362	5.47490100
63.46666307	0.00000000	1.99926200	12.40773000
63.66666306	0.00000000	4.32455700	17.46432000
63.86666305	0.00000000	6.18848400	19.37131000
64.06666304	0.00000000	6.97588500	17.83957000
64.26666303	0.00000000	6.23154500	13.23819000
64.46666301	0.00000000	4.69980300	6.72982200
64.66666300	0.00000000	2.74360200	0.55364170
64.86666299	0.00000000	0.41830710	-4.14000900
65.06666298	0.00000000	-1.44562000	-6.87746000
65.26666297	0.00000000	-2.23302100	-7.24655500
65.46666295	0.00000000	-1.48868100	-5.38262700
65.66666294	0.00000000	0.04306102	-1.90698800
65.86666293	0.00000000	1.95620100	1.95004900
66.06666292	0.00000000	3.90625000	5.89320800
66.26666291	0.00000000	5.02583600	9.38115100
66.46666289	0.00000000	5.43799200	12.07554000
66.66666288	0.00000000	4.60752900	13.28125000
66.86666287	0.00000000	2.74360200	12.91215000
67.06666286	0.00000000	0.46751960	11.74951000
67.26666285	0.00000000	-1.02731300	9.38115100
67.46666284	0.00000000	-1.02731300	6.31151500
67.66666282	0.00000000	0.46751960	3.15575800
67.86666281	0.00000000	2.78666300	0.04306102
68.06666280	0.00000000	5.11811000	-2.69439000
68.26666279	0.00000000	7.39419200	-4.60137700
68.46666278	0.00000000	8.51377900	-5.33956700
68.66666276	0.00000000	7.72637700	-4.18307100
68.86666275	0.00000000	5.43799200	-1.44562000
69.06666274	0.00000000	1.91314000	2.41756900
69.26666273	0.00000000	-1.91314000	7.09891700
69.46666272	0.00000000	-5.39493100	11.33120000
69.66666270	0.00000000	-7.25885800	14.81299000
69.86666269	0.00000000	-6.84055100	16.25861000
70.06666268	0.00000000	-3.77091500	14.76993000
70.26666267	0.00000000	1.24877000	10.91289000
70.46666266	0.00000000	6.65600300	5.89320800
70.66666265	0.00000000	11.67569000	0.46136810
70.86666263	0.00000000	14.70226000	-4.14000900
71.06666262	0.00000000	14.70226000	-6.82824800
71.26666261	0.00000000	11.62648000	-6.87746000
71.46666260	0.00000000	6.23154500	-4.55831700
71.66666259	0.00000000	0.09227362	-0.69512790
71.86666257	0.00000000	-5.39493100	4.31840500
72.06666256	0.00000000	-9.25812000	8.91978400
72.26666255	0.00000000	-11.16511000	12.03248000
72.46666254	0.00000000	-9.95939900	13.18898000
72.66666253	0.00000000	-5.72711600	12.07554000
72.86666251	0.00000000	0.41830710	9.38115100
73.06666250	0.00000000	6.97588500	5.93626900
73.26666249	0.00000000	12.00172000	2.50369100
73.46666248	0.00000000	14.74532000	0.59670270
73.66666247	0.00000000	14.74532000	0.51058070
73.86666246	0.00000000	12.05093000	1.62401600
74.06666244	0.00000000	7.39419200	3.15575800
74.26666243	0.00000000	1.62401600	4.64443900
74.46666242	0.00000000	-3.77091500	5.38262700
74.66666241	0.00000000	-7.25885800	4.64443900
74.86666240	0.00000000	-8.42150500	3.15575800
75.06666238	0.00000000	-6.88361200	1.62401600
75.26666237	0.00000000	-3.11884800	0.46136810
75.46666236	0.00000000	1.11343500	0.13533460
75.66666235	0.00000000	4.65059000	0.97194880
75.86666234	0.00000000	7.35113100	3.66633800
76.06666232	0.00000000	8.51377900	7.47416300
76.26666231	0.00000000	7.81250000	10.91289000
76.46666230	0.00000000	6.28075700	13.18898000
76.66666229	0.00000000	4.36761800	13.18898000
76.86666228	0.00000000	2.41756900	10.86983000
77.06666227	0.00000000	1.24877000	6.96358300
77.26666225	0.00000000	0.46751960	1.57480300
77.46666224	0.00000000	0.46751960	-3.76476400
77.66666223	0.00000000	1.16264800	-7.20349400
77.86666222	0.00000000	1.53789400	-7.99089500
78.06666221	0.00000000	1.58095500	-5.71481200
78.26666219	0.00000000	1.53789400	-1.43946800
78.46666218	0.00000000	1.16264800	3.99237200
78.66666217	0.00000000	0.41830710	10.11934000
78.86666216	0.00000000	0.09227362	14.72072000
79.06666215	0.00000000	0.51058070	16.71998000
79.26666213	0.00000000	2.04847400	16.30167000
79.46666212	0.00000000	4.32455700	13.23819000
79.66666211	0.00000000	6.23154500	8.26771600
79.86666210	0.00000000	7.39419200	3.20497000
80.06666209	0.00000000	7.35113100	-1.43946800
80.26666208	0.00000000	5.85629900	-4.92125900
80.46666206	0.00000000	3.53715500	-6.09005900
80.66666205	0.00000000	1.16264800	-5.33956700
80.86666204	0.00000000	-1.53789400	-2.64517700
81.06666203	0.00000000	-3.77091500	1.20570900
81.26666202	0.00000000	-4.14616100	5.06274600
81.46666200	0.00000000	-2.65132900	8.58759800
81.66666199	0.00000000	0.04306102	10.91289000
81.86666198	0.00000000	3.11884800	12.11860000
82.06666197	0.00000000	5.81323800	12.11860000
82.26666196	0.00000000	7.39419200	10.96211000
82.46666194	0.00000000	7.76943800	9.00590400
82.66666193	0.00000000	7.01894700	6.26845500
82.86666192	0.00000000	5.07504900	3.19881900
83.06666191	0.00000000	2.78666300	0.41830710
83.26666190	0.00000000	0.46751960	-1.90698800
83.46666189	0.00000000	-1.07037400	-3.80782500
83.66666187	0.00000000	-1.48868100	-4.18307100
83.86666186	0.00000000	-1.11343500	-3.02042300
84.06666185	0.00000000	0.04306102	-0.69512790
84.26666184	0.00000000	1.53789400	2.82972400
84.46666183	0.00000000	2.69439000	6.68676100
84.66666181	0.00000000	3.11884800	10.53765000
84.86666180	0.00000000	3.20497000	13.23819000
85.06666179	0.00000000	3.53715500	14.03174000
85.26666178	0.00000000	3.90625000	13.18898000
85.46666177	0.00000000	3.53715500	10.07628000
85.66666175	0.00000000	3.20497000	5.15501900
85.86666174	0.00000000	3.20497000	0.51058070
86.06666173	0.00000000	3.53715500	-3.02042300
86.26666172	0.00000000	3.90625000	-5.33956700
86.46666171	0.00000000	3.49409400	-5.67175200
86.66666170	0.00000000	2.74360200	-3.76476400
86.86666168	0.00000000	1.58095500	0.13533460
87.06666167	0.00000000	0.41830710	5.11195900
87.26666166	0.00000000	-0.33218500	10.07628000
87.46666165	0.00000000	-0.69512790	13.14591000
87.66666164	0.00000000	0.09227362	13.61343000
87.86666162	0.00000000	1.58095500	12.07554000
88.06666161	0.00000000	3.16190900	8.96284400
88.26666160	0.00000000	4.69980300	4.73671200
88.46666159	0.00000000	5.85629900	0.51058070
88.66666158	0.00000000	6.23154500	-2.60211600
88.86666156	0.00000000	5.81323800	-4.09079700
89.06666155	0.00000000	4.32455700	-3.29724400
89.26666154	0.00000000	2.41756900	0.13533460
89.46666153	0.00000000	1.20570900	4.69365100
89.66666152	0.00000000	0.04306102	8.96284400
89.86666151	0.00000000	-0.69512790	12.03248000
90.06666149	0.00000000	-0.33218500	13.18898000
90.26666148	0.00000000	0.41830710	12.03248000
90.46666147	0.00000000	1.62401600	8.96284400
90.66666146	0.00000000	3.11884800	4.69365100
90.86666145	0.00000000	4.27534400	0.13533460
91.06666143	0.00000000	4.65059000	-3.29724400
91.26666142	0.00000000	4.32455700	-4.09079700
91.46666141	0.00000000	3.58021600	-2.55905500
91.66666140	0.00000000	3.20497000	0.92888770
91.86666139	0.00000000	3.16190900	5.85014700
92.06666137	0.00000000	3.16190900	10.03322000
92.26666136	0.00000000	3.16190900	12.03248000
92.46666135	0.00000000	3.11884800	12.03248000
92.66666134	0.00000000	2.74360200	10.07628000
92.86666133	0.00000000	1.99926200	6.26845500
93.06666132	0.00000000	1.58095500	2.04232300
93.26666130	0.00000000	1.16264800	-1.44562000
93.46666129	0.00000000	0.41830710	-3.71555100
93.66666128	0.00000000	0.09227362	-3.67249000
93.86666127	0.00000000	0.46751960	-1.02116100
94.06666126	0.00000000	1.62401600	3.15575800
94.26666124	0.00000000	3.16190900	7.38188900
94.46666123	0.00000000	4.74286400	10.49459000
94.66666122	0.00000000	6.28075700	12.03248000
94.86666121	0.00000000	7.39419200	11.61417000
95.06666120	0.00000000	7.39419200	8.91978400
95.26666118	0.00000000	6.18848400	4.73671200
95.46666117	0.00000000	3.85703700	0.55364170
95.66666116	0.00000000	0.41830710	-2.18380900
95.86666115	0.00000000	-2.60826800	-2.97736200
96.06666114	0.00000000	-4.23228400	-2.18380900
96.26666113	0.00000000	-4.65059000	0.51058070
96.46666111	0.00000000	-4.18922200	4.26919300
96.66666110	0.00000000	-2.18996000	7.38188900
96.86666109	0.00000000	1.62401600	9.33809000
97.06666108	0.00000000	5.81323800	10.07628000
97.26666107	0.00000000	8.93208600	8.96284400
97.46666105	0.00000000	10.51304000	6.68676100
97.66666104	0.00000000	10.46998000	4.36146600
97.86666103	0.00000000	8.55684000	2.04232300
98.06666102	0.00000000	5.11811000	0.55364170
98.26666101	0.00000000	1.62401600	0.51058070
98.46666099	0.00000000	-1.53789400	1.62401600
98.66666098	0.00000000	-4.23228400	3.11269700
98.86666097	0.00000000	-5.77017700	4.31840500
99.06666096	0.00000000	-5.72711600	5.11195900
99.26666095	0.00000000	-3.77091500	5.89320800
99.46666094	0.00000000	0.04306102	6.21924200
99.66666092	0.00000000	4.23228400	5.89320800
99.86666091	0.00000000	7.39419200	5.19808000
100.06666090	0.00000000	9.35039300	5.19808000
100.26666089	0.00000000	10.13779000	5.89320800
100.46666088	0.00000000	9.35039300	6.26845500
100.66666086	0.00000000	7.43725300	6.31151500
100.86666085	0.00000000	4.69980300	6.26845500
101.06666084	0.00000000	1.62401600	5.85014700
101.26666083	0.00000000	-1.07037400	4.64443900
101.46666082	0.00000000	-2.65132900	2.78051200
101.66666080	0.00000000	-3.06963600	0.87967510
101.86666079	0.00000000	-2.69439000	0.13533460
102.06666078	0.00000000	-1.48868100	0.51058070
102.26666077	0.00000000	0.41830710	2.04232300
102.46666076	0.00000000	2.78666300	4.36146600
102.66666075	0.00000000	5.07504900	6.68676100
102.86666073	0.00000000	7.01894700	9.00590400
103.06666072	0.00000000	7.76943800	10.49459000
103.26666071	0.00000000	7.43725300	10.49459000
103.46666070	0.00000000	6.28075700	8.96284400
103.66666069	0.00000000	4.69980300	6.26845500
103.86666067	0.00000000	2.74360200	3.19881900
104.06666066	0.00000000	0.46751960	0.51058070
104.26666065	0.00000000	-1.02731300	-1.02116100
104.46666064	0.00000000	-1.11343500	-1.06422200
104.66666063	0.00000000	-0.37524600	0.09227362
104.86666061	0.00000000	0.41830710	2.04232300
105.06666060	0.00000000	1.62401600	4.73671200
105.26666059	0.00000000	3.11884800	7.38188900
105.46666058	0.00000000	4.27534400	8.96284400
105.66666057	0.00000000	4.69980300	9.33809000
105.86666056	0.00000000	4.69980300	8.58759800
106.06666054	0.00000000	4.27534400	6.64370100
106.26666053	0.00000000	3.16190900	4.40452700
106.46666052	0.00000000	2.04847400	2.41141700
106.66666051	0.00000000	1.62401600	1.29183100
106.86666050	0.00000000	1.58095500	0.87967510
107.06666048	0.00000000	1.62401600	1.66707700
107.26666047	0.00000000	1.99926200	3.15575800
107.46666046	0.00000000	2.78666300	4.73671200
107.66666045	0.00000000	3.49409400	6.22539300
107.86666044	0.00000000	3.90625000	7.00664300
108.06666042	0.00000000	3.49409400	6.64370100
108.26666041	0.00000000	2.78666300	5.89320800
108.46666040	0.00000000	1.95620100	4.68750000
108.66666039	0.00000000	1.20570900	3.19881900
108.86666038	0.00000000	0.46751960	2.08538400
109.06666037	0.00000000	0.46751960	2.04232300
109.26666035	0.00000000	1.24877000	2.82357300
109.46666034	0.00000000	2.37450800	3.94931100
109.66666033	0.00000000	3.90625000	5.51796200
109.86666032	0.00000000	4.65059000	6.64370100
110.06666031	0.00000000	4.74286400	7.47416300
110.26666029	0.00000000	4.69980300	7.80019600
110.46666028	0.00000000	4.32455700	7.42495000
110.66666027	0.00000000	3.53715500	6.26845500
110.86666026	0.00000000	2.74360200	4.73671200
111.06666025	0.00000000	1.58095500	3.19881900
111.26666023	0.00000000	0.46751960	2.04232300
111.46666022	0.00000000	0.09227362	1.66707700
111.66666021	0.00000000	0.41830710	1.99311000
111.86666020	0.00000000	1.20570900	2.78051200
112.06666019	0.00000000	1.99926200	3.53100400
112.26666018	0.00000000	3.16190900	4.36146600
112.46666016	0.00000000	4.27534400	5.11195900
112.66666015	0.00000000	4.65059000	5.89320800
112.86666014	0.00000000	4.32455700	6.26845500
113.06666013	0.00000000	3.58021600	6.26845500
113.26666012	0.00000000	3.16190900	5.89320800
113.46666010	0.00000000	2.74360200	5.15501900
113.66666009	0.00000000	1.99926200	4.77977300
113.86666008	0.00000000	1.62401600	4.69365100
114.06666007	0.00000000	1.58095500	4.31840500
114.26666006	0.00000000	1.62401600	3.57406500
114.46666004	0.00000000	1.99926200	3.19881900
114.66666003	0.00000000	2.74360200	3.15575800
114.86666002	0.00000000	3.11884800	3.15575800
115.06666001	0.00000000	3.16190900	3.15575800
115.26666000	0.00000000	3.16190900	3.15575800
115.46665999	0.00000000	3.16190900	3.19881900
115.66665997	0.00000000	3.16190900	3.57406500
115.86665996	0.00000000	3.16190900	4.36146600
116.06665995	0.00000000	3.11884800	5.11195900
116.26665994	0.00000000	2.74360200	5.89320800
116.46665993	0.00000000	1.99926200	6.26845500
116.66665991	0.00000000	1.62401600	6.31151500
116.86665990	0.00000000	1.62401600	6.31151500
117.06665989	0.00000000	1.95620100	6.21924200
117.26665988	0.00000000	2.41141700	5.47490100
117.46665987	0.00000000	2.79281500	3.99237200
117.66665985	0.00000000	3.94931100	3.24803100
117.86665984	0.00000000	4.65059000	3.15575800
118.06665983	0.00000000	4.74286400	3.15575800
118.26665982	0.00000000	4.69980300	3.15575800
118.46665981	0.00000000	4.27534400	3.19881900
118.66665980	0.00000000	3.16190900	3.57406500
118.86665978	0.00000000	1.99926200	4.36146600
119.06665977	0.00000000	1.20570900	5.11195900
119.26665976	0.00000000	0.41830710	5.89320800
119.46665975	0.00000000	0.04306102	6.26845500
119.66665974	0.00000000	0.04306102	6.31151500
119.86665972	0.00000000	0.46751960	6.26845500
120.06665971	0.00000000	1.62401600	5.89320800
120.26665970	0.00000000	3.16190900	5.15501900
120.46665969	0.00000000	4.69980300	4.73671200
120.66665968	0.00000000	5.85629900	4.31840500
120.86665966	0.00000000	6.18848400	3.57406500
121.06665965	0.00000000	5.48720400	3.19881900
121.26665964	0.00000000	3.95546200	3.15575800
121.46665963	0.00000000	2.82972400	3.15575800
121.66665962	0.00000000	1.95620100	3.19881900
121.86665961	0.00000000	1.20570900	3.57406500
122.06665959	0.00000000	0.41830710	4.31840500
122.26665958	0.00000000	0.09227362	4.73671200
122.46665957	0.00000000	0.46751960	5.15501900
122.66665956	0.00000000	1.58095500	5.89320800
122.86665955	0.00000000	2.74360200	6.26845500
123.06665953	0.00000000	3.53715500	6.26845500
123.26665952	0.00000000	4.32455700	5.89320800
123.46665951	0.00000000	4.69980300	5.15501900
123.66665950	0.00000000	4.74286400	4.73671200
123.86665949	0.00000000	4.69980300	4.31840500
124.06665947	0.00000000	4.32455700	3.57406500
124.26665946	0.00000000	3.53715500	3.19881900
124.46665945	0.00000000	2.78666300	3.15575800
124.66665944	0.00000000	1.99926200	3.15575800
124.86665943	0.00000000	1.62401600	3.19881900
125.06665942	0.00000000	1.58095500	3.57406500
125.26665940	0.00000000	1.58095500	4.31840500
125.46665939	0.00000000	1.58095500	4.73671200
125.66665938	0.00000000	1.62401600	5.15501900
125.86665937	0.00000000	2.04847400	5.89320800
126.06665936	0.00000000	3.16190900	6.26845500
126.26665934	0.00000000	4.27534400	6.26845500
126.46665933	0.00000000	4.69980300	5.89320800
126.66665932	0.00000000	4.69980300	5.15501900
126.86665931	0.00000000	4.32455700	4.77977300
127.06665930	0.00000000	3.53715500	4.69365100
127.26665928	0.00000000	2.78666300	4.31840500
127.46665927	0.00000000	1.95620100	3.57406500
127.66665926	0.00000000	1.20570900	3.24803100
127.86665925	0.00000000	0.46751960	3.57406500
128.06665924	0.00000000	0.46751960	4.31840500
128.26665923	0.00000000	1.20570900	4.69365100
128.46665921	0.00000000	1.99926200	4.73671200
128.66665920	0.00000000	3.16190900	4.73671200
128.86665919	0.00000000	4.27534400	4.73671200
129.06665918	0.00000000	4.69980300	4.73671200
129.26665917	0.00000000	4.69980300	4.73671200
129.46665915	0.00000000	4.32455700	4.73671200
129.66665914	0.00000000	3.53715500	4.69365100
129.86665913	0.00000000	2.74360200	4.36146600
130.06665912	0.00000000	1.58095500	3.99237200
130.26665911	0.00000000	0.51058070	4.36146600
130.46665909	0.00000000	0.46751960	4.69365100
130.66665908	0.00000000	1.20570900	4.73671200
130.86665907	0.00000000	1.99926200	4.73671200
131.06665906	0.00000000	3.16190900	4.73671200
131.26665905	0.00000000	4.27534400	4.73671200
131.46665904	0.00000000	4.65059000	4.69365100
131.66665902	0.00000000	4.32455700	4.31840500
131.86665901	0.00000000	3.58021600	3.57406500
132.06665900	0.00000000	3.16190900	3.19881900
132.26665899	0.00000000	2.74360200	3.15575800
132.46665898	0.00000000	1.99926200	3.15575800
132.66665896	0.00000000	1.62401600	3.19881900
132.86665895	0.00000000	1.58095500	3.57406500
133.06665894	0.00000000	1.62401600	4.36146600
133.26665893	0.00000000	1.99926200	5.11195900
133.46665892	0.00000000	2.74360200	5.89320800
133.66665890	0.00000000	3.11884800	6.26845500
133.86665889	0.00000000	3.16190900	6.26845500
134.06665888	0.00000000	3.16190900	5.89320800
134.26665887	0.00000000	3.11884800	5.11195900
134.46665886	0.00000000	2.78666300	4.36146600
134.66665885	0.00000000	2.41756900	3.57406500
134.86665883	0.00000000	2.78666300	3.19881900
135.06665882	0.00000000	3.11884800	3.15575800
135.26665881	0.00000000	3.16190900	3.15575800
135.46665880	0.00000000	3.16190900	3.19881900
135.66665879	0.00000000	3.16190900	3.57406500
135.86665877	0.00000000	3.16190900	4.36146600
136.06665876	0.00000000	3.11884800	5.11195900
136.26665875	0.00000000	2.74360200	5.89320800
136.46665874	0.00000000	1.99926200	6.26845500
136.66665873	0.00000000	1.62401600	6.26845500
136.86665871	0.00000000	1.58095500	5.89320800
137.06665870	0.00000000	1.62401600	5.15501900
137.26665869	0.00000000	1.99926200	4.77977300
137.46665868	0.00000000	2.78666300	4.69365100
137.66665867	0.00000000	3.53715500	4.31840500
137.86665866	0.00000000	4.32455700	3.57406500
138.06665864	0.00000000	4.65059000	3.19881900
138.26665863	0.00000000	4.27534400	3.15575800
138.46665862	0.00000000	3.16190900	3.19881900
138.66665861	0.00000000	2.04847400	3.57406500
138.86665860	0.00000000	1.62401600	4.31840500
139.06665858	0.00000000	1.58095500	4.73671200
139.26665857	0.00000000	1.58095500	5.15501900
139.46665856	0.00000000	1.62401600	5.89320800
139.66665855	0.00000000	1.99926200	6.26845500
139.86665854	0.00000000	2.78666300	6.31151500
140.06665852	0.00000000	3.53715500	6.26845500
140.26665851	0.00000000	4.27534400	5.85014700
140.46665850	0.00000000	4.32455700	4.73671200
140.66665849	0.00000000	3.95546200	3.62327700
140.86665848	0.00000000	3.90625000	3.15575800
141.06665847	0.00000000	3.11884800	2.78051200
141.26665845	0.00000000	2.04847400	2.41141700
141.46665844	0.00000000	1.62401600	2.82357300
141.66665843	0.00000000	1.62401600	3.53100400
141.86665842	0.00000000	1.99926200	4.36146600
142.06665841	0.00000000	2.74360200	5.11195900
142.26665839	0.00000000	3.11884800	5.89320800
142.46665838	0.00000000	3.16190900	6.26845500
142.66665837	0.00000000	3.16190900	6.26845500
142.86665836	0.00000000	3.16190900	5.89320800
143.06665835	0.00000000	3.16190900	5.11195900
143.26665834	0.00000000	3.16190900	4.36146600
143.46665832	0.00000000	3.11884800	3.57406500
143.66665831	0.00000000	2.74360200	3.19881900
143.86665830	0.00000000	2.04847400	3.15575800
144.06665829	0.00000000	2.04847400	3.19881900
144.26665828	0.00000000	2.74360200	3.57406500
144.46665826	0.00000000	3.11884800	4.36146600
144.66665825	0.00000000	3.16190900	5.11195900
144.86665824	0.00000000	3.16190900	5.89320800
145.06665823	0.00000000	3.16190900	6.26845500
145.26665822	0.00000000	3.16190900	6.26845500
145.46665820	0.00000000	3.16190900	5.89320800
145.66665819	0.00000000	3.11884800	5.11195900
145.86665818	0.00000000	2.74360200	4.36146600
146.06665817	0.00000000	2.04847400	3.57406500
146.26665816	0.00000000	2.04847400	3.19881900
146.46665815	0.00000000	2.74360200	3.15575800
146.66665813	0.00000000	3.11884800	3.19881900
146.86665812	0.00000000	3.20497000	3.57406500
147.06665811	0.00000000	3.58021600	4.31840500
147.26665810	0.00000000	4.27534400	4.69365100
147.46665809	0.00000000	4.27534400	4.73671200
147.66665807	0.00000000	3.58021600	4.73671200
147.86665806	0.00000000	3.16190900	4.73671200
148.06665805	0.00000000	2.74360200	4.73671200
148.26665804	0.00000000	1.99926200	4.73671200
148.46665803	0.00000000	1.62401600	4.73671200
148.66665801	0.00000000	1.62401600	4.73671200
148.86665800	0.00000000	1.99926200	4.73671200
149.06665799	0.00000000	2.78666300	4.69365100
149.26665798	0.00000000	3.49409400	4.31840500
149.46665797	0.00000000	3.94931100	3.57406500
149.66665796	0.00000000	3.91240100	3.24803100
149.86665794	0.00000000	3.94931100	3.57406500
150.06665793	0.00000000	3.53715500	4.31840500
150.26665792	0.00000000	3.20497000	4.69365100
150.46665791	0.00000000	3.16190900	4.77977300
150.66665790	0.00000000	3.11884800	5.11195900
150.86665788	0.00000000	2.74360200	5.47490100
151.06665787	0.00000000	1.99926200	5.11195900
151.26665786	0.00000000	1.62401600	4.77977300
151.46665785	0.00000000	1.62401600	4.73671200
151.66665784	0.00000000	1.99926200	4.73671200
151.86665782	0.00000000	2.74360200	4.69365100
152.06665781	0.00000000	3.11884800	4.36146600
152.26665780	0.00000000	3.16190900	3.94931100
152.46665779	0.00000000	3.16190900	3.98622000
152.66665778	0.00000000	3.16190900	3.94931100
152.86665777	0.00000000	3.16190900	4.36146600
153.06665775	0.00000000	3.16190900	4.69365100
153.26665774	0.00000000	3.16190900	4.73671200
153.46665773	0.00000000	3.16190900	4.73671200
153.66665772	0.00000000	3.11884800	4.73671200
153.86665771	0.00000000	2.74360200	4.73671200
154.06665769	0.00000000	1.99926200	4.73671200
154.26665768	0.00000000	1.62401600	4.73671200
154.46665767	0.00000000	1.58095500	4.73671200
154.66665766	0.00000000	1.62401600	4.73671200
154.86665765	0.00000000	1.99926200	4.73671200
155.06665763	0.00000000	2.74360200	4.73671200
155.26665762	0.00000000	3.16190900	4.73671200
155.46665761	0.00000000	3.53715500	4.73671200
155.66665760	0.00000000	3.90625000	4.73671200
155.86665759	0.00000000	3.53715500	4.73671200
156.06665758	0.00000000	3.20497000	4.73671200
156.26665756	0.00000000	3.16190900	4.73671200
156.46665755	0.00000000	3.16190900	4.73671200
156.66665754	0.00000000	3.11884800	4.73671200
156.86665753	0.00000000	2.74360200	4.77977300
157.06665752	0.00000000	1.99926200	5.15501900
157.26665750	0.00000000	1.62401600	5.89320800
157.46665749	0.00000000	1.62401600	6.21924200
157.66665748	0.00000000	1.99926200	5.89320800
157.86665747	0.00000000	2.74360200	5.15501900
158.06665746	0.00000000	3.11884800	4.73671200
158.26665744	0.00000000	3.16190900	4.31840500
158.46665743	0.00000000	3.16190900	3.62327700
158.66665742	0.00000000	3.16190900	3.57406500
158.86665741	0.00000000	3.16190900	3.94315900
159.06665740	0.00000000	3.16190900	3.94931100
159.26665739	0.00000000	3.16190900	4.36146600
159.46665737	0.00000000	3.16190900	4.73671200
159.66665736	0.00000000	3.11884800	5.11195900
159.86665735	0.00000000	2.74360200	5.51796200
160.06665734	0.00000000	1.99926200	5.48105300
160.26665733	0.00000000	1.62401600	5.51796200
160.46665731	0.00000000	1.62401600	5.11195900
160.66665730	0.00000000	1.99926200	4.77977300
160.86665729	0.00000000	2.74360200	4.73671200
161.06665728	0.00000000	3.11884800	4.73671200
161.26665727	0.00000000	3.16190900	4.73671200
161.46665725	0.00000000	3.16190900	4.73671200
161.66665724	0.00000000	3.16190900	4.73671200
161.86665723	0.00000000	3.16190900	4.73671200
162.06665722	0.00000000	3.16190900	4.73671200
162.26665721	0.00000000	3.16190900	4.73671200
162.46665720	0.00000000	3.16190900	4.73671200
162.66665718	0.00000000	3.16190900	4.73671200
162.86665717	0.00000000	3.16190900	4.73671200
163.06665716	0.00000000	3.11884800	4.73671200
163.26665715	0.00000000	2.74360200	4.73671200
163.46665714	0.00000000	1.99926200	4.73671200
163.66665712	0.00000000	1.62401600	4.73671200
163.86665711	0.00000000	1.58095500	4.73671200
164.06665710	0.00000000	1.62401600	4.73671200
164.26665709	0.00000000	1.99926200	4.73671200
164.46665708	0.00000000	2.74360200	4.73671200
164.66665706	0.00000000	3.11884800	4.73671200
164.86665705	0.00000000	3.16190900	4.73671200
165.06665704	0.00000000	3.16190900	4.73671200
165.26665703	0.00000000	3.16190900	4.73671200
165.46665702	0.00000000	3.16190900	4.73671200
165.66665701	0.00000000	3.16190900	4.73671200
165.86665699	0.00000000	3.16190900	4.73671200
166.06665698	0.00000000	3.16190900	4.73671200
166.26665697	0.00000000	3.11884800	4.73671200
166.46665696	0.00000000	2.74360200	4.73671200
166.66665695	0.00000000	2.04847400	4.73671200
166.86665693	0.00000000	2.04847400	4.73671200
167.06665692	0.00000000	2.74360200	4.73671200
167.26665691	0.00000000	3.11884800	4.73671200
167.46665690	0.00000000	3.16190900	4.73671200
167.66665689	0.00000000	3.16190900	4.73671200
167.86665687	0.00000000	3.16190900	4.73671200
168.06665686	0.00000000	3.16190900	4.73671200
168.26665685	0.00000000	3.16190900	4.73671200
168.46665684	0.00000000	3.16190900	4.73671200
168.66665683	0.00000000	3.16190900	4.73671200
168.86665682	0.00000000	3.16190900	4.73671200
169.06665680	0.00000000	3.16190900	4.73671200
169.26665679	0.00000000	3.16190900	4.73671200
169.46665678	0.00000000	3.16190900	4.73671200
169.66665677	0.00000000	3.16190900	4.73671200
169.86665676	0.00000000	3.16190900	4.73671200
170.06665674	0.00000000	3.16190900	4.73671200
170.26665673	0.00000000	3.16190900	4.73671200
170.46665672	0.00000000	3.16190900	4.73671200
170.66665671	0.00000000	3.16190900	4.73671200
170.86665670	0.00000000	3.16190900	4.73671200
171.06665668	0.00000000	3.16190900	4.73671200
171.26665667	0.00000000	3.16190900	4.73671200
171.46665666	0.00000000	3.16190900	4.73671200
171.66665665	0.00000000	3.16190900	4.73671200
171.86665664	0.00000000	3.16190900	4.73671200
172.06665663	0.00000000	3.16190900	4.73671200
172.26665661	0.00000000	3.16190900	4.73671200
172.46665660	0.00000000	3.16190900	4.73671200
172.66665659	0.00000000	3.16190900	4.73671200
172.86665658	0.00000000	3.16190900	4.73671200
173.06665657	0.00000000	3.11884800	4.73671200
173.26665655	0.00000000	2.78666300	4.73671200
173.46665654	0.00000000	2.41756900	4.73671200
173.66665653	0.00000000	2.78666300	4.73671200
173.86665652	0.00000000	3.11884800	4.73671200
174.06665651	0.00000000	3.16190900	4.73671200
174.26665649	0.00000000	3.16190900	4.73671200
174.46665648	0.00000000	3.16190900	4.73671200
174.66665647	0.00000000	3.16190900	4.73671200
174.86665646	0.00000000	3.16190900	4.73671200
175.06665645	0.00000000	3.16190900	4.73671200
175.26665644	0.00000000	3.16190900	4.73671200
175.46665642	0.00000000	3.16190900	4.73671200
175.66665641	0.00000000	3.16190900	4.73671200
175.86665640	0.00000000	3.16190900	4.73671200
176.06665639	0.00000000	3.16190900	4.73671200
176.26665638	0.00000000	3.16190900	4.73671200
176.46665636	0.00000000	3.16190900	4.73671200
176.66665635	0.00000000	3.16190900	4.73671200
176.86665634	0.00000000	3.16190900	4.73671200
177.06665633	0.00000000	3.16190900	4.73671200
177.26665632	0.00000000	3.16190900	4.73671200
177.46665630	0.00000000	3.16190900	4.73671200
177.66665629	0.00000000	3.16190900	4.73671200
177.86665628	0.00000000	3.16190900	4.73671200
178.06665627	0.00000000	3.16190900	4.73671200
178.26665626	0.00000000	3.16190900	4.73671200
178.46665625	0.00000000	3.16190900	4.73671200
178.66665623	0.00000000	3.16190900	4.73671200
178.86665622	0.00000000	3.16190900	4.73671200
179.06665621	0.00000000	3.16190900	4.73671200
179.26665620	0.00000000	3.16190900	4.73671200
179.46665619	0.00000000	3.16190900	4.73671200
179.66665617	0.00000000	3.16190900	4.73671200
179.86665616	0.00000000	3.16190900	4.73671200
180.06665615	0.00000000	3.16190900	4.73671200
180.26665614	0.00000000	3.16190900	4.69365100
180.46665613	0.00000000	3.16190900	4.36146600
180.66665611	0.00000000	3.16190900	3.99237200
180.86665610	0.00000000	3.16190900	4.36146600
181.06665609	0.00000000	3.20497000	4.69365100
181.26665608	0.00000000	3.53715500	4.73671200
181.46665607	0.00000000	3.85703700	4.73671200
181.66665606	0.00000000	3.16190900	4.73671200
181.86665604	0.00000000	2.46678100	4.73671200
182.06665603	0.00000000	2.78666300	4.73671200
182.26665602	0.00000000	3.11884800	4.73671200
182.46665601	0.00000000	3.16190900	4.73671200
182.66665600	0.00000000	3.16190900	4.73671200
182.86665598	0.00000000	3.16190900	4.73671200
183.06665597	0.00000000	3.16190900	4.73671200
183.26665596	0.00000000	3.16190900	4.73671200
183.46665595	0.00000000	3.16190900	4.73671200
183.66665594	0.00000000	3.16190900	4.73671200
183.86665592	0.00000000	3.16190900	4.73671200
184.06665591	0.00000000	3.16190900	4.73671200
184.26665590	0.00000000	3.16190900	4.73671200
184.46665589	0.00000000	3.16190900	4.77977300
184.66665588	0.00000000	3.16190900	5.15501900
184.86665587	0.00000000	3.16190900	5.89320800
185.06665585	0.00000000	3.16190900	6.21924200
185.26665584	0.00000000	3.16190900	5.89320800
185.46665583	0.00000000	3.16190900	5.15501900
185.66665582	0.00000000	3.16190900	4.77977300
185.86665581	0.00000000	3.16190900	4.69365100
186.06665579	0.00000000	3.16190900	4.31840500
186.26665578	0.00000000	3.16190900	3.57406500
186.46665577	0.00000000	3.16190900	3.24803100
186.66665576	0.00000000	3.16190900	3.57406500
186.86665575	0.00000000	3.16190900	4.31840500
187.06665573	0.00000000	3.16190900	4.69365100
187.26665572	0.00000000	3.16190900	4.77977300
187.46665571	0.00000000	3.16190900	5.11195900
187.66665570	0.00000000	3.16190900	5.51796200
187.86665569	0.00000000	3.16190900	5.48105300
188.06665568	0.00000000	3.16190900	5.51796200
188.26665566	0.00000000	3.16190900	5.11195900
188.46665565	0.00000000	3.16190900	4.77977300
188.66665564	0.00000000	3.16190900	4.73671200
188.86665563	0.00000000	3.16190900	4.69365100
189.06665562	0.00000000	3.16190900	4.31840500
189.26665560	0.00000000	3.16190900	3.57406500
189.46665559	0.00000000	3.16190900	3.24803100
189.66665558	0.00000000	3.16190900	3.57406500
189.86665557	0.00000000	3.16190900	4.31840500
190.06665556	0.00000000	3.16190900	4.69365100
190.26665554	0.00000000	3.16190900	4.73671200
190.46665553	0.00000000	3.16190900	4.73671200
190.66665552	0.00000000	3.16190900	4.73671200
190.86665551	0.00000000	3.16190900	4.73671200
191.06665550	0.00000000	3.16190900	4.73671200
191.26665549	0.00000000	3.16190900	4.73671200
191.46665547	0.00000000	3.16190900	4.73671200
191.66665546	0.00000000	3.16190900	4.73671200
191.86665545	0.00000000	3.20497000	4.73671200
192.06665544	0.00000000	3.53715500	4.73671200
192.26665543	0.00000000	3.90625000	4.69365100
192.46665541	0.00000000	3.53715500	4.36146600
192.66665540	0.00000000	3.20497000	3.99237200
192.86665539	0.00000000	3.16190900	4.31840500
193.06665538	0.00000000	3.16190900	4.31840500
193.26665537	0.00000000	3.16190900	3.99237200
193.46665535	0.00000000	3.16190900	4.36146600
193.66665534	0.00000000	3.16190900	4.69365100
193.86665533	0.00000000	3.16190900	4.73671200
194.06665532	0.00000000	3.16190900	4.73671200
194.26665531	0.00000000	3.16190900	4.73671200
194.46665530	0.00000000	3.16190900	4.73671200
194.66665528	0.00000000	3.16190900	4.73671200
194.86665527	0.00000000	3.16190900	4.73671200
195.06665526	0.00000000	3.16190900	4.73671200
195.26665525	0.00000000	3.16190900	4.73671200
195.46665524	0.00000000	3.16190900	4.73671200
195.66665522	0.00000000	3.16190900	4.73671200
195.86665521	0.00000000	3.16190900	4.73671200
196.06665520	0.00000000	3.16190900	4.73671200
