Time	Channel A	Channel B	Channel C
(us)	(V)	(mV)	(mV)

-4.49999956	0.00000000	-49.01575000	-11.04823000
-4.29999957	0.00000000	-49.01575000	-11.04823000
-4.09999958	0.00000000	-49.01575000	-11.04823000
-3.89999959	0.00000000	-49.01575000	-11.04823000
-3.69999960	0.00000000	-49.01575000	-11.04823000
-3.49999962	0.00000000	-49.01575000	-11.04823000
-3.29999963	0.00000000	-49.01575000	-11.04823000
-3.09999964	0.00000000	-49.01575000	-11.04823000
-2.89999965	0.00000000	-49.01575000	-11.00517000
-2.69999966	0.00000000	-49.01575000	-10.67298000
-2.49999968	0.00000000	-49.01575000	-10.31004000
-2.29999969	0.00000000	-49.05881000	-10.67298000
-2.09999970	0.00000000	-49.39099000	-11.00517000
-1.89999971	0.00000000	-49.76009000	-11.04823000
-1.69999972	0.00000000	-49.39099000	-11.04823000
-1.49999973	0.00000000	-49.05881000	-11.04823000
-1.29999975	0.00000000	-49.01575000	-11.04823000
-1.09999976	0.00000000	-49.01575000	-11.00517000
-0.89999977	0.00000000	-49.05881000	-10.67298000
-0.69999978	0.00000000	-49.39099000	-10.26698000
-0.49999979	0.00000000	-49.76009000	-10.25467000
-0.29999981	0.31803640	-49.39099000	-9.89173200
-0.09999982	0.63668800	-49.05881000	-9.93479300
0.10000017	0.95533960	-49.01575000	-10.62992000
0.30000016	0.95533960	-49.01575000	-11.00517000
0.50000015	0.95533960	-49.01575000	-11.04823000
0.70000013	0.47736220	-49.01575000	-11.04823000
0.90000012	-0.31803640	-49.01575000	-11.04823000
1.10000011	-1.27399100	-49.01575000	-11.04823000
1.30000010	-2.22994600	-49.01575000	-11.00517000
1.50000009	-2.70792300	-49.01575000	-10.62992000
1.70000008	-2.54859700	-49.01575000	-9.89173200
1.90000006	-1.43331700	-49.01575000	-9.51648500
2.10000005	0.31803640	-49.01575000	-9.47342500
2.30000004	2.38927200	-49.01575000	-9.47342500
2.50000003	4.30056600	-49.01575000	-9.51648500
2.70000002	5.25652100	-49.01575000	-9.89173200
2.90000000	5.09719500	-49.01575000	-10.62992000
3.09999999	3.34522600	-49.01575000	-11.00517000
3.29999998	0.31803640	-49.01575000	-11.04823000
3.49999997	-3.02657500	-49.01575000	-11.04823000
3.69999996	-6.05315000	-49.01575000	-11.00517000
3.89999994	-7.80511800	-49.01575000	-10.62992000
4.09999993	-7.64579200	-49.01575000	-9.89173200
4.29999992	-5.41584600	-49.01575000	-9.51648500
4.49999991	-1.59264300	-49.01575000	-9.47342500
4.69999990	2.70792300	-49.01575000	-9.47342500
4.89999989	6.69045300	-49.01575000	-9.51648500
5.09999987	9.07972400	-49.01575000	-9.89173200
5.29999986	9.23905000	-49.01575000	-10.62992000
5.49999985	7.00848900	-49.05881000	-11.00517000
5.69999984	3.02657500	-49.39099000	-11.04823000
5.89999983	-1.59264300	-49.76009000	-11.00517000
6.09999981	-6.05315000	-49.39099000	-10.67298000
6.29999980	-8.92039900	-49.05881000	-10.26698000
6.49999979	-9.39837600	-49.01575000	-10.25467000
6.69999978	-7.48646600	-49.01575000	-9.84867000
6.89999977	-3.98191400	-49.01575000	-9.51648500
7.09999975	0.31803640	-49.01575000	-9.47342500
7.29999974	4.30056600	-49.01575000	-9.51648500
7.49999973	7.00848900	-49.01575000	-9.89173200
7.69999972	7.80511800	-49.01575000	-10.62992000
7.89999971	6.53112700	-49.01575000	-11.00517000
8.09999970	3.98191400	-49.01575000	-11.04823000
8.29999968	0.63668800	-49.01575000	-11.04823000
8.49999967	-2.38927200	-49.01575000	-11.04823000
8.69999966	-4.45989200	-49.01575000	-11.04823000
8.89999965	-5.09719500	-49.01575000	-11.04823000
9.09999964	-4.61921700	-49.01575000	-11.00517000
9.29999962	-2.86724900	-49.01575000	-10.62992000
9.49999961	-0.95533960	-49.01575000	-9.93479300
9.69999960	0.79601380	-49.01575000	-9.93479300
9.89999959	2.07062000	-49.01575000	-10.62992000
10.09999958	2.54859700	-49.01575000	-11.00517000
10.29999956	2.22994600	-49.01575000	-11.04823000
10.49999955	1.59264300	-49.01575000	-11.04823000
10.69999954	0.63668800	-49.01575000	-11.00517000
10.89999953	-0.15871060	-49.01575000	-10.67298000
11.09999952	-0.63668800	-49.01575000	-10.26698000
11.29999951	-0.95533960	-49.01575000	-10.25467000
11.49999949	-0.95533960	-49.01575000	-9.89173200
11.69999948	-0.79601380	-49.01575000	-9.93479300
11.89999947	-0.47736220	-49.01575000	-10.62992000
12.09999946	-0.15871060	-49.01575000	-11.00517000
12.29999945	-0.15871060	-49.01575000	-11.04823000
12.49999943	0.00000000	-49.01575000	-11.04823000
12.69999942	0.00000000	-49.01575000	-11.04823000
12.89999941	0.00000000	-49.01575000	-11.04823000
13.09999940	0.00000000	-49.01575000	-11.04823000
13.29999939	0.15871060	-49.01575000	-11.04823000
13.49999937	0.00000000	-49.01575000	-11.04823000
13.69999936	0.00000000	-49.01575000	-11.04823000
13.89999935	0.00000000	-49.01575000	-11.04823000
14.09999934	0.00000000	-49.01575000	-11.04823000
14.29999933	-0.15871060	-48.97269000	-11.00517000
14.49999932	-0.15871060	-48.64050000	-10.67298000
14.69999930	0.00000000	-48.27140000	-10.26698000
14.89999929	0.00000000	-48.64050000	-10.30389000
15.09999928	0.00000000	-48.97269000	-10.26698000
15.29999927	0.00000000	-49.01575000	-10.62992000
15.49999926	0.00000000	-49.01575000	-10.58686000
15.69999924	0.00000000	-49.01575000	-9.89173200
15.89999923	0.00000000	-49.01575000	-9.51648500
16.09999922	0.00000000	-49.01575000	-9.51648500
16.29999921	0.00000000	-49.01575000	-9.84867000
16.49999920	-0.15871060	-49.01575000	-10.21161000
16.69999919	0.00000000	-48.97269000	-9.84867000
16.89999917	0.00000000	-48.59744000	-9.51648500
17.09999916	0.00000000	-47.81004000	-9.47342500
17.29999915	0.00000000	-47.05954000	-9.47342500
17.49999914	0.00000000	-46.32135000	-9.47342500
17.69999913	0.00000000	-46.32135000	-9.47342500
17.89999911	0.00000000	-47.01648000	-9.47342500
18.09999910	0.00000000	-47.47785000	-9.47342500
18.29999909	0.00000000	-48.32062000	-9.47342500
18.49999908	0.00000000	-50.22145000	-9.47342500
18.69999907	0.00000000	-52.08538000	-9.47342500
18.89999905	0.00000000	-53.24803000	-9.47342500
19.09999904	0.00000000	-53.24803000	-9.47342500
19.29999903	0.00000000	-52.04232000	-9.47342500
19.49999902	0.00000000	-49.71087000	-9.47342500
19.69999901	0.00000000	-46.18602000	-9.47342500
19.89999900	0.00000000	-42.35974000	-9.47342500
20.09999898	0.00000000	-38.87795000	-9.47342500
20.29999897	0.00000000	-37.01402000	-9.51648500
20.49999896	0.00000000	-37.43233000	-9.89173200
20.69999895	0.00000000	-40.59424000	-10.62992000
20.89999894	0.00000000	-46.40748000	-10.95595000
21.09999892	0.00000000	-53.75861000	-10.62992000
21.29999891	0.00000000	-61.10974000	-9.89173200
21.49999890	0.00000000	-66.83685000	-9.56569900
21.69999889	0.00000000	-69.06988000	-9.89173200
21.89999888	0.00000000	-66.32628000	-10.62992000
22.09999886	0.00000000	-58.93208000	-11.00517000
22.29999885	0.00000000	-48.04380000	-11.04823000
22.49999884	0.00000000	-35.34079000	-11.04823000
22.69999883	0.00000000	-24.17569000	-11.04823000
22.89999882	0.00000000	-17.65502000	-11.00517000
23.09999881	0.00000000	-17.37820000	-10.62992000
23.29999879	0.00000000	-24.81545000	-9.89173200
23.49999878	0.00000000	-39.09941000	-9.47342500
23.69999877	0.00000000	-56.87746000	-9.05511800
23.89999876	0.00000000	-74.28026000	-8.35998900
24.09999875	0.00000000	-87.30930000	-8.35998900
24.29999873	0.00000000	-92.23671000	-9.09817800
24.49999872	0.00000000	-86.79871000	-9.89173200
24.69999871	0.00000000	-72.13951000	-11.09744000
24.89999870	0.00000000	-51.62401000	-12.62918000
25.09999869	0.00000000	-29.57062000	-14.16092000
25.29999867	0.00000000	-10.67913000	-15.32357000
25.49999866	0.00000000	0.44291340	-15.64960000
25.69999865	0.00000000	0.39370070	-14.85605000
25.89999864	0.00000000	-11.18971000	-12.49385000
26.09999863	0.00000000	-31.65600000	-9.05511800
26.29999862	0.00000000	-56.40993000	-5.15501900
26.49999860	0.00000000	-79.91510000	-1.71013800
26.69999859	0.00000000	-96.52435000	0.55979330
26.89999858	0.00000000	-101.92540000	0.51673230
27.09999857	0.00000000	-95.40477000	-2.22071800
27.29999856	0.00000000	-78.37721000	-7.28346400
27.49999854	0.00000000	-54.87204000	-14.25320000
27.69999853	0.00000000	-30.49951000	-21.59203000
27.89999852	0.00000000	-10.81447000	-27.68824000
28.09999851	0.00000000	0.06766732	-30.70251000
28.29999850	0.00000000	-0.30142710	-28.75861000
28.49999848	0.00000000	-11.05438000	-22.57628000
28.69999847	0.00000000	-29.61368000	-13.18898000
28.89999846	0.00000000	-51.58095000	-1.62401600
29.09999845	0.00000000	-71.72121000	9.52263600
29.29999844	0.00000000	-85.68528000	17.19365000
29.49999843	0.00000000	-91.16634000	19.51279000
29.69999841	0.00000000	-87.35236000	15.56963000
29.89999840	0.00000000	-75.81200000	5.85629900
30.09999839	0.00000000	-59.52879000	-8.44611200
30.29999838	0.00000000	-41.75689000	-24.20029000
30.49999837	0.00000000	-26.31028000	-37.34621000
30.69999835	0.00000000	-16.95374000	-45.06028000
30.89999834	0.00000000	-14.91142000	-45.76156000
31.09999833	0.00000000	-19.51895000	-38.37352000
31.29999832	0.00000000	-29.57062000	-24.15723000
31.49999831	0.00000000	-42.69193000	-6.77903500
31.69999829	0.00000000	-55.90551000	9.89788300
31.89999828	0.00000000	-66.75073000	23.04995000
32.09999827	0.00000000	-73.35137000	29.92126000
32.29999826	0.00000000	-74.14493000	28.38951000
32.49999825	0.00000000	-69.58046000	18.73154000
32.69999824	0.00000000	-61.06668000	3.30339500
32.89999822	0.00000000	-50.63976000	-14.90526000
33.09999821	0.00000000	-40.54502000	-31.87131000
33.29999820	0.00000000	-32.81865000	-44.22367000
33.49999819	0.00000000	-28.91240000	-48.86811000
33.69999818	0.00000000	-29.69980000	-45.10950000
33.89999816	0.00000000	-34.63951000	-34.65182000
34.09999815	0.00000000	-42.35974000	-19.54970000
34.29999814	0.00000000	-50.46136000	-2.55290300
34.49999813	0.00000000	-57.43725000	12.46309000
34.69999812	0.00000000	-61.66953000	22.16412000
34.89999810	0.00000000	-62.08784000	24.48942000
35.09999809	0.00000000	-59.06127000	19.51279000
35.29999808	0.00000000	-53.66634000	8.32308000
35.49999807	0.00000000	-47.47785000	-6.31151500
35.69999806	0.00000000	-41.70767000	-20.99532000
35.89999805	0.00000000	-37.89985000	-32.56643000
36.09999803	0.00000000	-37.47539000	-38.37352000
36.29999802	0.00000000	-40.12672000	-37.26009000
36.49999801	0.00000000	-44.74040000	-29.95817000
36.69999800	0.00000000	-50.12918000	-18.43627000
36.89999799	0.00000000	-54.74286000	-5.75787400
37.09999797	0.00000000	-57.43725000	4.65059000
37.29999796	0.00000000	-57.43725000	10.45768000
37.49999795	0.00000000	-54.78592000	10.45768000
37.69999794	0.00000000	-50.55364000	4.69365100
37.89999793	0.00000000	-45.94611000	-5.20423200
38.09999791	0.00000000	-42.03986000	-15.93258000
38.29999790	0.00000000	-39.75763000	-23.97884000
38.49999789	0.00000000	-39.34547000	-27.45448000
38.69999788	0.00000000	-41.28937000	-25.17839000
38.89999787	0.00000000	-44.74040000	-18.35015000
39.09999786	0.00000000	-49.01575000	-9.47342500
39.29999784	0.00000000	-53.24803000	-0.68897630
39.49999783	0.00000000	-56.36687000	5.43799200
39.69999782	0.00000000	-57.94783000	6.56373000
39.89999781	0.00000000	-57.90477000	2.74360200
40.09999780	0.00000000	-55.99163000	-5.33341500
40.29999778	0.00000000	-52.50984000	-15.23130000
40.49999777	0.00000000	-48.64050000	-23.68971000
40.69999776	0.00000000	-44.69119000	-28.29724000
40.89999775	0.00000000	-41.24631000	-27.92200000
41.09999774	0.00000000	-38.92101000	-22.53322000
41.29999772	0.00000000	-38.54576000	-13.69956000
41.49999771	0.00000000	-40.08366000	-3.70939900
41.69999770	0.00000000	-43.15945000	4.69365100
41.89999769	0.00000000	-47.05954000	8.92593500
42.09999768	0.00000000	-50.92888000	7.85556000
42.29999767	0.00000000	-54.41068000	2.51599400
42.49999765	0.00000000	-56.32381000	-5.20423200
42.69999764	0.00000000	-56.40993000	-13.69956000
42.89999763	0.00000000	-55.24729000	-20.95226000
43.09999762	0.00000000	-53.29109000	-24.85236000
43.29999761	0.00000000	-50.59670000	-24.52633000
43.49999759	0.00000000	-47.90231000	-21.13066000
43.69999758	0.00000000	-45.94611000	-15.69882000
43.89999757	0.00000000	-44.74040000	-9.55954600
44.09999756	0.00000000	-44.31594000	-4.12770700
44.29999755	0.00000000	-44.31594000	-0.64591530
44.49999753	0.00000000	-44.69119000	0.51673230
44.69999752	0.00000000	-45.43553000	-0.97194880
44.89999751	0.00000000	-45.81078000	-4.40452700
45.09999750	0.00000000	-45.85384000	-8.22465500
45.29999749	0.00000000	-45.94611000	-11.74951000
45.49999748	0.00000000	-46.73966000	-14.07480000
45.69999746	0.00000000	-48.73277000	-15.27436000
45.89999745	0.00000000	-51.39025000	-15.23130000
46.09999744	0.00000000	-54.50295000	-13.74262000
46.29999743	0.00000000	-56.78519000	-11.46653000
46.49999742	0.00000000	-57.90477000	-9.51648500
46.69999740	0.00000000	-57.06200000	-7.89247000
46.89999739	0.00000000	-53.53100000	-6.40378900
47.09999738	0.00000000	-48.12992000	-5.66560000
47.29999737	0.00000000	-41.57849000	-6.40378900
47.49999736	0.00000000	-35.80217000	-7.93553100
47.69999734	0.00000000	-32.35728000	-9.89173200
47.89999733	0.00000000	-31.98819000	-12.21087000
48.09999732	0.00000000	-35.56225000	-14.11786000
48.29999731	0.00000000	-42.45817000	-15.23130000
48.49999730	0.00000000	-51.34104000	-14.85605000
48.69999729	0.00000000	-59.43651000	-12.95522000
48.89999727	0.00000000	-65.25590000	-10.62992000
49.09999726	0.00000000	-67.48892000	-7.89247000
49.29999725	0.00000000	-64.78838000	-5.24729300
49.49999724	0.00000000	-57.85556000	-3.66633800
49.69999723	0.00000000	-48.59744000	-3.29109200
49.89999721	0.00000000	-38.96407000	-4.08464600
50.09999720	0.00000000	-31.65600000	-6.44685000
50.29999719	0.00000000	-28.53716000	-9.89173200
50.49999718	0.00000000	-30.12426000	-13.79183000
50.69999717	0.00000000	-36.26968000	-17.14444000
50.89999715	0.00000000	-45.47859000	-18.71309000
51.09999714	0.00000000	-54.69365000	-17.56274000
51.29999713	0.00000000	-61.66953000	-14.90526000
51.49999712	0.00000000	-64.78838000	-11.00517000
51.69999711	0.00000000	-63.62573000	-6.77903500
51.89999710	0.00000000	-58.59990000	-3.29109200
52.09999708	0.00000000	-50.55364000	-1.01501000
52.29999707	0.00000000	-42.13213000	-1.01501000
52.49999706	0.00000000	-35.93750000	-3.24803100
52.69999705	0.00000000	-33.23696000	-6.36072800
52.89999704	0.00000000	-34.77485000	-9.89173200
53.09999702	0.00000000	-40.12672000	-13.74262000
53.29999701	0.00000000	-47.39173000	-16.72613000
53.49999700	0.00000000	-54.31840000	-17.55044000
53.69999699	0.00000000	-58.92593000	-16.02485000
53.89999698	0.00000000	-60.13164000	-13.41658000
54.09999696	0.00000000	-57.85556000	-10.26698000
54.29999695	0.00000000	-53.24803000	-7.60949800
54.49999694	0.00000000	-47.43479000	-5.66560000
54.69999693	0.00000000	-41.70767000	-5.33341500
54.89999692	0.00000000	-37.89985000	-6.77903500
55.09999691	0.00000000	-37.47539000	-9.05511800
55.29999689	0.00000000	-40.08366000	-10.96211000
55.49999688	0.00000000	-44.36515000	-12.11860000
55.69999687	0.00000000	-49.34793000	-12.11860000
55.89999686	0.00000000	-53.99237000	-11.00517000
56.09999685	0.00000000	-56.64985000	-9.47342500
56.29999683	0.00000000	-57.06200000	-7.93553100
56.49999682	0.00000000	-54.74286000	-6.82209600
56.69999681	0.00000000	-50.59670000	-6.86515700
56.89999680	0.00000000	-46.32135000	-8.44611200
57.09999679	0.00000000	-42.82726000	-11.46653000
57.29999677	0.00000000	-40.50196000	-14.90526000
57.49999676	0.00000000	-40.17593000	-17.18750000
57.69999675	0.00000000	-42.03986000	-17.92569000
57.89999674	0.00000000	-45.47859000	-16.30167000
58.09999673	0.00000000	-48.92347000	-12.11860000
58.29999672	0.00000000	-51.62401000	-6.77903500
58.49999670	0.00000000	-52.82972000	-2.12844500
58.69999669	0.00000000	-52.50984000	0.93503930
58.89999668	0.00000000	-51.71013000	1.67322800
59.09999667	0.00000000	-50.12918000	-0.64591530
59.29999666	0.00000000	-47.85310000	-5.29035400
59.49999664	0.00000000	-45.94611000	-11.46653000
59.69999663	0.00000000	-44.78346000	-17.97490000
59.89999662	0.00000000	-44.78346000	-22.53322000
60.09999661	0.00000000	-45.85384000	-23.73892000
60.29999660	0.00000000	-47.01648000	-21.41363000
60.49999658	0.00000000	-47.81004000	-16.35089000
60.69999657	0.00000000	-48.59744000	-9.05511800
60.89999656	0.00000000	-48.92347000	-1.39025600
61.09999655	0.00000000	-48.54823000	4.00467500
61.29999654	0.00000000	-47.43479000	6.36687900
61.49999653	0.00000000	-46.32135000	5.16117100
61.69999651	0.00000000	-45.94611000	0.51673230
61.89999650	0.00000000	-46.27214000	-6.77903500
62.09999649	0.00000000	-47.05954000	-14.85605000
62.29999648	0.00000000	-47.85310000	-21.41363000
62.49999647	0.00000000	-49.01575000	-25.31373000
62.69999645	0.00000000	-50.12918000	-25.63976000
62.89999644	0.00000000	-50.50443000	-22.15797000
63.09999643	0.00000000	-50.12918000	-15.27436000
63.29999642	0.00000000	-48.97269000	-7.24040300
63.49999641	0.00000000	-47.43479000	-0.63976370
63.69999639	0.00000000	-45.85384000	3.67249000
63.89999638	0.00000000	-44.36515000	5.16117100
64.09999637	0.00000000	-43.57775000	3.25418300
64.29999636	0.00000000	-43.98991000	-1.75319900
64.49999635	0.00000000	-45.10950000	-8.26771600
64.69999634	0.00000000	-47.05954000	-14.85605000
64.89999632	0.00000000	-48.97269000	-19.88189000
65.09999631	0.00000000	-50.50443000	-22.61934000
65.29999630	0.00000000	-51.24877000	-22.61934000
65.49999629	0.00000000	-50.50443000	-19.97416000
65.69999628	0.00000000	-49.01575000	-15.74188000
65.89999626	0.00000000	-47.43479000	-11.04823000
66.09999625	0.00000000	-45.89690000	-6.40378900
66.29999624	0.00000000	-44.78346000	-2.54675200
66.49999623	0.00000000	-44.78346000	-0.55364170
66.69999622	0.00000000	-45.89690000	-0.13533460
66.89999620	0.00000000	-47.43479000	-0.92888770
67.09999619	0.00000000	-48.97269000	-3.24803100
67.29999618	0.00000000	-50.08612000	-6.31151500
67.49999617	0.00000000	-50.08612000	-9.47342500
67.69999616	0.00000000	-48.92347000	-12.58612000
67.89999615	0.00000000	-47.01648000	-15.32357000
68.09999613	0.00000000	-44.69119000	-17.27362000
68.29999612	0.00000000	-42.82726000	-18.43627000
68.49999611	0.00000000	-42.08292000	-18.39321000
68.69999610	0.00000000	-43.24557000	-16.81225000
68.89999609	0.00000000	-45.89690000	-13.69956000
69.09999607	0.00000000	-49.01575000	-9.47342500
69.29999606	0.00000000	-52.13459000	-5.19808000
69.49999605	0.00000000	-54.78592000	-1.66707700
69.69999604	0.00000000	-55.89936000	0.97810030
69.89999603	0.00000000	-54.74286000	1.71628900
70.09999601	0.00000000	-51.66707000	-0.22760820
70.29999600	0.00000000	-47.39173000	-4.04158400
70.49999599	0.00000000	-42.73499000	-9.09817800
70.69999598	0.00000000	-38.54576000	-14.11786000
70.89999597	0.00000000	-36.22662000	-18.39321000
71.09999596	0.00000000	-36.63877000	-21.03838000
71.29999594	0.00000000	-39.34547000	-21.03838000
71.49999593	0.00000000	-44.36515000	-18.39321000
71.69999592	0.00000000	-50.12918000	-14.16708000
71.89999591	0.00000000	-55.20423000	-9.51648500
72.09999590	0.00000000	-59.01821000	-5.24729300
72.29999588	0.00000000	-60.18085000	-2.17765700
72.49999587	0.00000000	-58.27386000	-1.01501000
72.69999586	0.00000000	-54.41068000	-2.12844500
72.89999585	0.00000000	-48.97269000	-4.77977300
73.09999584	0.00000000	-43.24557000	-7.84940900
73.29999582	0.00000000	-38.97022000	-10.58686000
73.49999581	0.00000000	-36.96481000	-12.49385000
73.69999580	0.00000000	-36.96481000	-13.28125000
73.89999579	0.00000000	-38.92101000	-12.53691000
74.09999578	0.00000000	-42.82726000	-11.09744000
74.29999577	0.00000000	-47.76698000	-9.93479300
74.49999575	0.00000000	-52.41142000	-9.56569900
74.69999574	0.00000000	-55.11196000	-9.89173200
74.89999573	0.00000000	-55.94857000	-10.67298000
75.09999572	0.00000000	-54.78592000	-11.42347000
75.29999571	0.00000000	-52.13459000	-12.21087000
75.49999569	0.00000000	-49.01575000	-12.49385000
75.69999568	0.00000000	-45.89690000	-11.70029000
75.89999567	0.00000000	-43.24557000	-9.38115100
76.09999566	0.00000000	-42.08292000	-6.31151500
76.29999565	0.00000000	-42.78420000	-3.29109200
76.49999563	0.00000000	-44.22982000	-1.39025600
76.69999562	0.00000000	-45.43553000	-1.80241100
76.89999561	0.00000000	-46.22908000	-4.08464600
77.09999560	0.00000000	-47.01648000	-7.98474400
77.29999559	0.00000000	-47.39173000	-12.58612000
77.49999558	0.00000000	-47.43479000	-16.85531000
77.69999556	0.00000000	-47.43479000	-19.92495000
77.89999555	0.00000000	-47.47785000	-21.04454000
78.09999554	0.00000000	-47.85310000	-19.46358000
78.29999553	0.00000000	-48.64050000	-15.23130000
78.49999552	0.00000000	-49.39099000	-9.51648500
78.69999550	0.00000000	-50.12918000	-4.04158400
78.89999549	0.00000000	-50.08612000	0.19685040
79.09999548	0.00000000	-48.92347000	2.87893700
79.29999547	0.00000000	-47.01648000	2.46678100
79.49999546	0.00000000	-44.69119000	-0.55364170
79.69999544	0.00000000	-42.78420000	-5.19808000
79.89999543	0.00000000	-41.62155000	-10.58686000
80.09999542	0.00000000	-41.66461000	-15.23130000
80.29999541	0.00000000	-43.20251000	-18.39321000
80.49999540	0.00000000	-45.89690000	-19.93110000
80.69999539	0.00000000	-48.97269000	-19.50664000
80.89999537	0.00000000	-51.66707000	-16.85531000
81.09999536	0.00000000	-53.20496000	-13.00443000
81.29999535	0.00000000	-53.20496000	-9.09817800
81.49999534	0.00000000	-51.71013000	-5.19808000
81.69999533	0.00000000	-49.34793000	-2.12844500
81.89999531	0.00000000	-46.64124000	-0.55364170
82.09999530	0.00000000	-43.57775000	-0.55364170
82.29999529	0.00000000	-41.70767000	-2.08538400
82.49999528	0.00000000	-41.62155000	-4.77977300
82.69999527	0.00000000	-42.73499000	-7.89247000
82.89999525	0.00000000	-44.31594000	-11.04823000
83.09999524	0.00000000	-46.27214000	-14.11786000
83.29999523	0.00000000	-48.54823000	-16.43701000
83.49999522	0.00000000	-50.08612000	-17.27362000
83.69999521	0.00000000	-50.50443000	-17.27362000
83.89999520	0.00000000	-50.12918000	-16.39395000
84.09999518	0.00000000	-49.01575000	-13.69956000
84.29999517	0.00000000	-47.85310000	-9.89173200
84.49999516	0.00000000	-47.05954000	-6.36072800
84.69999515	0.00000000	-46.27214000	-3.19881900
84.89999514	0.00000000	-45.94611000	-0.59670270
85.09999512	0.00000000	-46.22908000	0.14148620
85.29999511	0.00000000	-46.59818000	-1.75935000
85.49999510	0.00000000	-46.22908000	-5.19808000
85.69999509	0.00000000	-45.85384000	-9.51648500
85.89999508	0.00000000	-45.47859000	-14.11786000
86.09999506	0.00000000	-45.10950000	-17.97490000
86.29999505	0.00000000	-45.52165000	-19.88189000
86.49999504	0.00000000	-46.27214000	-19.50664000
86.69999503	0.00000000	-47.47785000	-16.81225000
86.89999502	0.00000000	-48.97269000	-12.58612000
87.09999501	0.00000000	-50.12918000	-7.93553100
87.29999499	0.00000000	-50.50443000	-3.66633800
87.49999498	0.00000000	-50.12918000	-0.59670270
87.69999497	0.00000000	-48.97269000	0.55979330
87.89999496	0.00000000	-47.43479000	-0.64591530
88.09999495	0.00000000	-45.89690000	-4.12770700
88.29999493	0.00000000	-44.69119000	-9.47342500
88.49999492	0.00000000	-43.94069000	-14.81299000
88.69999491	0.00000000	-43.57775000	-18.30093000
88.89999490	0.00000000	-44.36515000	-19.46358000
89.09999489	0.00000000	-45.85384000	-17.93184000
89.29999487	0.00000000	-47.43479000	-14.11786000
89.49999486	0.00000000	-48.97269000	-9.47342500
89.69999485	0.00000000	-50.08612000	-4.82898600
89.89999484	0.00000000	-50.12918000	-1.02116100
90.09999483	0.00000000	-49.39099000	0.51673230
90.29999482	0.00000000	-48.59744000	-0.64591530
90.49999480	0.00000000	-47.43479000	-4.08464600
90.69999479	0.00000000	-46.27214000	-9.09817800
90.89999478	0.00000000	-45.52165000	-14.07480000
91.09999477	0.00000000	-45.10950000	-17.88263000
91.29999476	0.00000000	-45.47859000	-19.04527000
91.49999474	0.00000000	-45.85384000	-17.14444000
91.69999473	0.00000000	-46.27214000	-13.32431000
91.89999472	0.00000000	-46.96727000	-8.31077700
92.09999471	0.00000000	-46.96727000	-3.70939900
92.29999470	0.00000000	-46.27214000	-0.64591530
92.49999468	0.00000000	-45.94611000	0.14148620
92.69999467	0.00000000	-46.27214000	-1.80241100
92.89999466	0.00000000	-47.05954000	-5.61638700
93.09999465	0.00000000	-47.81004000	-10.62992000
93.29999464	0.00000000	-48.59744000	-15.18824000
93.49999463	0.00000000	-48.97269000	-17.92569000
93.69999461	0.00000000	-48.97269000	-18.30093000
93.89999460	0.00000000	-48.54823000	-16.39395000
94.09999459	0.00000000	-47.39173000	-12.53691000
94.29999458	0.00000000	-45.85384000	-7.98474400
94.49999457	0.00000000	-44.27288000	-4.12770700
94.69999455	0.00000000	-42.73499000	-2.17150600
94.89999454	0.00000000	-41.62155000	-2.17150600
95.09999453	0.00000000	-41.66461000	-4.08464600
95.29999452	0.00000000	-43.20251000	-7.56028500
95.49999451	0.00000000	-45.89690000	-11.38041000
95.69999449	0.00000000	-48.97269000	-14.81299000
95.89999448	0.00000000	-51.71013000	-16.34473000
96.09999447	0.00000000	-53.62328000	-15.60654000
96.29999446	0.00000000	-54.36761000	-13.32431000
96.49999445	0.00000000	-53.20496000	-9.89173200
96.69999444	0.00000000	-50.50443000	-6.82209600
96.89999442	0.00000000	-47.01648000	-4.87204700
97.09999441	0.00000000	-43.15945000	-4.08464600
97.29999440	0.00000000	-40.08366000	-4.87204700
97.49999439	0.00000000	-38.50270000	-6.72982200
97.69999438	0.00000000	-38.50270000	-9.05511800
97.89999436	0.00000000	-40.08366000	-10.96211000
98.09999435	0.00000000	-43.20251000	-12.16166000
98.29999434	0.00000000	-47.43479000	-12.53691000
98.49999433	0.00000000	-51.62401000	-12.16166000
98.69999432	0.00000000	-54.36761000	-11.04823000
98.89999430	0.00000000	-55.16117000	-9.89173200
99.09999429	0.00000000	-54.41068000	-9.09817800
99.29999428	0.00000000	-52.04232000	-8.31077700
99.49999427	0.00000000	-48.59744000	-7.93553100
99.69999426	0.00000000	-44.74040000	-7.89247000
99.89999425	0.00000000	-41.62155000	-7.89247000
100.09999423	0.00000000	-39.66535000	-7.84940900
100.29999422	0.00000000	-38.87795000	-7.47416300
100.49999421	0.00000000	-39.66535000	-6.77903500
100.69999420	0.00000000	-41.57849000	-6.77903500
100.89999419	0.00000000	-44.31594000	-7.51722400
101.09999417	0.00000000	-47.39173000	-8.31077700
101.29999416	0.00000000	-50.12918000	-9.51648500
101.49999415	0.00000000	-52.08538000	-11.04823000
101.69999414	0.00000000	-53.20496000	-12.58612000
101.89999413	0.00000000	-52.78666000	-13.65650000
102.09999411	0.00000000	-50.55364000	-13.28125000
102.29999410	0.00000000	-47.85310000	-11.38041000
102.49999409	0.00000000	-45.47859000	-9.05511800
102.69999408	0.00000000	-43.15945000	-6.31151500
102.89999407	0.00000000	-41.66461000	-3.70939900
103.09999406	0.00000000	-41.57849000	-2.54675200
103.29999404	0.00000000	-42.35974000	-3.29109200
103.49999403	0.00000000	-43.52854000	-5.19808000
103.69999402	0.00000000	-45.47859000	-7.93553100
103.89999401	0.00000000	-47.39173000	-11.00517000
104.09999400	0.00000000	-48.97269000	-13.69956000
104.29999398	0.00000000	-50.12918000	-15.23130000
104.49999397	0.00000000	-50.50443000	-15.23130000
104.69999396	0.00000000	-50.08612000	-13.69956000
104.89999395	0.00000000	-48.59744000	-11.00517000
105.09999394	0.00000000	-46.69045000	-7.93553100
105.29999392	0.00000000	-45.47859000	-5.29035400
105.49999391	0.00000000	-44.31594000	-4.08464600
105.69999390	0.00000000	-43.62082000	-4.45374000
105.89999389	0.00000000	-44.31594000	-5.57332700
106.09999388	0.00000000	-45.43553000	-7.56643700
106.29999387	0.00000000	-46.22908000	-9.84867000
106.49999385	0.00000000	-47.01648000	-12.16781000
106.69999384	0.00000000	-47.39173000	-13.65650000
106.89999383	0.00000000	-47.43479000	-13.69956000
107.09999382	0.00000000	-47.39173000	-12.53691000
107.29999381	0.00000000	-46.96727000	-10.62992000
107.49999379	0.00000000	-45.89690000	-8.35383800
107.69999378	0.00000000	-45.10950000	-6.82209600
107.89999377	0.00000000	-45.10334000	-6.40378900
108.09999376	0.00000000	-45.10950000	-6.77903500
108.29999375	0.00000000	-45.89690000	-7.93553100
108.49999374	0.00000000	-47.01648000	-9.47342500
108.69999372	0.00000000	-47.81004000	-11.00517000
108.89999371	0.00000000	-48.59744000	-12.16166000
109.09999370	0.00000000	-48.92347000	-12.49385000
109.29999369	0.00000000	-48.54823000	-11.74951000
109.49999368	0.00000000	-47.39173000	-9.84867000
109.69999366	0.00000000	-45.89690000	-7.93553100
109.89999365	0.00000000	-44.74040000	-6.36072800
110.09999364	0.00000000	-44.31594000	-5.24729300
110.29999363	0.00000000	-44.31594000	-5.24729300
110.49999362	0.00000000	-44.74040000	-6.36072800
110.69999360	0.00000000	-45.85384000	-7.89247000
110.89999359	0.00000000	-46.96727000	-9.47342500
111.09999358	0.00000000	-47.43479000	-11.00517000
111.29999357	0.00000000	-47.81004000	-12.16166000
111.49999356	0.00000000	-48.17913000	-12.53691000
111.69999355	0.00000000	-47.81004000	-12.16166000
111.89999353	0.00000000	-47.43479000	-11.00517000
112.09999352	0.00000000	-47.01648000	-9.51648500
112.29999351	0.00000000	-46.27214000	-8.31077700
112.49999350	0.00000000	-45.89690000	-7.56028500
112.69999349	0.00000000	-45.85384000	-7.14812900
112.89999347	0.00000000	-45.85384000	-7.51722400
113.09999346	0.00000000	-45.85384000	-7.84940900
113.29999345	0.00000000	-45.85384000	-7.93553100
113.49999344	0.00000000	-45.85384000	-8.31077700
113.69999343	0.00000000	-45.85384000	-9.05511800
113.89999341	0.00000000	-45.85384000	-9.43036400
114.09999340	0.00000000	-45.85384000	-9.47342500
114.29999339	0.00000000	-45.85384000	-9.47342500
114.49999338	0.00000000	-45.85384000	-9.51648500
114.69999337	0.00000000	-45.85384000	-9.89173200
114.89999336	0.00000000	-45.85384000	-10.62992000
115.09999334	0.00000000	-45.85384000	-10.95595000
115.29999333	0.00000000	-45.85384000	-10.62992000
115.49999332	0.00000000	-45.85384000	-9.89173200
115.69999331	0.00000000	-45.85384000	-9.47342500
115.89999330	0.00000000	-45.89690000	-9.05511800
116.09999328	0.00000000	-46.22908000	-8.31077700
116.29999327	0.00000000	-46.59818000	-7.89247000
116.49999326	0.00000000	-46.27214000	-7.47416300
116.69999325	0.00000000	-46.32135000	-6.77903500
116.89999324	0.00000000	-46.96727000	-6.77903500
117.09999322	0.00000000	-46.96727000	-7.51722400
117.29999321	0.00000000	-46.27214000	-8.31077700
117.49999320	0.00000000	-45.85384000	-9.47342500
117.69999319	0.00000000	-45.43553000	-10.58686000
117.89999318	0.00000000	-44.69119000	-11.00517000
118.09999317	0.00000000	-44.31594000	-11.04823000
118.29999315	0.00000000	-44.31594000	-11.00517000
118.49999314	0.00000000	-44.74040000	-10.62992000
118.69999313	0.00000000	-45.85384000	-9.84867000
118.89999312	0.00000000	-46.96727000	-9.05511800
119.09999311	0.00000000	-47.43479000	-7.93553100
119.29999309	0.00000000	-47.85310000	-7.14812900
119.49999308	0.00000000	-48.54823000	-7.14197800
119.69999307	0.00000000	-48.50517000	-7.10506800
119.89999306	0.00000000	-47.43479000	-7.51722400
120.09999305	0.00000000	-46.27214000	-7.89247000
120.29999303	0.00000000	-45.43553000	-8.31077700
120.49999302	0.00000000	-44.27288000	-9.05511800
120.69999301	0.00000000	-43.15945000	-9.43036400
120.89999300	0.00000000	-42.78420000	-9.51648500
121.09999299	0.00000000	-43.15945000	-9.84867000
121.29999298	0.00000000	-44.31594000	-10.21161000
121.49999296	0.00000000	-45.85384000	-9.84867000
121.69999295	0.00000000	-47.39173000	-9.51648500
121.89999294	0.00000000	-48.54823000	-9.43036400
122.09999293	0.00000000	-48.97269000	-9.05511800
122.29999292	0.00000000	-48.97269000	-8.31077700
122.49999290	0.00000000	-48.54823000	-7.93553100
122.69999289	0.00000000	-47.43479000	-7.89247000
122.89999288	0.00000000	-46.27214000	-7.89247000
123.09999287	0.00000000	-45.47859000	-7.89247000
123.29999286	0.00000000	-44.64813000	-7.89247000
123.49999284	0.00000000	-43.94069000	-7.93553100
123.69999283	0.00000000	-43.52854000	-8.31077700
123.89999282	0.00000000	-43.94069000	-9.05511800
124.09999281	0.00000000	-44.64813000	-9.43036400
124.29999280	0.00000000	-45.47859000	-9.47342500
124.49999279	0.00000000	-46.22908000	-9.47342500
124.69999277	0.00000000	-47.05954000	-9.47342500
124.89999276	0.00000000	-47.76698000	-9.47342500
125.09999275	0.00000000	-48.17913000	-9.43036400
125.29999274	0.00000000	-47.81004000	-9.05511800
125.49999273	0.00000000	-47.43479000	-8.31077700
125.69999271	0.00000000	-47.01648000	-7.93553100
125.89999270	0.00000000	-46.22908000	-7.89247000
126.09999269	0.00000000	-45.43553000	-7.89247000
126.29999268	0.00000000	-44.27288000	-7.89247000
126.49999267	0.00000000	-43.15945000	-7.93553100
126.69999265	0.00000000	-42.78420000	-8.31077700
126.89999264	0.00000000	-43.15945000	-9.05511800
127.09999263	0.00000000	-44.27288000	-9.43036400
127.29999262	0.00000000	-45.43553000	-9.47342500
127.49999261	0.00000000	-46.22908000	-9.47342500
127.69999260	0.00000000	-47.05954000	-9.47342500
127.89999258	0.00000000	-47.76698000	-9.43036400
128.09999257	0.00000000	-48.12992000	-9.05511800
128.29999256	0.00000000	-47.39173000	-8.31077700
128.49999255	0.00000000	-46.27214000	-7.93553100
128.69999254	0.00000000	-45.43553000	-7.89247000
128.89999252	0.00000000	-44.31594000	-7.89247000
129.09999251	0.00000000	-43.57775000	-7.93553100
129.29999250	0.00000000	-43.89763000	-8.31077700
129.49999249	0.00000000	-44.27288000	-9.05511800
129.69999248	0.00000000	-44.74040000	-9.43036400
129.89999246	0.00000000	-45.85384000	-9.47342500
130.09999245	0.00000000	-46.96727000	-9.47342500
130.29999244	0.00000000	-47.39173000	-9.43036400
130.49999243	0.00000000	-47.43479000	-9.05511800
130.69999242	0.00000000	-47.34252000	-8.31077700
130.89999241	0.00000000	-46.59818000	-7.93553100
131.09999239	0.00000000	-45.10950000	-7.89247000
131.29999238	0.00000000	-44.36515000	-7.89247000
131.49999237	0.00000000	-44.27288000	-7.93553100
131.69999236	0.00000000	-44.27288000	-8.31077700
131.89999235	0.00000000	-44.31594000	-9.05511800
132.09999233	0.00000000	-44.69119000	-9.43036400
132.29999232	0.00000000	-45.43553000	-9.47342500
132.49999231	0.00000000	-45.81078000	-9.47342500
132.69999230	0.00000000	-45.85384000	-9.43036400
132.89999229	0.00000000	-45.85384000	-9.05511800
133.09999227	0.00000000	-45.85384000	-8.26771600
133.29999226	0.00000000	-45.85384000	-7.56028500
133.49999225	0.00000000	-45.85384000	-7.14812900
133.69999224	0.00000000	-45.81078000	-7.51722400
133.89999223	0.00000000	-45.47859000	-7.84940900
134.09999222	0.00000000	-45.10950000	-7.93553100
134.29999220	0.00000000	-45.47859000	-8.31077700
134.49999219	0.00000000	-45.81078000	-9.09817800
134.69999218	0.00000000	-45.85384000	-9.84867000
134.89999217	0.00000000	-45.81078000	-10.62992000
135.09999216	0.00000000	-45.43553000	-11.00517000
135.29999214	0.00000000	-44.69119000	-11.00517000
135.49999213	0.00000000	-44.36515000	-10.62992000
135.69999212	0.00000000	-44.69119000	-9.84867000
135.89999211	0.00000000	-45.43553000	-9.09817800
136.09999210	0.00000000	-45.81078000	-8.31077700
136.29999208	0.00000000	-45.89690000	-7.89247000
136.49999207	0.00000000	-46.27214000	-7.51722400
136.69999206	0.00000000	-46.96727000	-7.14812900
136.89999205	0.00000000	-46.96727000	-7.51722400
137.09999204	0.00000000	-46.22908000	-7.89247000
137.29999203	0.00000000	-45.47859000	-8.31077700
137.49999201	0.00000000	-44.69119000	-9.05511800
137.69999200	0.00000000	-44.27288000	-9.47342500
137.89999199	0.00000000	-43.89763000	-9.84867000
138.09999198	0.00000000	-43.52854000	-10.21161000
138.29999197	0.00000000	-43.94069000	-9.84867000
138.49999195	0.00000000	-44.64813000	-9.51648500
138.69999194	0.00000000	-45.47859000	-9.43036400
138.89999193	0.00000000	-46.22908000	-9.05511800
139.09999192	0.00000000	-47.01648000	-8.31077700
139.29999191	0.00000000	-47.34252000	-7.89247000
139.49999189	0.00000000	-47.01648000	-7.51722400
139.69999188	0.00000000	-46.22908000	-7.14812900
139.89999187	0.00000000	-45.47859000	-7.51722400
140.09999186	0.00000000	-44.69119000	-7.84940900
140.29999185	0.00000000	-44.31594000	-7.93553100
140.49999184	0.00000000	-44.27288000	-8.31077700
140.69999182	0.00000000	-44.31594000	-9.09817800
140.89999181	0.00000000	-44.69119000	-9.84867000
141.09999180	0.00000000	-45.43553000	-10.62992000
141.29999179	0.00000000	-45.81078000	-10.95595000
141.49999178	0.00000000	-45.85384000	-10.62992000
141.69999176	0.00000000	-45.85384000	-9.84867000
141.89999175	0.00000000	-45.85384000	-9.05511800
142.09999174	0.00000000	-45.81078000	-7.89247000
142.29999173	0.00000000	-45.47859000	-6.77903500
142.49999172	0.00000000	-45.10950000	-6.40378900
142.69999170	0.00000000	-45.47859000	-6.72982200
142.89999169	0.00000000	-45.81078000	-7.51722400
143.09999168	0.00000000	-45.85384000	-8.26771600
143.29999167	0.00000000	-45.85384000	-9.09817800
143.49999166	0.00000000	-45.85384000	-9.84867000
143.69999165	0.00000000	-45.85384000	-10.62992000
143.89999163	0.00000000	-45.81078000	-10.95595000
144.09999162	0.00000000	-45.47859000	-10.62992000
144.29999161	0.00000000	-45.06644000	-9.84867000
144.49999160	0.00000000	-45.06028000	-9.09817800
144.69999159	0.00000000	-44.64813000	-8.26771600
144.89999157	0.00000000	-44.31594000	-7.51722400
145.09999156	0.00000000	-44.27288000	-6.77903500
145.29999155	0.00000000	-44.31594000	-6.77903500
145.49999154	0.00000000	-44.69119000	-7.47416300
145.69999153	0.00000000	-45.43553000	-7.89247000
145.89999151	0.00000000	-45.81078000	-8.31077700
146.09999150	0.00000000	-45.85384000	-9.05511800
146.29999149	0.00000000	-45.81078000	-9.43036400
146.49999148	0.00000000	-45.47859000	-9.47342500
146.69999147	0.00000000	-45.06644000	-9.47342500
146.89999146	0.00000000	-45.06028000	-9.43036400
147.09999144	0.00000000	-44.64813000	-9.05511800
147.29999143	0.00000000	-44.31594000	-8.31077700
147.49999142	0.00000000	-44.27288000	-7.93553100
147.69999141	0.00000000	-44.31594000	-7.89247000
147.89999140	0.00000000	-44.69119000	-7.89247000
148.09999138	0.00000000	-45.38631000	-7.89247000
148.29999137	0.00000000	-45.43553000	-7.89247000
148.49999136	0.00000000	-45.10950000	-7.89247000
148.69999135	0.00000000	-45.47859000	-7.93553100
148.89999134	0.00000000	-45.81078000	-8.31077700
149.09999132	0.00000000	-45.85384000	-9.05511800
149.29999131	0.00000000	-45.81078000	-9.43036400
149.49999130	0.00000000	-45.43553000	-9.43036400
149.69999129	0.00000000	-44.69119000	-9.09817800
149.89999128	0.00000000	-44.31594000	-8.68602300
150.09999127	0.00000000	-44.27288000	-8.67987200
150.29999125	0.00000000	-44.31594000	-8.26771600
150.49999124	0.00000000	-44.69119000	-7.93553100
150.69999123	0.00000000	-45.43553000	-7.89247000
150.89999122	0.00000000	-45.81078000	-7.89247000
151.09999121	0.00000000	-45.85384000	-7.89247000
151.29999119	0.00000000	-45.85384000	-7.89247000
151.49999118	0.00000000	-45.85384000	-7.93553100
151.69999117	0.00000000	-45.85384000	-8.31077700
151.89999116	0.00000000	-45.85384000	-9.05511800
152.09999115	0.00000000	-45.81078000	-9.43036400
152.29999113	0.00000000	-45.43553000	-9.43036400
152.49999112	0.00000000	-44.69119000	-9.05511800
152.69999111	0.00000000	-44.31594000	-8.31077700
152.89999110	0.00000000	-44.27288000	-7.93553100
153.09999109	0.00000000	-44.27288000	-7.89247000
153.29999108	0.00000000	-44.27288000	-7.89247000
153.49999106	0.00000000	-44.31594000	-7.89247000
153.69999105	0.00000000	-44.69119000	-7.89247000
153.89999104	0.00000000	-45.43553000	-7.89247000
154.09999103	0.00000000	-45.81078000	-7.89247000
154.29999102	0.00000000	-45.85384000	-7.89247000
154.49999100	0.00000000	-45.85384000	-7.89247000
154.69999099	0.00000000	-45.85384000	-7.89247000
154.89999098	0.00000000	-45.81078000	-7.93553100
155.09999097	0.00000000	-45.43553000	-8.31077700
155.29999096	0.00000000	-44.69119000	-9.05511800
155.49999094	0.00000000	-44.31594000	-9.43036400
155.69999093	0.00000000	-44.27288000	-9.47342500
155.89999092	0.00000000	-44.27288000	-9.43036400
156.09999091	0.00000000	-44.27288000	-9.05511800
156.29999090	0.00000000	-44.27288000	-8.31077700
156.49999089	0.00000000	-44.31594000	-7.93553100
156.69999087	0.00000000	-44.69119000	-7.84940900
156.89999086	0.00000000	-45.43553000	-7.51722400
157.09999085	0.00000000	-45.81078000	-7.14812900
157.29999084	0.00000000	-45.85384000	-7.51722400
157.49999083	0.00000000	-45.85384000	-7.84940900
157.69999081	0.00000000	-45.81078000	-7.93553100
157.89999080	0.00000000	-45.43553000	-8.31077700
158.09999079	0.00000000	-44.69119000	-9.05511800
158.29999078	0.00000000	-44.31594000	-9.43036400
158.49999077	0.00000000	-44.27288000	-9.47342500
158.69999075	0.00000000	-44.27288000	-9.43036400
158.89999074	0.00000000	-44.27288000	-9.05511800
159.09999073	0.00000000	-44.27288000	-8.31077700
159.29999072	0.00000000	-44.27288000	-7.93553100
159.49999071	0.00000000	-44.31594000	-7.89247000
159.69999070	0.00000000	-44.69119000	-7.89247000
159.89999068	0.00000000	-45.43553000	-7.89247000
160.09999067	0.00000000	-45.81078000	-7.89247000
160.29999066	0.00000000	-45.85384000	-7.89247000
160.49999065	0.00000000	-45.85384000	-7.89247000
160.69999064	0.00000000	-45.85384000	-7.93553100
160.89999062	0.00000000	-45.81078000	-8.31077700
161.09999061	0.00000000	-45.43553000	-9.05511800
161.29999060	0.00000000	-44.69119000	-9.43036400
161.49999059	0.00000000	-44.31594000	-9.47342500
161.69999058	0.00000000	-44.27288000	-9.43036400
161.89999056	0.00000000	-44.27288000	-9.05511800
162.09999055	0.00000000	-44.27288000	-8.31077700
162.29999054	0.00000000	-44.27288000	-7.93553100
162.49999053	0.00000000	-44.27288000	-7.89247000
162.69999052	0.00000000	-44.27288000	-7.89247000
162.89999051	0.00000000	-44.31594000	-7.89247000
163.09999049	0.00000000	-44.69119000	-7.89247000
163.29999048	0.00000000	-45.43553000	-7.89247000
163.49999047	0.00000000	-45.81078000	-7.89247000
163.69999046	0.00000000	-45.85384000	-7.93553100
163.89999045	0.00000000	-45.85384000	-8.31077700
164.09999043	0.00000000	-45.81078000	-9.00590400
164.29999042	0.00000000	-45.43553000	-9.05511800
164.49999041	0.00000000	-44.69119000	-8.68602300
164.69999040	0.00000000	-44.31594000	-8.72293300
164.89999039	0.00000000	-44.27288000	-8.64296200
165.09999037	0.00000000	-44.27288000	-8.67987200
165.29999036	0.00000000	-44.27288000	-8.26771600
165.49999035	0.00000000	-44.27288000	-7.93553100
165.69999034	0.00000000	-44.31594000	-7.93553100
165.89999033	0.00000000	-44.64813000	-8.26771600
166.09999032	0.00000000	-45.06028000	-8.63681000
166.29999030	0.00000000	-45.06644000	-8.26771600
166.49999029	0.00000000	-45.47859000	-7.93553100
166.69999028	0.00000000	-45.81078000	-7.89247000
166.89999027	0.00000000	-45.81078000	-7.89247000
167.09999026	0.00000000	-45.43553000	-7.89247000
167.29999024	0.00000000	-44.69119000	-7.89247000
167.49999023	0.00000000	-44.31594000	-7.89247000
167.69999022	0.00000000	-44.27288000	-7.89247000
167.89999021	0.00000000	-44.27288000	-7.89247000
168.09999020	0.00000000	-44.27288000	-7.89247000
168.29999018	0.00000000	-44.27288000	-7.89247000
168.49999017	0.00000000	-44.27288000	-7.89247000
168.69999016	0.00000000	-44.27288000	-7.89247000
168.89999015	0.00000000	-44.27288000	-7.89247000
169.09999014	0.00000000	-44.27288000	-7.89247000
169.29999013	0.00000000	-44.27288000	-7.89247000
169.49999011	0.00000000	-44.31594000	-7.89247000
169.69999010	0.00000000	-44.69119000	-7.89247000
169.89999009	0.00000000	-45.38631000	-7.89247000
170.09999008	0.00000000	-45.38631000	-7.89247000
170.29999007	0.00000000	-44.69119000	-7.89247000
170.49999005	0.00000000	-44.31594000	-7.89247000
170.69999004	0.00000000	-44.27288000	-7.89247000
170.89999003	0.00000000	-44.27288000	-7.89247000
171.09999002	0.00000000	-44.27288000	-7.89247000
171.29999001	0.00000000	-44.27288000	-7.93553100
171.49998999	0.00000000	-44.27288000	-8.26771600
171.69998998	0.00000000	-44.27288000	-8.63681000
171.89998997	0.00000000	-44.27288000	-8.26771600
172.09998996	0.00000000	-44.27288000	-7.93553100
172.29998995	0.00000000	-44.27288000	-7.89247000
172.49998994	0.00000000	-44.27288000	-7.89247000
172.69998992	0.00000000	-44.27288000	-7.89247000
172.89998991	0.00000000	-44.27288000	-7.89247000
173.09998990	0.00000000	-44.27288000	-7.89247000
173.29998989	0.00000000	-44.27288000	-7.89247000
173.49998988	0.00000000	-44.27288000	-7.89247000
173.69998986	0.00000000	-44.27288000	-7.89247000
173.89998985	0.00000000	-44.27288000	-7.89247000
174.09998984	0.00000000	-44.27288000	-7.89247000
174.29998983	0.00000000	-44.27288000	-7.89247000
174.49998982	0.00000000	-44.27288000	-7.93553100
174.69998980	0.00000000	-44.27288000	-8.31077700
174.89998979	0.00000000	-44.27288000	-9.00590400
175.09998978	0.00000000	-44.27288000	-9.00590400
175.29998977	0.00000000	-44.27288000	-8.31077700
175.49998976	0.00000000	-44.27288000	-7.93553100
175.69998975	0.00000000	-44.27288000	-7.89247000
175.89998973	0.00000000	-44.27288000	-7.89247000
176.09998972	0.00000000	-44.27288000	-7.89247000
176.29998971	0.00000000	-44.27288000	-7.89247000
176.49998970	0.00000000	-44.27288000	-7.89247000
176.69998969	0.00000000	-44.27288000	-7.89247000
176.89998967	0.00000000	-44.27288000	-7.89247000
177.09998966	0.00000000	-44.27288000	-7.89247000
177.29998965	0.00000000	-44.27288000	-7.89247000
177.49998964	0.00000000	-44.27288000	-7.89247000
177.69998963	0.00000000	-44.27288000	-7.89247000
177.89998961	0.00000000	-44.27288000	-7.89247000
178.09998960	0.00000000	-44.27288000	-7.89247000
178.29998959	0.00000000	-44.27288000	-7.89247000
178.49998958	0.00000000	-44.27288000	-7.89247000
178.69998957	0.00000000	-44.27288000	-7.89247000
178.89998956	0.00000000	-44.27288000	-7.89247000
179.09998954	0.00000000	-44.27288000	-7.89247000
179.29998953	0.00000000	-44.27288000	-7.89247000
179.49998952	0.00000000	-44.27288000	-7.89247000
179.69998951	0.00000000	-44.27288000	-7.89247000
179.89998950	0.00000000	-44.27288000	-7.89247000
180.09998948	0.00000000	-44.27288000	-7.89247000
180.29998947	0.00000000	-44.27288000	-7.89247000
180.49998946	0.00000000	-44.27288000	-7.89247000
180.69998945	0.00000000	-44.27288000	-7.89247000
180.89998944	0.00000000	-44.27288000	-7.89247000
181.09998942	0.00000000	-44.27288000	-7.89247000
181.29998941	0.00000000	-44.27288000	-7.93553100
181.49998940	0.00000000	-44.27288000	-8.26771600
181.69998939	0.00000000	-44.27288000	-8.63681000
181.89998938	0.00000000	-44.27288000	-8.26771600
182.09998937	0.00000000	-44.27288000	-7.93553100
182.29998935	0.00000000	-44.27288000	-7.89247000
182.49998934	0.00000000	-44.27288000	-7.93553100
182.69998933	0.00000000	-44.27288000	-8.26771600
182.89998932	0.00000000	-44.27288000	-8.67987200
183.09998931	0.00000000	-44.27288000	-8.68602300
183.29998929	0.00000000	-44.27288000	-9.09817800
183.49998928	0.00000000	-44.27288000	-9.43036400
183.69998927	0.00000000	-44.27288000	-9.43036400
183.89998926	0.00000000	-44.27288000	-9.05511800
184.09998925	0.00000000	-44.27288000	-8.31077700
184.29998923	0.00000000	-44.27288000	-7.93553100
184.49998922	0.00000000	-44.27288000	-7.89247000
184.69998921	0.00000000	-44.27288000	-7.89247000
184.89998920	0.00000000	-44.27288000	-7.89247000
185.09998919	0.00000000	-44.27288000	-7.89247000
185.29998918	0.00000000	-44.27288000	-7.89247000
185.49998916	0.00000000	-44.27288000	-7.89247000
185.69998915	0.00000000	-44.22982000	-7.89247000
185.89998914	0.00000000	-43.89763000	-7.89247000
186.09998913	0.00000000	-43.52854000	-7.93553100
186.29998912	0.00000000	-43.89763000	-8.26771600
186.49998910	0.00000000	-44.22982000	-8.63681000
186.69998909	0.00000000	-44.27288000	-8.26771600
186.89998908	0.00000000	-44.27288000	-7.93553100
187.09998907	0.00000000	-44.27288000	-7.89247000
187.29998906	0.00000000	-44.27288000	-7.89247000
187.49998904	0.00000000	-44.27288000	-7.84940900
187.69998903	0.00000000	-44.27288000	-7.47416300
187.89998902	0.00000000	-44.27288000	-6.77903500
188.09998901	0.00000000	-44.27288000	-6.77903500
188.29998900	0.00000000	-44.22982000	-7.47416300
188.49998899	0.00000000	-43.85457000	-7.84940900
188.69998897	0.00000000	-43.15945000	-7.89247000
188.89998896	0.00000000	-43.15945000	-7.93553100
189.09998895	0.00000000	-43.85457000	-8.31077700
189.29998894	0.00000000	-44.22982000	-9.05511800
189.49998893	0.00000000	-44.27288000	-9.38115100
189.69998891	0.00000000	-44.27288000	-9.05511800
189.89998890	0.00000000	-44.27288000	-8.31077700
190.09998889	0.00000000	-44.27288000	-7.93553100
190.29998888	0.00000000	-44.27288000	-7.89247000
190.49998887	0.00000000	-44.27288000	-7.89247000
190.69998885	0.00000000	-44.27288000	-7.89247000
190.89998884	0.00000000	-44.27288000	-7.89247000
191.09998883	0.00000000	-44.27288000	-7.89247000
191.29998882	0.00000000	-44.22982000	-7.89247000
191.49998881	0.00000000	-43.89763000	-7.89247000
191.69998880	0.00000000	-43.52854000	-7.89247000
191.89998878	0.00000000	-43.85457000	-7.89247000
192.09998877	0.00000000	-43.85457000	-7.89247000
192.29998876	0.00000000	-43.52854000	-7.89247000
192.49998875	0.00000000	-43.89763000	-7.89247000
192.69998874	0.00000000	-44.22982000	-7.89247000
192.89998872	0.00000000	-44.27288000	-7.89247000
193.09998871	0.00000000	-44.27288000	-7.89247000
193.29998870	0.00000000	-44.27288000	-7.89247000
193.49998869	0.00000000	-44.27288000	-7.89247000
193.69998868	0.00000000	-44.27288000	-7.89247000
193.89998866	0.00000000	-44.27288000	-7.89247000
194.09998865	0.00000000	-44.27288000	-7.89247000
194.29998864	0.00000000	-44.22982000	-7.89247000
194.49998863	0.00000000	-43.85457000	-7.89247000
194.69998862	0.00000000	-43.15945000	-7.89247000
194.89998861	0.00000000	-43.15945000	-7.89247000
195.09998859	0.00000000	-43.85457000	-7.89247000
195.29998858	0.00000000	-44.22982000	-7.89247000
195.49998857	0.00000000	-44.27288000	-7.89247000
195.69998856	0.00000000	-44.27288000	-7.89247000
195.89998855	0.00000000	-44.27288000	-7.89247000
196.09998853	0.00000000	-44.27288000	-7.89247000
