Time	Channel A	Channel B	Channel C
(us)	(V)	(mV)	(mV)

-4.59999956	0.00000000	-49.01575000	-9.93479300
-4.39999957	0.00000000	-49.01575000	-10.62992000
-4.19999958	0.00000000	-49.01575000	-11.00517000
-3.99999959	0.00000000	-49.01575000	-11.04823000
-3.79999960	0.00000000	-49.01575000	-11.04823000
-3.59999962	0.00000000	-49.01575000	-11.04823000
-3.39999963	0.00000000	-49.01575000	-11.04823000
-3.19999964	0.00000000	-49.01575000	-11.04823000
-2.99999965	0.00000000	-49.01575000	-11.04823000
-2.79999966	0.00000000	-49.01575000	-11.04823000
-2.59999968	0.00000000	-49.01575000	-11.04823000
-2.39999969	0.00000000	-49.01575000	-11.00517000
-2.19999970	0.00000000	-49.01575000	-10.62992000
-1.99999971	0.00000000	-49.01575000	-9.89173200
-1.79999972	0.00000000	-49.01575000	-9.51648500
-1.59999973	0.00000000	-49.01575000	-9.47342500
-1.39999975	0.00000000	-49.01575000	-9.51648500
-1.19999976	0.00000000	-49.01575000	-9.89173200
-0.99999977	0.00000000	-49.01575000	-10.62992000
-0.79999978	0.00000000	-49.01575000	-11.00517000
-0.59999979	0.00000000	-49.01575000	-11.04823000
-0.39999981	0.00000000	-49.01575000	-11.04823000
-0.19999982	0.31803640	-49.01575000	-11.04823000
0.00000017	0.79601380	-49.01575000	-11.04823000
0.20000016	0.95533960	-49.01575000	-11.04823000
0.40000015	0.95533960	-49.01575000	-11.04823000
0.60000013	0.79601380	-49.01575000	-11.04823000
0.80000012	0.15871060	-49.01575000	-11.04823000
1.00000011	-0.79601380	-49.01575000	-11.04823000
1.20000010	-1.75196900	-49.01575000	-11.04823000
1.40000009	-2.54859700	-49.01575000	-11.00517000
1.60000008	-2.70792300	-49.01575000	-10.62992000
1.80000006	-2.22994600	-49.01575000	-9.89173200
2.00000005	-0.95533960	-49.01575000	-9.51648500
2.20000004	0.95533960	-49.01575000	-9.47342500
2.40000003	3.02657500	-49.01575000	-9.51648500
2.60000002	4.77854300	-49.01575000	-9.89173200
2.80000000	5.41584600	-49.01575000	-10.62992000
2.99999999	4.61921700	-49.01575000	-11.00517000
3.19999998	2.38927200	-49.01575000	-11.04823000
3.39999997	-0.79601380	-49.01575000	-11.00517000
3.59999996	-4.14124000	-49.01575000	-10.62992000
3.79999994	-6.84916400	-49.01575000	-9.89173200
3.99999993	-7.96444400	-48.97269000	-9.51648500
4.19999992	-7.00848900	-48.59744000	-9.47342500
4.39999991	-4.30056600	-47.90231000	-9.47342500
4.59999990	-0.15871060	-47.90231000	-9.47342500
4.79999989	4.14124000	-48.59744000	-9.47342500
4.99999987	7.80511800	-48.92347000	-9.47342500
5.19999986	9.39837600	-48.64050000	-9.51648500
5.39999985	8.76107300	-48.27140000	-9.89173200
5.59999984	5.89382400	-48.59744000	-10.62992000
5.79999983	1.43331700	-48.59744000	-11.00517000
5.99999981	-3.34522600	-48.22834000	-11.04823000
6.19999980	-7.32714100	-48.26525000	-11.00517000
6.39999979	-9.23905000	-48.22834000	-10.62992000
6.59999978	-9.07972400	-48.59744000	-9.89173200
6.79999977	-6.53112700	-48.54823000	-9.51648500
6.99999975	-2.54859700	-47.90231000	-9.47342500
7.19999974	1.91129400	-47.90231000	-9.47342500
7.39999973	5.41584600	-48.59744000	-9.47342500
7.59999972	7.48646600	-48.97269000	-9.51648500
7.79999971	7.48646600	-48.97269000	-9.84867000
7.99999970	5.73449800	-48.64050000	-10.25467000
8.19999968	2.70792300	-48.27140000	-10.26698000
8.39999967	-0.47736220	-48.64050000	-10.67298000
8.59999966	-3.34522600	-48.97269000	-11.00517000
8.79999965	-4.93786900	-49.01575000	-11.04823000
8.99999964	-5.09719500	-49.01575000	-11.04823000
9.19999962	-3.98191400	-49.01575000	-11.04823000
9.39999961	-2.22994600	-49.01575000	-11.04823000
9.59999960	-0.31803640	-49.01575000	-11.04823000
9.79999959	1.27399100	-49.01575000	-11.04823000
9.99999958	2.38927200	-49.01575000	-11.04823000
10.19999956	2.54859700	-49.01575000	-11.04823000
10.39999955	2.07062000	-49.01575000	-11.00517000
10.59999954	1.27399100	-49.01575000	-10.62992000
10.79999953	0.31803640	-49.01575000	-9.93479300
10.99999952	-0.31803640	-49.01575000	-9.93479300
11.19999951	-0.79601380	-49.01575000	-10.62992000
11.39999949	-0.95533960	-49.01575000	-11.00517000
11.59999948	-0.95533960	-49.01575000	-11.04823000
11.79999947	-0.63668800	-49.01575000	-11.04823000
11.99999946	-0.31803640	-49.01575000	-11.04823000
12.19999945	-0.15871060	-49.01575000	-11.04823000
12.39999943	-0.15871060	-49.01575000	-11.04823000
12.59999942	0.00000000	-49.01575000	-11.04823000
12.79999941	0.00000000	-49.01575000	-11.00517000
12.99999940	0.00000000	-49.01575000	-10.67298000
13.19999939	0.00000000	-49.01575000	-10.31004000
13.39999937	0.15871060	-49.01575000	-10.67298000
13.59999936	0.00000000	-49.01575000	-11.00517000
13.79999935	0.00000000	-49.01575000	-11.04823000
13.99999934	0.00000000	-49.01575000	-11.04823000
14.19999933	-0.15871060	-49.01575000	-11.04823000
14.39999932	-0.15871060	-49.01575000	-11.00517000
14.59999930	-0.15871060	-48.97269000	-10.62992000
14.79999929	0.00000000	-48.64050000	-9.89173200
14.99999928	0.00000000	-48.27140000	-9.51648500
15.19999927	0.00000000	-48.64050000	-9.47342500
15.39999926	0.00000000	-48.97269000	-9.47342500
15.59999924	0.00000000	-49.01575000	-9.51648500
15.79999923	0.00000000	-49.01575000	-9.84867000
15.99999922	0.00000000	-49.01575000	-10.25467000
16.19999921	0.00000000	-48.97269000	-10.21776000
16.39999920	0.00000000	-48.59744000	-10.25467000
16.59999919	0.00000000	-47.85310000	-9.84867000
16.79999917	0.00000000	-47.47785000	-9.51648500
16.99999916	-0.15871060	-47.43479000	-9.47342500
17.19999915	0.00000000	-47.39173000	-9.47342500
17.39999914	0.00000000	-47.01648000	-9.47342500
17.59999913	0.00000000	-46.32135000	-9.47342500
17.79999911	0.00000000	-46.32135000	-9.47342500
17.99999910	0.00000000	-47.05954000	-9.47342500
18.19999909	0.00000000	-47.85310000	-9.47342500
18.39999908	0.00000000	-49.10802000	-9.47342500
18.59999907	0.00000000	-50.97194000	-9.47342500
18.79999905	0.00000000	-52.87278000	-9.47342500
18.99999904	0.00000000	-53.62328000	-9.47342500
19.19999903	0.00000000	-53.24803000	-9.47342500
19.39999902	0.00000000	-51.62401000	-9.47342500
19.59999901	0.00000000	-48.54823000	-9.47342500
19.79999900	0.00000000	-44.69119000	-9.47342500
19.99999898	0.00000000	-41.20325000	-9.47342500
20.19999897	0.00000000	-38.45964000	-9.47342500
20.39999896	0.00000000	-37.01402000	-9.47342500
20.59999895	0.00000000	-37.85064000	-9.47342500
20.79999894	0.00000000	-41.79995000	-9.47342500
20.99999892	0.00000000	-48.36368000	-9.51648500
21.19999891	0.00000000	-56.45300000	-9.89173200
21.39999890	0.00000000	-63.76107000	-10.58686000
21.59999889	0.00000000	-68.37475000	-10.58686000
21.79999888	0.00000000	-69.06988000	-9.89173200
21.99999886	0.00000000	-64.74532000	-9.56569900
22.19999885	0.00000000	-55.81324000	-9.89173200
22.39999884	0.00000000	-43.85457000	-10.62992000
22.59999883	0.00000000	-31.47761000	-11.00517000
22.79999882	0.00000000	-21.84424000	-11.00517000
22.99999881	0.00000000	-16.91068000	-10.62992000
23.19999879	0.00000000	-19.00221000	-9.89173200
23.39999878	0.00000000	-29.05389000	-9.47342500
23.59999877	0.00000000	-44.86958000	-9.05511800
23.79999876	0.00000000	-62.69069000	-8.31077700
23.99999875	0.00000000	-78.88779000	-7.98474400
24.19999873	0.00000000	-89.58538000	-8.31077700
24.39999872	0.00000000	-91.03100000	-9.09817800
24.59999871	0.00000000	-82.19118000	-9.89173200
24.79999870	0.00000000	-65.12057000	-11.14050000
24.99999869	0.00000000	-43.47933000	-13.00443000
25.19999867	0.00000000	-21.47515000	-14.90526000
25.39999866	0.00000000	-4.95201700	-15.64960000
25.59999865	0.00000000	2.02386800	-15.27436000
25.79999864	0.00000000	-2.30068900	-13.69956000
25.99999863	0.00000000	-17.37820000	-10.96211000
26.19999862	0.00000000	-40.17593000	-7.47416300
26.39999860	0.00000000	-65.20669000	-3.62327700
26.59999859	0.00000000	-86.47269000	-0.51058070
26.79999858	0.00000000	-98.89886000	1.35334600
26.99999857	0.00000000	-100.38750000	1.21186000
27.19999856	0.00000000	-90.32972000	-2.68823800
27.39999854	0.00000000	-70.28174000	-9.55954600
27.59999853	0.00000000	-45.98917000	-17.27977000
27.79999852	0.00000000	-22.77313000	-24.24335000
27.99999851	0.00000000	-5.79478300	-28.84473000
28.19999850	0.00000000	0.86122040	-29.95817000
28.39999848	0.00000000	-3.32800200	-26.80241000
28.59999847	0.00000000	-16.86762000	-19.42052000
28.79999846	0.00000000	-36.92175000	-8.96284400
28.99999845	0.00000000	-58.55684000	2.60211600
29.19999844	0.00000000	-76.75320000	12.63533000
29.39999843	0.00000000	-88.04749000	18.73154000
29.59999841	0.00000000	-90.37894000	19.05143000
29.79999840	0.00000000	-83.86442000	12.45694000
29.99999839	0.00000000	-69.95570000	0.51673230
30.19999838	0.00000000	-52.26993000	-14.21014000
30.39999837	0.00000000	-35.19316000	-28.89395000
30.59999835	0.00000000	-22.34867000	-40.45890000
30.79999834	0.00000000	-15.32972000	-46.17987000
30.99999833	0.00000000	-15.32972000	-44.18061000
31.19999832	0.00000000	-22.21334000	-34.14124000
31.39999831	0.00000000	-33.80290000	-18.35015000
31.59999829	0.00000000	-47.34252000	-0.55364170
31.79999828	0.00000000	-60.13779000	15.66191000
31.99999827	0.00000000	-69.44512000	26.85777000
32.19999826	0.00000000	-73.76968000	30.34572000
32.39999825	0.00000000	-72.60703000	25.69513000
32.59999824	0.00000000	-66.46161000	13.70571000
32.79999822	0.00000000	-56.78519000	-3.29109200
32.99999821	0.00000000	-45.98917000	-21.41363000
33.19999820	0.00000000	-36.31274000	-36.92790000
33.39999819	0.00000000	-30.07505000	-46.55511000
33.59999818	0.00000000	-28.11885000	-48.54207000
33.79999816	0.00000000	-30.45029000	-42.36589000
33.99999815	0.00000000	-36.96481000	-30.00738000
34.19999814	0.00000000	-45.38631000	-13.74262000
34.39999813	0.00000000	-53.16190000	3.21112200
34.59999812	0.00000000	-59.01821000	16.73228000
34.79999810	0.00000000	-62.08784000	24.11417000
34.99999809	0.00000000	-61.66953000	24.11417000
35.19999808	0.00000000	-57.48031000	16.81841000
35.39999807	0.00000000	-50.97194000	4.09694900
35.59999806	0.00000000	-44.45127000	-10.96211000
35.79999805	0.00000000	-39.38853000	-25.22145000
35.99999803	0.00000000	-37.10014000	-35.21161000
36.19999802	0.00000000	-37.80758000	-38.37352000
36.39999801	0.00000000	-41.28937000	-34.56570000
36.59999800	0.00000000	-46.27214000	-25.35679000
36.79999799	0.00000000	-51.66707000	-13.04749000
36.99999797	0.00000000	-55.85630000	-1.10728300
37.19999796	0.00000000	-57.43725000	7.76943800
37.39999795	0.00000000	-56.32381000	11.62032000
37.59999794	0.00000000	-53.24803000	9.30118100
37.79999793	0.00000000	-48.97269000	1.67322800
37.99999791	0.00000000	-44.36515000	-9.01205700
38.19999790	0.00000000	-40.50196000	-18.95300000
38.39999789	0.00000000	-38.59498000	-25.13533000
38.59999788	0.00000000	-38.97022000	-26.34104000
38.79999787	0.00000000	-41.62155000	-22.48400000
38.99999786	0.00000000	-45.47859000	-14.81299000
39.19999784	0.00000000	-49.39099000	-5.24729300
39.39999783	0.00000000	-53.29109000	3.11884800
39.59999782	0.00000000	-56.36687000	7.34498000
39.79999781	0.00000000	-57.90477000	6.18848400
39.99999780	0.00000000	-57.48031000	0.09227362
40.19999778	0.00000000	-54.78592000	-9.14739100
40.39999777	0.00000000	-50.59670000	-18.72539000
40.59999776	0.00000000	-46.32135000	-26.38410000
40.79999775	0.00000000	-42.78420000	-29.40452000
40.99999774	0.00000000	-40.08366000	-26.80241000
41.19999772	0.00000000	-38.87795000	-19.88189000
41.39999771	0.00000000	-39.29010000	-10.62992000
41.59999770	0.00000000	-40.83415000	-1.01501000
41.79999769	0.00000000	-43.98991000	6.23154500
41.99999768	0.00000000	-47.81004000	8.96899500
42.19999767	0.00000000	-51.71013000	6.69291300
42.39999765	0.00000000	-54.78592000	0.55979330
42.59999764	0.00000000	-56.32381000	-7.89247000
42.79999763	0.00000000	-55.94857000	-16.35089000
42.99999762	0.00000000	-53.71555000	-22.48400000
43.19999761	0.00000000	-51.01501000	-24.89542000
43.39999759	0.00000000	-48.64050000	-23.41289000
43.59999758	0.00000000	-46.27214000	-19.55585000
43.79999757	0.00000000	-44.36515000	-13.74262000
43.99999756	0.00000000	-43.20251000	-7.28346400
44.19999755	0.00000000	-43.20251000	-2.63902500
44.39999753	0.00000000	-44.22982000	-0.59670270
44.59999752	0.00000000	-45.01722000	-0.59670270
44.79999751	0.00000000	-45.06644000	-2.50369100
44.99999750	0.00000000	-45.47859000	-5.98548200
45.19999749	0.00000000	-45.85384000	-9.79945900
45.39999748	0.00000000	-46.32135000	-13.28125000
45.59999746	0.00000000	-47.52707000	-15.18824000
45.79999745	0.00000000	-49.48326000	-15.27436000
45.99999744	0.00000000	-52.22071000	-14.16092000
46.19999743	0.00000000	-55.24729000	-12.58612000
46.39999742	0.00000000	-57.52953000	-10.62992000
46.59999740	0.00000000	-57.81250000	-8.31077700
46.79999739	0.00000000	-55.48105000	-6.40378900
46.99999738	0.00000000	-50.50443000	-5.24729300
47.19999737	0.00000000	-44.69119000	-5.24729300
47.39999736	0.00000000	-39.19783000	-6.40378900
47.59999734	0.00000000	-34.22121000	-8.31077700
47.79999733	0.00000000	-31.61294000	-10.62992000
47.99999732	0.00000000	-32.77559000	-12.53691000
48.19999731	0.00000000	-37.43233000	-13.74262000
48.39999730	0.00000000	-44.82652000	-14.11786000
48.59999729	0.00000000	-53.66634000	-13.69956000
48.79999727	0.00000000	-61.71875000	-12.11860000
48.99999726	0.00000000	-66.32628000	-9.42421200
49.19999725	0.00000000	-66.37549000	-6.36072800
49.39999724	0.00000000	-62.09399000	-3.70939900
49.59999723	0.00000000	-54.36761000	-2.54675200
49.79999721	0.00000000	-44.69119000	-3.24803100
49.99999720	0.00000000	-35.47613000	-4.82283400
50.19999719	0.00000000	-28.96161000	-7.24040300
50.39999718	0.00000000	-27.42372000	-11.04823000
50.59999717	0.00000000	-31.23770000	-14.85605000
50.79999715	0.00000000	-38.92101000	-17.18750000
50.99999714	0.00000000	-48.54823000	-17.97490000
51.19999713	0.00000000	-57.39419000	-16.81225000
51.39999712	0.00000000	-63.20743000	-14.07480000
51.59999711	0.00000000	-64.74532000	-10.21161000
51.79999710	0.00000000	-61.71259000	-5.61638700
51.99999708	0.00000000	-55.16117000	-2.17765700
52.19999707	0.00000000	-47.10260000	-0.59670270
52.39999706	0.00000000	-39.38853000	-1.01501000
52.59999705	0.00000000	-34.39960000	-3.70939900
52.79999704	0.00000000	-33.19390000	-7.89247000
52.99999702	0.00000000	-35.89444000	-12.11860000
53.19999701	0.00000000	-41.66461000	-15.23130000
53.39999700	0.00000000	-48.92347000	-16.81225000
53.59999699	0.00000000	-55.43799000	-16.81225000
53.79999698	0.00000000	-58.92593000	-15.27436000
53.99999696	0.00000000	-58.97515000	-12.58612000
54.19999695	0.00000000	-55.89936000	-9.51648500
54.39999694	0.00000000	-50.50443000	-6.82209600
54.59999693	0.00000000	-44.40821000	-5.29035400
54.79999692	0.00000000	-39.38853000	-5.29035400
54.99999691	0.00000000	-37.10014000	-6.77903500
55.19999689	0.00000000	-37.80758000	-9.05511800
55.39999688	0.00000000	-41.28937000	-10.91289000
55.59999687	0.00000000	-46.22908000	-11.70029000
55.79999686	0.00000000	-51.29183000	-10.96211000
55.99999685	0.00000000	-55.11196000	-9.47342500
56.19999683	0.00000000	-57.06200000	-7.89247000
56.39999682	0.00000000	-56.27460000	-6.40378900
56.59999681	0.00000000	-53.24803000	-5.70866100
56.79999680	0.00000000	-48.97269000	-6.86515700
56.99999679	0.00000000	-44.40821000	-9.51648500
57.19999677	0.00000000	-40.92643000	-12.62918000
57.39999676	0.00000000	-39.75763000	-15.64960000
57.59999675	0.00000000	-40.45890000	-17.55044000
57.79999674	0.00000000	-42.78420000	-17.13829000
57.99999673	0.00000000	-45.85384000	-14.85605000
58.19999672	0.00000000	-48.97269000	-10.91289000
58.39999670	0.00000000	-51.62401000	-5.93626900
58.59999669	0.00000000	-52.78666000	-0.97194880
58.79999668	0.00000000	-52.08538000	2.04847400
58.99999667	0.00000000	-50.55364000	2.04847400
59.19999666	0.00000000	-48.59744000	-1.06422200
59.39999664	0.00000000	-46.32135000	-6.82209600
59.59999663	0.00000000	-44.78346000	-13.69956000
59.79999662	0.00000000	-44.36515000	-19.50664000
59.99999661	0.00000000	-44.74040000	-22.99459000
60.19999660	0.00000000	-45.89690000	-23.68971000
60.39999658	0.00000000	-47.39173000	-20.57702000
60.59999657	0.00000000	-48.54823000	-14.07480000
60.79999656	0.00000000	-48.92347000	-6.40378900
60.99999655	0.00000000	-48.59744000	0.55979330
61.19999654	0.00000000	-47.81004000	5.16117100
61.39999653	0.00000000	-47.05954000	6.32381900
61.59999651	0.00000000	-46.27214000	3.58636800
61.79999650	0.00000000	-45.94611000	-2.54675200
61.99999649	0.00000000	-46.27214000	-10.62992000
62.19999648	0.00000000	-47.05954000	-18.30093000
62.39999647	0.00000000	-47.85310000	-23.73892000
62.59999645	0.00000000	-49.01575000	-25.68897000
62.79999644	0.00000000	-50.08612000	-24.15723000
62.99999643	0.00000000	-50.08612000	-19.46358000
63.19999642	0.00000000	-48.97269000	-12.16781000
63.39999641	0.00000000	-47.43479000	-4.12770700
63.59999639	0.00000000	-45.85384000	2.04847400
63.79999638	0.00000000	-44.31594000	5.20423200
63.99999637	0.00000000	-43.20251000	5.20423200
64.19999636	0.00000000	-43.20251000	2.14074800
64.39999635	0.00000000	-44.31594000	-3.29109200
64.59999634	0.00000000	-45.85384000	-9.84867000
64.79999632	0.00000000	-47.43479000	-16.39395000
64.99999631	0.00000000	-49.01575000	-20.99532000
65.19999630	0.00000000	-50.50443000	-22.61934000
65.39999629	0.00000000	-51.24877000	-21.46284000
65.59999628	0.00000000	-50.50443000	-18.01796000
65.79999626	0.00000000	-49.01575000	-13.04749000
65.99999625	0.00000000	-47.43479000	-8.40305000
66.19999624	0.00000000	-45.89690000	-4.82283400
66.39999623	0.00000000	-44.78346000	-2.08538400
66.59999622	0.00000000	-44.78346000	-0.55364170
66.79999620	0.00000000	-45.89690000	-0.51058070
66.99999619	0.00000000	-47.43479000	-1.71013800
67.19999618	0.00000000	-48.97269000	-3.99237200
67.39999617	0.00000000	-50.08612000	-7.09891700
67.59999616	0.00000000	-50.04306000	-9.84867000
67.79999615	0.00000000	-48.50517000	-12.62918000
67.99999613	0.00000000	-45.85384000	-15.32357000
68.19999612	0.00000000	-43.20251000	-17.27362000
68.39999611	0.00000000	-41.66461000	-18.43627000
68.59999610	0.00000000	-41.66461000	-18.35015000
68.79999609	0.00000000	-43.24557000	-16.39395000
68.99999607	0.00000000	-46.32135000	-12.53691000
69.19999606	0.00000000	-50.17839000	-7.93553100
69.39999605	0.00000000	-53.62328000	-3.66633800
69.59999604	0.00000000	-55.94857000	-0.55364170
69.79999603	0.00000000	-56.32381000	0.97810030
69.99999601	0.00000000	-54.74286000	0.60285430
70.19999600	0.00000000	-51.20571000	-1.71013800
70.39999599	0.00000000	-45.85384000	-5.24729300
70.59999598	0.00000000	-40.50196000	-9.89173200
70.79999597	0.00000000	-37.01402000	-14.90526000
70.99999596	0.00000000	-35.80832000	-18.71924000
71.19999594	0.00000000	-37.01402000	-20.66929000
71.39999593	0.00000000	-40.50196000	-19.88189000
71.59999592	0.00000000	-45.89690000	-16.81225000
71.79999591	0.00000000	-51.66707000	-12.21087000
71.99999590	0.00000000	-56.32381000	-7.19734200
72.19999588	0.00000000	-59.01821000	-3.33415300
72.39999587	0.00000000	-59.01821000	-0.97194880
72.59999586	0.00000000	-56.32381000	-0.59670270
72.79999585	0.00000000	-51.71013000	-2.12844500
72.99999584	0.00000000	-46.27214000	-5.19808000
73.19999582	0.00000000	-41.24631000	-9.00590400
73.39999581	0.00000000	-37.38927000	-12.07554000
73.59999580	0.00000000	-35.85138000	-13.65650000
73.79999579	0.00000000	-36.96481000	-13.69956000
73.99999578	0.00000000	-40.04060000	-12.58612000
74.19999577	0.00000000	-44.31594000	-11.09744000
74.39999575	0.00000000	-48.92347000	-9.93479300
74.59999574	0.00000000	-52.82972000	-9.56569900
74.79999573	0.00000000	-55.11196000	-9.89173200
74.99999572	0.00000000	-55.57332000	-10.62992000
75.19999571	0.00000000	-53.99852000	-11.04823000
75.39999569	0.00000000	-51.34104000	-11.42347000
75.59999568	0.00000000	-47.85310000	-11.70029000
75.79999567	0.00000000	-44.78346000	-10.49459000
75.99999566	0.00000000	-42.82726000	-7.89247000
76.19999565	0.00000000	-42.03986000	-5.19808000
76.39999563	0.00000000	-42.78420000	-3.24803100
76.59999562	0.00000000	-44.27288000	-2.12844500
76.79999561	0.00000000	-45.81078000	-2.59596400
76.99999560	0.00000000	-46.96727000	-5.29035400
77.19999559	0.00000000	-47.39173000	-9.51648500
77.39999558	0.00000000	-47.43479000	-14.11786000
77.59999556	0.00000000	-47.43479000	-18.01796000
77.79999555	0.00000000	-47.43479000	-20.30020000
77.99999554	0.00000000	-47.47785000	-20.66929000
78.19999553	0.00000000	-47.90231000	-18.30093000
78.39999552	0.00000000	-49.01575000	-13.69956000
78.59999550	0.00000000	-50.08612000	-7.93553100
78.79999549	0.00000000	-50.08612000	-2.50369100
78.99999548	0.00000000	-48.97269000	1.31028500
79.19999547	0.00000000	-47.43479000	2.87893700
79.39999546	0.00000000	-45.81078000	1.35334600
79.59999544	0.00000000	-43.89763000	-2.08538400
79.79999543	0.00000000	-42.03986000	-6.77903500
79.99999542	0.00000000	-41.66461000	-12.16166000
80.19999541	0.00000000	-42.73499000	-16.76919000
80.39999540	0.00000000	-44.31594000	-19.50664000
80.59999539	0.00000000	-46.32135000	-19.93110000
80.79999537	0.00000000	-49.01575000	-18.39321000
80.99999536	0.00000000	-51.62401000	-15.27436000
81.19999535	0.00000000	-52.78666000	-11.04823000
81.39999534	0.00000000	-52.04232000	-6.82209600
81.59999533	0.00000000	-50.12918000	-3.66633800
81.79999531	0.00000000	-47.43479000	-1.66707700
81.99999530	0.00000000	-44.74040000	-0.51058070
82.19999529	0.00000000	-42.78420000	-0.59670270
82.39999528	0.00000000	-41.62155000	-2.46063000
82.59999527	0.00000000	-41.62155000	-5.56102300
82.79999525	0.00000000	-42.78420000	-8.64296200
82.99999524	0.00000000	-44.69119000	-11.83563000
83.19999523	0.00000000	-47.01648000	-14.49311000
83.39999522	0.00000000	-48.92347000	-16.48622000
83.59999521	0.00000000	-50.08612000	-17.23056000
83.79999520	0.00000000	-50.12918000	-16.85531000
83.99999518	0.00000000	-49.39099000	-15.23130000
84.19999517	0.00000000	-48.59744000	-12.16166000
84.39999516	0.00000000	-47.43479000	-8.31077700
84.59999515	0.00000000	-46.32135000	-4.82283400
84.79999514	0.00000000	-45.89690000	-2.08538400
84.99999512	0.00000000	-45.85384000	-0.55364170
85.19999511	0.00000000	-45.85384000	-0.59670270
85.39999510	0.00000000	-45.85384000	-2.54675200
85.59999509	0.00000000	-45.81078000	-6.40378900
85.79999508	0.00000000	-45.43553000	-11.00517000
85.99999506	0.00000000	-44.74040000	-15.27436000
86.19999505	0.00000000	-44.78346000	-18.39321000
86.39999504	0.00000000	-45.85384000	-19.88189000
86.59999503	0.00000000	-47.01648000	-19.08834000
86.79999502	0.00000000	-47.85310000	-15.64960000
86.99999501	0.00000000	-49.01575000	-11.04823000
87.19999499	0.00000000	-50.08612000	-6.35457700
87.39999498	0.00000000	-50.12918000	-2.12844500
87.59999497	0.00000000	-49.39099000	0.51673230
87.79999496	0.00000000	-48.54823000	0.51673230
87.99999495	0.00000000	-47.01648000	-2.12844500
88.19999493	0.00000000	-45.15871000	-6.35457700
88.39999492	0.00000000	-44.31594000	-11.00517000
88.59999491	0.00000000	-43.89763000	-15.27436000
88.79999490	0.00000000	-43.62082000	-18.30093000
88.99999489	0.00000000	-44.74040000	-19.04527000
89.19999487	0.00000000	-46.59818000	-16.76919000
89.39999486	0.00000000	-47.76698000	-12.53691000
89.59999485	0.00000000	-48.59744000	-7.51722400
89.79999484	0.00000000	-48.97269000	-2.55290300
89.99999483	0.00000000	-48.97269000	0.46751960
90.19999482	0.00000000	-48.54823000	0.51673230
90.39999480	0.00000000	-47.43479000	-2.12844500
90.59999479	0.00000000	-46.27214000	-6.35457700
90.79999478	0.00000000	-45.47859000	-11.00517000
90.99999477	0.00000000	-44.64813000	-15.27436000
91.19999476	0.00000000	-43.98991000	-18.30093000
91.39999474	0.00000000	-43.95300000	-19.00221000
91.59999473	0.00000000	-45.06028000	-16.35089000
91.79999472	0.00000000	-45.76156000	-11.42347000
91.99999471	0.00000000	-45.85384000	-6.40378900
92.19999470	0.00000000	-45.85384000	-2.17765700
92.39999468	0.00000000	-45.85384000	0.14148620
92.59999467	0.00000000	-45.89690000	-0.22145670
92.79999466	0.00000000	-46.27214000	-2.54675200
92.99999465	0.00000000	-47.05954000	-6.82209600
93.19999464	0.00000000	-47.81004000	-12.11860000
93.39999463	0.00000000	-48.59744000	-16.30167000
93.59999461	0.00000000	-48.97269000	-17.92569000
93.79999460	0.00000000	-48.97269000	-17.18750000
93.99999459	0.00000000	-48.50517000	-14.81299000
94.19999458	0.00000000	-46.96727000	-10.58686000
94.39999457	0.00000000	-44.69119000	-5.66560000
94.59999455	0.00000000	-42.78420000	-2.22071800
94.79999454	0.00000000	-41.57849000	-1.01501000
94.99999453	0.00000000	-41.20325000	-2.17765700
95.19999452	0.00000000	-41.62155000	-5.24729300
95.39999451	0.00000000	-43.20251000	-9.43036400
95.59999449	0.00000000	-45.89690000	-13.28125000
95.79999448	0.00000000	-48.97269000	-15.60654000
95.99999447	0.00000000	-51.66707000	-16.39395000
96.19999446	0.00000000	-53.20496000	-15.18824000
96.39999445	0.00000000	-53.20496000	-12.21087000
96.59999444	0.00000000	-51.66707000	-8.72908400
96.79999442	0.00000000	-48.92347000	-6.02854300
96.99999441	0.00000000	-45.43553000	-4.08464600
97.19999440	0.00000000	-41.57849000	-3.70939900
97.39999439	0.00000000	-38.54576000	-4.82283400
97.59999438	0.00000000	-37.38927000	-6.72982200
97.79999436	0.00000000	-38.50270000	-9.05511800
97.99999435	0.00000000	-41.20325000	-10.96211000
98.19999434	0.00000000	-44.69119000	-12.11860000
98.39999433	0.00000000	-48.54823000	-12.11860000
98.59999432	0.00000000	-51.66707000	-11.04823000
98.79999430	0.00000000	-53.62328000	-9.89173200
98.99999429	0.00000000	-54.36761000	-9.09817800
99.19999428	0.00000000	-53.20496000	-8.31077700
99.39999427	0.00000000	-50.50443000	-7.93553100
99.59999426	0.00000000	-47.01648000	-7.89247000
99.79999425	0.00000000	-43.15945000	-7.89247000
99.99999423	0.00000000	-40.08366000	-7.84940900
100.19999422	0.00000000	-38.50270000	-7.47416300
100.39999421	0.00000000	-38.50270000	-6.72982200
100.59999420	0.00000000	-39.99754000	-6.35457700
100.79999419	0.00000000	-42.35974000	-6.35457700
100.99999417	0.00000000	-45.10950000	-6.82209600
101.19999416	0.00000000	-48.59744000	-8.35383800
101.39999415	0.00000000	-51.62401000	-10.58686000
101.59999414	0.00000000	-53.20496000	-12.16166000
101.79999413	0.00000000	-53.20496000	-12.96137000
101.99999411	0.00000000	-51.71013000	-13.32431000
102.19999410	0.00000000	-49.39099000	-12.49385000
102.39999409	0.00000000	-47.05954000	-10.58686000
102.59999408	0.00000000	-44.69119000	-7.89247000
102.79999407	0.00000000	-42.78420000	-5.19808000
102.99999406	0.00000000	-41.62155000	-3.29109200
103.19999404	0.00000000	-41.62155000	-2.54675200
103.39999403	0.00000000	-42.73499000	-3.70939900
103.59999402	0.00000000	-44.27288000	-6.31151500
103.79999401	0.00000000	-45.85384000	-9.05511800
103.99999400	0.00000000	-47.43479000	-11.42347000
104.19999398	0.00000000	-48.97269000	-13.74262000
104.39999397	0.00000000	-50.08612000	-15.23130000
104.59999396	0.00000000	-50.08612000	-15.18824000
104.79999395	0.00000000	-48.97269000	-13.28125000
104.99999394	0.00000000	-47.43479000	-9.89173200
105.19999392	0.00000000	-45.85384000	-6.82209600
105.39999391	0.00000000	-44.36515000	-4.82283400
105.59999390	0.00000000	-43.57775000	-3.66633800
105.79999389	0.00000000	-43.94069000	-3.70939900
105.99999388	0.00000000	-44.64813000	-5.24729300
106.19999387	0.00000000	-45.47859000	-7.89247000
106.39999385	0.00000000	-46.27214000	-10.53765000
106.59999384	0.00000000	-47.39173000	-12.11860000
106.79999383	0.00000000	-48.12992000	-12.53691000
106.99999382	0.00000000	-47.76698000	-12.16166000
107.19999381	0.00000000	-47.01648000	-11.00517000
107.39999379	0.00000000	-45.85384000	-9.47342500
107.59999378	0.00000000	-44.69119000	-7.89247000
107.79999377	0.00000000	-43.94069000	-6.40378900
107.99999376	0.00000000	-43.57775000	-5.66560000
108.19999375	0.00000000	-44.36515000	-6.40378900
108.39999374	0.00000000	-45.81078000	-7.89247000
108.59999372	0.00000000	-47.01648000	-9.47342500
108.79999371	0.00000000	-47.76698000	-11.00517000
108.99999370	0.00000000	-48.17913000	-12.11860000
109.19999369	0.00000000	-47.76698000	-12.11860000
109.39999368	0.00000000	-47.05954000	-11.00517000
109.59999366	0.00000000	-46.22908000	-9.42421200
109.79999365	0.00000000	-45.47859000	-7.51722400
109.99999364	0.00000000	-44.64813000	-5.61638700
110.19999363	0.00000000	-43.94069000	-4.87204700
110.39999362	0.00000000	-43.57775000	-5.19808000
110.59999360	0.00000000	-44.36515000	-6.36072800
110.79999359	0.00000000	-45.76156000	-7.89247000
110.99999358	0.00000000	-46.64124000	-9.47342500
111.19999357	0.00000000	-47.02263000	-11.00517000
111.39999356	0.00000000	-47.80388000	-12.11860000
111.59999355	0.00000000	-47.71776000	-12.16166000
111.79999353	0.00000000	-47.05954000	-11.42347000
111.99999352	0.00000000	-46.27214000	-10.62992000
112.19999351	0.00000000	-45.85384000	-9.47342500
112.39999350	0.00000000	-45.43553000	-8.35998900
112.59999349	0.00000000	-44.69119000	-7.93553100
112.79999347	0.00000000	-44.36515000	-7.89247000
112.99999346	0.00000000	-44.69119000	-7.89247000
113.19999345	0.00000000	-45.43553000	-7.89247000
113.39999344	0.00000000	-45.81078000	-7.93553100
113.59999343	0.00000000	-45.85384000	-8.31077700
113.79999341	0.00000000	-45.85384000	-9.05511800
113.99999340	0.00000000	-45.85384000	-9.43036400
114.19999339	0.00000000	-45.85384000	-9.47342500
114.39999338	0.00000000	-45.85384000	-9.47342500
114.59999337	0.00000000	-45.85384000	-9.47342500
114.79999336	0.00000000	-45.85384000	-9.51648500
114.99999334	0.00000000	-45.85384000	-9.89173200
115.19999333	0.00000000	-45.85384000	-10.58686000
115.39999332	0.00000000	-45.85384000	-10.58686000
115.59999331	0.00000000	-45.85384000	-9.89173200
115.79999330	0.00000000	-45.85384000	-9.47342500
115.99999328	0.00000000	-45.85384000	-9.05511800
116.19999327	0.00000000	-45.89690000	-8.26771600
116.39999326	0.00000000	-46.22908000	-7.51722400
116.59999325	0.00000000	-46.59818000	-6.77903500
116.79999324	0.00000000	-46.22908000	-6.77903500
116.99999322	0.00000000	-45.89690000	-7.47416300
117.19999321	0.00000000	-45.85384000	-7.89247000
117.39999320	0.00000000	-45.81078000	-8.35998900
117.59999319	0.00000000	-45.43553000	-9.47342500
117.79999318	0.00000000	-44.69119000	-10.58686000
117.99999317	0.00000000	-44.31594000	-11.00517000
118.19999315	0.00000000	-44.27288000	-11.00517000
118.39999314	0.00000000	-44.31594000	-10.62992000
118.59999313	0.00000000	-44.74040000	-9.84867000
118.79999312	0.00000000	-45.85384000	-9.09817800
118.99999311	0.00000000	-47.01648000	-8.26771600
119.19999309	0.00000000	-47.76698000	-7.51722400
119.39999308	0.00000000	-48.17913000	-6.72982200
119.59999307	0.00000000	-47.81004000	-6.40378900
119.79999306	0.00000000	-47.43479000	-6.72982200
119.99999305	0.00000000	-46.96727000	-7.47416300
120.19999303	0.00000000	-45.81078000	-7.89247000
120.39999302	0.00000000	-44.31594000	-8.31077700
120.59999301	0.00000000	-43.15945000	-9.05511800
120.79999300	0.00000000	-42.78420000	-9.43036400
120.99999299	0.00000000	-43.11023000	-9.47342500
121.19999298	0.00000000	-43.89763000	-9.47342500
121.39999296	0.00000000	-44.69119000	-9.47342500
121.59999295	0.00000000	-45.85384000	-9.47342500
121.79999294	0.00000000	-47.01648000	-9.47342500
121.99999293	0.00000000	-47.81004000	-9.43036400
122.19999292	0.00000000	-48.54823000	-9.05511800
122.39999290	0.00000000	-48.54823000	-8.31077700
122.59999289	0.00000000	-47.81004000	-7.89247000
122.79999288	0.00000000	-47.01648000	-7.51722400
122.99999287	0.00000000	-45.81078000	-7.14812900
123.19999286	0.00000000	-44.31594000	-7.51722400
123.39999284	0.00000000	-43.15945000	-7.89247000
123.59999283	0.00000000	-42.78420000	-8.31077700
123.79999282	0.00000000	-43.11023000	-9.05511800
123.99999281	0.00000000	-43.85457000	-9.43036400
124.19999280	0.00000000	-44.27288000	-9.47342500
124.39999279	0.00000000	-44.69119000	-9.47342500
124.59999277	0.00000000	-45.47859000	-9.47342500
124.79999276	0.00000000	-46.22908000	-9.47342500
124.99999275	0.00000000	-47.01648000	-9.43036400
125.19999274	0.00000000	-47.39173000	-9.05511800
125.39999273	0.00000000	-47.43479000	-8.31077700
125.59999271	0.00000000	-47.39173000	-7.93553100
125.79999270	0.00000000	-46.96727000	-7.89247000
125.99999269	0.00000000	-45.81078000	-7.89247000
126.19999268	0.00000000	-44.31594000	-7.89247000
126.39999267	0.00000000	-43.15945000	-7.89247000
126.59999265	0.00000000	-42.73499000	-7.89247000
126.79999264	0.00000000	-42.73499000	-7.93553100
126.99999263	0.00000000	-43.15945000	-8.31077700
127.19999262	0.00000000	-44.31594000	-9.05511800
127.39999261	0.00000000	-45.81078000	-9.43036400
127.59999260	0.00000000	-46.96727000	-9.47342500
127.79999258	0.00000000	-47.39173000	-9.43036400
127.99999257	0.00000000	-47.39173000	-9.09817800
128.19999256	0.00000000	-47.01648000	-8.68602300
128.39999255	0.00000000	-46.22908000	-8.67987200
128.59999254	0.00000000	-45.47859000	-8.26771600
128.79999252	0.00000000	-44.64813000	-7.93553100
128.99999251	0.00000000	-43.89763000	-7.89247000
129.19999250	0.00000000	-43.11023000	-7.93553100
129.39999249	0.00000000	-42.78420000	-8.31077700
129.59999248	0.00000000	-43.15945000	-9.05511800
129.79999246	0.00000000	-44.31594000	-9.43036400
129.99999245	0.00000000	-45.81078000	-9.47342500
130.19999244	0.00000000	-46.96727000	-9.43036400
130.39999243	0.00000000	-47.39173000	-9.05511800
130.59999242	0.00000000	-47.39173000	-8.31077700
130.79999241	0.00000000	-47.01648000	-7.93553100
130.99999239	0.00000000	-46.22908000	-7.89247000
131.19999238	0.00000000	-45.47859000	-7.89247000
131.39999237	0.00000000	-44.69119000	-7.89247000
131.59999236	0.00000000	-44.31594000	-7.93553100
131.79999235	0.00000000	-44.27288000	-8.31077700
131.99999233	0.00000000	-44.31594000	-9.05511800
132.19999232	0.00000000	-44.69119000	-9.47342500
132.39999231	0.00000000	-45.43553000	-9.89173200
132.59999230	0.00000000	-45.81078000	-10.58686000
132.79999229	0.00000000	-45.85384000	-10.53765000
132.99999227	0.00000000	-45.85384000	-9.47342500
133.19999226	0.00000000	-45.85384000	-8.35998900
133.39999225	0.00000000	-45.85384000	-7.89247000
133.59999224	0.00000000	-45.81078000	-7.47416300
133.79999223	0.00000000	-45.47859000	-6.77903500
133.99999222	0.00000000	-45.06644000	-6.72982200
134.19999220	0.00000000	-45.10334000	-7.09891700
134.39999219	0.00000000	-45.06644000	-7.14812900
134.59999218	0.00000000	-45.43553000	-7.93553100
134.79999217	0.00000000	-45.38631000	-9.05511800
134.99999216	0.00000000	-44.69119000	-9.79945900
135.19999214	0.00000000	-44.31594000	-10.21161000
135.39999213	0.00000000	-44.27288000	-9.84867000
135.59999212	0.00000000	-44.27288000	-9.51648500
135.79999211	0.00000000	-44.31594000	-9.43036400
135.99999210	0.00000000	-44.69119000	-9.05511800
136.19999208	0.00000000	-45.43553000	-8.26771600
136.39999207	0.00000000	-45.81078000	-7.56028500
136.59999206	0.00000000	-45.85384000	-7.14812900
136.79999205	0.00000000	-45.85384000	-7.51722400
136.99999204	0.00000000	-45.85384000	-7.89247000
137.19999203	0.00000000	-45.81078000	-8.31077700
137.39999201	0.00000000	-45.43553000	-9.05511800
137.59999200	0.00000000	-44.69119000	-9.43036400
137.79999199	0.00000000	-44.31594000	-9.47342500
137.99999198	0.00000000	-44.27288000	-9.51648500
138.19999197	0.00000000	-44.27288000	-9.84867000
138.39999195	0.00000000	-44.31594000	-10.21161000
138.59999194	0.00000000	-44.69119000	-9.84867000
138.79999193	0.00000000	-45.47859000	-9.47342500
138.99999192	0.00000000	-46.18602000	-9.00590400
139.19999191	0.00000000	-46.59818000	-7.89247000
139.39999189	0.00000000	-46.22908000	-6.77903500
139.59999188	0.00000000	-45.85384000	-6.40378900
139.79999187	0.00000000	-45.43553000	-6.72982200
139.99999186	0.00000000	-44.69119000	-7.47416300
140.19999185	0.00000000	-44.31594000	-7.89247000
140.39999184	0.00000000	-44.27288000	-8.31077700
140.59999182	0.00000000	-44.27288000	-9.05511800
140.79999181	0.00000000	-44.31594000	-9.47342500
140.99999180	0.00000000	-44.69119000	-9.89173200
141.19999179	0.00000000	-45.43553000	-10.58686000
141.39999178	0.00000000	-45.81078000	-10.58686000
141.59999176	0.00000000	-45.85384000	-9.84867000
141.79999175	0.00000000	-45.81078000	-9.05511800
141.99999174	0.00000000	-45.43553000	-7.89247000
142.19999173	0.00000000	-44.69119000	-6.77903500
142.39999172	0.00000000	-44.31594000	-6.35457700
142.59999170	0.00000000	-44.27288000	-6.35457700
142.79999169	0.00000000	-44.31594000	-6.77903500
142.99999168	0.00000000	-44.64813000	-7.89247000
143.19999167	0.00000000	-45.06028000	-9.00590400
143.39999166	0.00000000	-45.06644000	-9.47342500
143.59999165	0.00000000	-45.47859000	-9.89173200
143.79999163	0.00000000	-45.81078000	-10.58686000
143.99999162	0.00000000	-45.85384000	-10.58686000
144.19999161	0.00000000	-45.81078000	-9.84867000
144.39999160	0.00000000	-45.43553000	-9.09817800
144.59999159	0.00000000	-44.69119000	-8.26771600
144.79999157	0.00000000	-44.31594000	-7.51722400
144.99999156	0.00000000	-44.27288000	-6.77903500
145.19999155	0.00000000	-44.31594000	-6.77903500
145.39999154	0.00000000	-44.69119000	-7.47416300
145.59999153	0.00000000	-45.43553000	-7.89247000
145.79999151	0.00000000	-45.81078000	-8.31077700
145.99999150	0.00000000	-45.85384000	-9.05511800
146.19999149	0.00000000	-45.85384000	-9.43036400
146.39999148	0.00000000	-45.81078000	-9.47342500
146.59999147	0.00000000	-45.43553000	-9.47342500
146.79999146	0.00000000	-44.69119000	-9.43036400
146.99999144	0.00000000	-44.31594000	-9.05511800
147.19999143	0.00000000	-44.27288000	-8.31077700
147.39999142	0.00000000	-44.27288000	-7.93553100
147.59999141	0.00000000	-44.27288000	-7.89247000
147.79999140	0.00000000	-44.31594000	-7.89247000
147.99999138	0.00000000	-44.69119000	-7.89247000
148.19999137	0.00000000	-45.43553000	-7.89247000
148.39999136	0.00000000	-45.81078000	-7.89247000
148.59999135	0.00000000	-45.85384000	-7.89247000
148.79999134	0.00000000	-45.81078000	-7.93553100
148.99999132	0.00000000	-45.43553000	-8.31077700
149.19999131	0.00000000	-44.69119000	-9.00590400
149.39999130	0.00000000	-44.31594000	-9.05511800
149.59999129	0.00000000	-44.27288000	-8.72908400
149.79999128	0.00000000	-44.27288000	-9.05511800
149.99999127	0.00000000	-44.27288000	-9.00590400
150.19999125	0.00000000	-44.27288000	-8.31077700
150.39999124	0.00000000	-44.27288000	-7.93553100
150.59999123	0.00000000	-44.27288000	-7.89247000
150.79999122	0.00000000	-44.27288000	-7.89247000
150.99999121	0.00000000	-44.31594000	-7.89247000
151.19999119	0.00000000	-44.69119000	-7.89247000
151.39999118	0.00000000	-45.43553000	-7.93553100
151.59999117	0.00000000	-45.81078000	-8.26771600
151.79999116	0.00000000	-45.81078000	-8.67987200
151.99999115	0.00000000	-45.43553000	-8.68602300
152.19999113	0.00000000	-44.69119000	-9.05511800
152.39999112	0.00000000	-44.31594000	-9.05511800
152.59999111	0.00000000	-44.27288000	-8.72908400
152.79999110	0.00000000	-44.27288000	-9.05511800
152.99999109	0.00000000	-44.27288000	-9.00590400
153.19999108	0.00000000	-44.27288000	-8.31077700
153.39999106	0.00000000	-44.27288000	-7.93553100
153.59999105	0.00000000	-44.31594000	-7.89247000
153.79999104	0.00000000	-44.69119000	-7.89247000
153.99999103	0.00000000	-45.43553000	-7.89247000
154.19999102	0.00000000	-45.81078000	-7.89247000
154.39999100	0.00000000	-45.85384000	-7.89247000
154.59999099	0.00000000	-45.85384000	-7.89247000
154.79999098	0.00000000	-45.81078000	-7.93553100
154.99999097	0.00000000	-45.43553000	-8.26771600
155.19999096	0.00000000	-44.69119000	-8.67987200
155.39999094	0.00000000	-44.31594000	-8.68602300
155.59999093	0.00000000	-44.22982000	-9.05511800
155.79999092	0.00000000	-43.89763000	-9.05511800
155.99999091	0.00000000	-43.52854000	-8.68602300
156.19999090	0.00000000	-43.89763000	-8.67987200
156.39999089	0.00000000	-44.22982000	-8.26771600
156.59999087	0.00000000	-44.31594000	-7.93553100
156.79999086	0.00000000	-44.69119000	-7.84940900
156.99999085	0.00000000	-45.43553000	-7.51722400
157.19999084	0.00000000	-45.81078000	-7.14812900
157.39999083	0.00000000	-45.85384000	-7.51722400
157.59999081	0.00000000	-45.81078000	-7.84940900
157.79999080	0.00000000	-45.43553000	-7.89247000
157.99999079	0.00000000	-44.69119000	-7.93553100
158.19999078	0.00000000	-44.31594000	-8.31077700
158.39999077	0.00000000	-44.27288000	-9.05511800
158.59999075	0.00000000	-44.27288000	-9.43036400
158.79999074	0.00000000	-44.27288000	-9.43036400
158.99999073	0.00000000	-44.27288000	-9.05511800
159.19999072	0.00000000	-44.27288000	-8.31077700
159.39999071	0.00000000	-44.27288000	-7.93553100
159.59999070	0.00000000	-44.27288000	-7.84940900
159.79999068	0.00000000	-44.31594000	-7.51722400
159.99999067	0.00000000	-44.64813000	-7.14812900
160.19999066	0.00000000	-45.06028000	-7.51722400
160.39999065	0.00000000	-45.06644000	-7.84940900
160.59999064	0.00000000	-45.43553000	-7.89247000
160.79999062	0.00000000	-45.38631000	-7.93553100
160.99999061	0.00000000	-44.69119000	-8.31077700
161.19999060	0.00000000	-44.31594000	-9.05511800
161.39999059	0.00000000	-44.27288000	-9.38115100
161.59999058	0.00000000	-44.27288000	-9.05511800
161.79999056	0.00000000	-44.27288000	-8.31077700
161.99999055	0.00000000	-44.27288000	-7.93553100
162.19999054	0.00000000	-44.27288000	-7.89247000
162.39999053	0.00000000	-44.27288000	-7.89247000
162.59999052	0.00000000	-44.27288000	-7.89247000
162.79999051	0.00000000	-44.27288000	-7.89247000
162.99999049	0.00000000	-44.27288000	-7.89247000
163.19999048	0.00000000	-44.31594000	-7.89247000
163.39999047	0.00000000	-44.69119000	-7.89247000
163.59999046	0.00000000	-45.43553000	-7.89247000
163.79999045	0.00000000	-45.76156000	-7.89247000
163.99999043	0.00000000	-45.43553000	-7.89247000
164.19999042	0.00000000	-44.69119000	-7.89247000
164.39999041	0.00000000	-44.31594000	-7.89247000
164.59999040	0.00000000	-44.27288000	-7.89247000
164.79999039	0.00000000	-44.27288000	-7.89247000
164.99999037	0.00000000	-44.27288000	-7.89247000
165.19999036	0.00000000	-44.27288000	-7.89247000
165.39999035	0.00000000	-44.27288000	-7.89247000
165.59999034	0.00000000	-44.27288000	-7.89247000
165.79999033	0.00000000	-44.27288000	-7.89247000
165.99999032	0.00000000	-44.27288000	-7.89247000
166.19999030	0.00000000	-44.27288000	-7.89247000
166.39999029	0.00000000	-44.31594000	-7.89247000
166.59999028	0.00000000	-44.64813000	-7.89247000
166.79999027	0.00000000	-45.06028000	-7.93553100
166.99999026	0.00000000	-45.02337000	-8.26771600
167.19999024	0.00000000	-45.06028000	-8.63681000
167.39999023	0.00000000	-44.64813000	-8.26771600
167.59999022	0.00000000	-44.31594000	-7.93553100
167.79999021	0.00000000	-44.22982000	-7.89247000
167.99999020	0.00000000	-43.89763000	-7.89247000
168.19999018	0.00000000	-43.52854000	-7.89247000
168.39999017	0.00000000	-43.89763000	-7.89247000
168.59999016	0.00000000	-44.22982000	-7.89247000
168.79999015	0.00000000	-44.27288000	-7.89247000
168.99999014	0.00000000	-44.27288000	-7.89247000
169.19999013	0.00000000	-44.27288000	-7.89247000
169.39999011	0.00000000	-44.27288000	-7.89247000
169.59999010	0.00000000	-44.27288000	-7.89247000
169.79999009	0.00000000	-44.27288000	-7.89247000
169.99999008	0.00000000	-44.22982000	-7.89247000
170.19999007	0.00000000	-43.89763000	-7.89247000
170.39999005	0.00000000	-43.52854000	-7.89247000
170.59999004	0.00000000	-43.85457000	-7.89247000
170.79999003	0.00000000	-43.85457000	-7.89247000
170.99999002	0.00000000	-43.52854000	-7.89247000
171.19999001	0.00000000	-43.89763000	-7.89247000
171.39998999	0.00000000	-44.22982000	-7.89247000
171.59998998	0.00000000	-44.27288000	-7.89247000
171.79998997	0.00000000	-44.27288000	-7.89247000
171.99998996	0.00000000	-44.27288000	-7.89247000
172.19998995	0.00000000	-44.27288000	-7.89247000
172.39998994	0.00000000	-44.27288000	-7.89247000
172.59998992	0.00000000	-44.27288000	-7.89247000
172.79998991	0.00000000	-44.27288000	-7.89247000
172.99998990	0.00000000	-44.27288000	-7.89247000
173.19998989	0.00000000	-44.27288000	-7.89247000
173.39998988	0.00000000	-44.27288000	-7.89247000
173.59998986	0.00000000	-44.27288000	-7.89247000
173.79998985	0.00000000	-44.27288000	-7.89247000
173.99998984	0.00000000	-44.27288000	-7.89247000
174.19998983	0.00000000	-44.27288000	-7.89247000
174.39998982	0.00000000	-44.27288000	-7.89247000
174.59998980	0.00000000	-44.27288000	-7.89247000
174.79998979	0.00000000	-44.27288000	-7.89247000
174.99998978	0.00000000	-44.31594000	-7.89247000
175.19998977	0.00000000	-44.60506000	-7.89247000
175.39998976	0.00000000	-44.64198000	-7.89247000
175.59998975	0.00000000	-43.90379000	-7.89247000
175.79998973	0.00000000	-43.94069000	-7.89247000
175.99998972	0.00000000	-44.22982000	-7.89247000
176.19998971	0.00000000	-44.27288000	-7.89247000
176.39998970	0.00000000	-44.27288000	-7.89247000
176.59998969	0.00000000	-44.27288000	-7.89247000
176.79998967	0.00000000	-44.27288000	-7.89247000
176.99998966	0.00000000	-44.27288000	-7.89247000
177.19998965	0.00000000	-44.27288000	-7.89247000
177.39998964	0.00000000	-44.27288000	-7.89247000
177.59998963	0.00000000	-44.27288000	-7.89247000
177.79998961	0.00000000	-44.27288000	-7.89247000
177.99998960	0.00000000	-44.27288000	-7.89247000
178.19998959	0.00000000	-44.27288000	-7.89247000
178.39998958	0.00000000	-44.27288000	-7.89247000
178.59998957	0.00000000	-44.27288000	-7.89247000
178.79998956	0.00000000	-44.27288000	-7.89247000
178.99998954	0.00000000	-44.27288000	-7.89247000
179.19998953	0.00000000	-44.27288000	-7.89247000
179.39998952	0.00000000	-44.27288000	-7.89247000
179.59998951	0.00000000	-44.27288000	-7.89247000
179.79998950	0.00000000	-44.27288000	-7.89247000
179.99998948	0.00000000	-44.27288000	-7.89247000
180.19998947	0.00000000	-44.27288000	-7.93553100
180.39998946	0.00000000	-44.27288000	-8.26771600
180.59998945	0.00000000	-44.27288000	-8.63681000
180.79998944	0.00000000	-44.27288000	-8.26771600
180.99998942	0.00000000	-44.27288000	-7.93553100
181.19998941	0.00000000	-44.27288000	-7.89247000
181.39998940	0.00000000	-44.27288000	-7.89247000
181.59998939	0.00000000	-44.27288000	-7.89247000
181.79998938	0.00000000	-44.27288000	-7.89247000
181.99998937	0.00000000	-44.27288000	-7.89247000
182.19998935	0.00000000	-44.27288000	-7.89247000
182.39998934	0.00000000	-44.22982000	-7.89247000
182.59998933	0.00000000	-43.89763000	-7.89247000
182.79998932	0.00000000	-43.48548000	-7.89247000
182.99998931	0.00000000	-43.52239000	-7.89247000
183.19998929	0.00000000	-43.48548000	-7.89247000
183.39998928	0.00000000	-43.85457000	-7.89247000
183.59998927	0.00000000	-43.85457000	-7.89247000
183.79998926	0.00000000	-43.52854000	-7.89247000
183.99998925	0.00000000	-43.89763000	-7.89247000
184.19998923	0.00000000	-44.18061000	-7.84940900
184.39998922	0.00000000	-43.89763000	-7.47416300
184.59998921	0.00000000	-43.52854000	-6.72982200
184.79998920	0.00000000	-43.89763000	-6.35457700
184.99998919	0.00000000	-44.22982000	-6.31151500
185.19998918	0.00000000	-44.22982000	-6.35457700
185.39998916	0.00000000	-43.89763000	-6.72982200
185.59998915	0.00000000	-43.52854000	-7.51722400
185.79998914	0.00000000	-43.85457000	-8.26771600
185.99998913	0.00000000	-43.85457000	-9.05511800
186.19998912	0.00000000	-43.52854000	-9.38115100
186.39998910	0.00000000	-43.89763000	-9.09817800
186.59998909	0.00000000	-44.22982000	-8.68602300
186.79998908	0.00000000	-44.27288000	-8.67987200
186.99998907	0.00000000	-44.27288000	-8.26771600
187.19998906	0.00000000	-44.27288000	-7.93553100
187.39998904	0.00000000	-44.27288000	-7.84940900
187.59998903	0.00000000	-44.27288000	-7.51722400
187.79998902	0.00000000	-44.27288000	-7.14812900
187.99998901	0.00000000	-44.27288000	-7.51722400
188.19998900	0.00000000	-44.27288000	-7.84940900
188.39998899	0.00000000	-44.22982000	-7.89247000
188.59998897	0.00000000	-43.85457000	-7.89247000
188.79998896	0.00000000	-43.11023000	-7.89247000
188.99998895	0.00000000	-42.73499000	-7.89247000
189.19998894	0.00000000	-42.69193000	-7.89247000
189.39998893	0.00000000	-42.69193000	-7.89247000
189.59998891	0.00000000	-42.73499000	-7.89247000
189.79998890	0.00000000	-43.11023000	-7.89247000
189.99998889	0.00000000	-43.85457000	-7.89247000
190.19998888	0.00000000	-44.22982000	-7.89247000
190.39998887	0.00000000	-44.27288000	-7.84940900
190.59998885	0.00000000	-44.27288000	-7.51722400
190.79998884	0.00000000	-44.27288000	-7.14812900
190.99998883	0.00000000	-44.22982000	-7.51722400
191.19998882	0.00000000	-43.85457000	-7.84940900
191.39998881	0.00000000	-43.11023000	-7.89247000
191.59998880	0.00000000	-42.73499000	-7.89247000
191.79998878	0.00000000	-42.69193000	-7.89247000
191.99998877	0.00000000	-42.69193000	-7.89247000
192.19998876	0.00000000	-42.69193000	-7.89247000
192.39998875	0.00000000	-42.69193000	-7.89247000
192.59998874	0.00000000	-42.73499000	-7.89247000
192.79998872	0.00000000	-43.11023000	-7.89247000
192.99998871	0.00000000	-43.85457000	-7.89247000
193.19998870	0.00000000	-44.22982000	-7.89247000
193.39998869	0.00000000	-44.27288000	-7.89247000
193.59998868	0.00000000	-44.27288000	-7.89247000
193.79998866	0.00000000	-44.22982000	-7.89247000
193.99998865	0.00000000	-43.85457000	-7.89247000
194.19998864	0.00000000	-43.11023000	-7.89247000
194.39998863	0.00000000	-42.73499000	-7.89247000
194.59998862	0.00000000	-42.69193000	-7.89247000
194.79998861	0.00000000	-42.69193000	-7.89247000
194.99998859	0.00000000	-42.69193000	-7.89247000
195.19998858	0.00000000	-42.73499000	-7.89247000
195.39998857	0.00000000	-43.11023000	-7.89247000
195.59998856	0.00000000	-43.85457000	-7.89247000
195.79998855	0.00000000	-44.22982000	-7.89247000
195.99998853	0.00000000	-44.27288000	-7.89247000
