Time	Channel A	Channel B	Channel C
(us)	(V)	(mV)	(mV)

-4.59999956	0.00000000	-28.41412000	-1.57480300
-4.39999957	0.00000000	-28.08194000	-1.57480300
-4.19999958	0.00000000	-27.71284000	-1.57480300
-3.99999959	0.00000000	-28.03888000	-1.57480300
-3.79999960	0.00000000	-27.98966000	-1.57480300
-3.59999962	0.00000000	-27.34375000	-1.57480300
-3.39999963	0.00000000	-27.34375000	-1.57480300
-3.19999964	0.00000000	-28.03888000	-1.57480300
-2.99999965	0.00000000	-28.41412000	-1.57480300
-2.79999966	0.00000000	-28.45718000	-1.57480300
-2.59999968	0.00000000	-28.45718000	-1.57480300
-2.39999969	0.00000000	-28.41412000	-1.57480300
-2.19999970	0.00000000	-28.08194000	-1.57480300
-1.99999971	0.00000000	-27.71284000	-1.57480300
-1.79999972	0.00000000	-28.03888000	-1.57480300
-1.59999973	0.00000000	-28.03888000	-1.57480300
-1.39999975	0.00000000	-27.71284000	-1.57480300
-1.19999976	0.00000000	-28.03888000	-1.57480300
-0.99999977	0.00000000	-27.98966000	-1.57480300
-0.79999978	0.00000000	-27.29453000	-1.57480300
-0.59999979	0.00000000	-26.91929000	-1.57480300
-0.39999981	0.15871060	-26.87623000	-1.57480300
-0.19999982	0.47736220	-26.87623000	-1.57480300
0.00000017	0.79601380	-26.87623000	-1.57480300
0.20000016	0.95533960	-26.87623000	-1.57480300
0.40000015	1.11466500	-26.91929000	-1.57480300
0.60000013	0.63668800	-27.25147000	-1.57480300
0.80000012	0.00000000	-27.66363000	-1.57480300
1.00000011	-0.95533960	-27.66978000	-1.57480300
1.20000010	-1.91129400	-28.08194000	-1.57480300
1.40000009	-2.54859700	-28.36491000	-1.57480300
1.60000008	-2.70792300	-28.08194000	-1.57480300
1.80000006	-2.07062000	-27.66978000	-1.57480300
2.00000005	-0.47736220	-27.66363000	-1.57480300
2.20000004	1.43331700	-27.25147000	-1.57480300
2.40000003	3.50393700	-26.96850000	-1.57480300
2.60000002	4.93786900	-27.29453000	-1.61786400
2.80000000	5.25652100	-28.03888000	-1.99311000
2.99999999	4.14124000	-28.41412000	-2.73745100
3.19999998	1.75196900	-28.45718000	-3.11269700
3.39999997	-1.59264300	-28.45718000	-3.11269700
3.59999996	-4.77854300	-28.45718000	-2.73745100
3.79999994	-7.32714100	-28.41412000	-1.99311000
3.99999993	-7.96444400	-28.03888000	-1.57480300
4.19999992	-6.69045300	-27.34375000	-1.15649600
4.39999991	-3.50393700	-27.29453000	-0.46136810
4.59999990	0.79601380	-27.66363000	-0.46136810
4.79999989	5.09719500	-27.66978000	-1.15649600
4.99999987	8.28309500	-28.08194000	-1.57480300
5.19999986	9.55770200	-28.41412000	-1.99311000
5.39999985	8.28309500	-28.45718000	-2.73745100
5.59999984	4.93786900	-28.41412000	-3.11269700
5.79999983	0.31803640	-28.08194000	-3.11269700
5.99999981	-4.30056600	-27.71284000	-2.73745100
6.19999980	-7.96444400	-28.08194000	-1.99311000
6.39999979	-9.39837600	-28.41412000	-1.57480300
6.59999978	-8.60174700	-28.41412000	-1.19955700
6.79999977	-5.73449800	-28.03888000	-0.83661410
6.99999975	-1.43331700	-27.34375000	-1.19955700
7.19999974	2.70792300	-27.34375000	-1.53174200
7.39999973	6.05315000	-28.03888000	-1.61786400
7.59999972	7.64579200	-28.36491000	-1.95004900
7.79999971	7.32714100	-28.03888000	-2.31914400
7.99999970	5.09719500	-27.29453000	-1.95004900
8.19999968	2.07062000	-26.91929000	-1.61786400
8.39999967	-1.11466500	-26.91929000	-1.57480300
8.59999966	-3.82258900	-27.29453000	-1.57480300
8.79999965	-5.09719500	-27.98966000	-1.57480300
8.99999964	-4.93786900	-27.98966000	-1.57480300
9.19999962	-3.66326300	-27.29453000	-1.57480300
9.39999961	-1.91129400	-26.91929000	-1.57480300
9.59999960	0.15871060	-26.91929000	-1.57480300
9.79999959	1.59264300	-27.25147000	-1.57480300
9.99999958	2.38927200	-27.62057000	-1.57480300
10.19999956	2.54859700	-27.25147000	-1.57480300
10.39999955	1.91129400	-26.96850000	-1.57480300
10.59999954	1.11466500	-27.29453000	-1.57480300
10.79999953	0.15871060	-27.98966000	-1.57480300
10.99999952	-0.47736220	-27.98966000	-1.57480300
11.19999951	-0.79601380	-27.29453000	-1.57480300
11.39999949	-0.95533960	-26.91929000	-1.57480300
11.59999948	-0.79601380	-26.87623000	-1.57480300
11.79999947	-0.63668800	-26.87623000	-1.57480300
11.99999946	-0.31803640	-26.87623000	-1.57480300
12.19999945	-0.15871060	-26.87623000	-1.57480300
12.39999943	-0.15871060	-26.87623000	-1.57480300
12.59999942	-0.15871060	-26.87623000	-1.57480300
12.79999941	0.00000000	-26.91929000	-1.57480300
12.99999940	0.00000000	-27.25147000	-1.57480300
13.19999939	0.15871060	-27.62057000	-1.57480300
13.39999937	0.00000000	-27.29453000	-1.57480300
13.59999936	0.00000000	-27.29453000	-1.57480300
13.79999935	0.00000000	-27.62057000	-1.57480300
13.99999934	0.00000000	-27.25147000	-1.57480300
14.19999933	-0.15871060	-26.91929000	-1.57480300
14.39999932	-0.15871060	-26.87623000	-1.57480300
14.59999930	-0.15871060	-26.87623000	-1.57480300
14.79999929	0.00000000	-26.91929000	-1.57480300
14.99999928	0.00000000	-27.25147000	-1.57480300
15.19999927	0.00000000	-27.62057000	-1.57480300
15.39999926	0.00000000	-27.25147000	-1.57480300
15.59999924	0.00000000	-26.96850000	-1.57480300
15.79999923	0.00000000	-27.29453000	-1.57480300
15.99999922	0.00000000	-27.98966000	-1.57480300
16.19999921	0.00000000	-28.03888000	-1.57480300
16.39999920	0.00000000	-27.66978000	-1.57480300
16.59999919	-0.15871060	-27.66363000	-1.57480300
16.79999917	0.00000000	-27.20841000	-1.57480300
16.99999916	0.00000000	-26.50098000	-1.57480300
17.19999915	0.00000000	-25.71358000	-1.57480300
17.39999914	0.00000000	-25.33834000	-1.57480300
17.59999913	0.00000000	-25.33834000	-1.57480300
17.79999911	0.00000000	-25.71358000	-1.57480300
17.99999910	0.00000000	-26.50098000	-1.57480300
18.19999909	0.00000000	-27.29453000	-1.57480300
18.39999908	0.00000000	-28.50024000	-1.57480300
18.59999907	0.00000000	-30.03814000	-1.57480300
18.79999905	0.00000000	-31.52682000	-1.57480300
18.99999904	0.00000000	-32.31422000	-1.57480300
19.19999903	0.00000000	-31.85900000	-1.57480300
19.39999902	0.00000000	-30.27190000	-1.57480300
19.59999901	0.00000000	-26.78395000	-1.57480300
19.79999900	0.00000000	-22.60088000	-1.57480300
19.99999898	0.00000000	-19.06373000	-1.57480300
20.19999897	0.00000000	-16.40625000	-1.57480300
20.39999896	0.00000000	-15.71112000	-1.57480300
20.59999895	0.00000000	-18.03642000	-1.57480300
20.79999894	0.00000000	-22.73007000	-1.57480300
20.99999892	0.00000000	-29.34301000	-1.57480300
21.19999891	0.00000000	-37.06324000	-1.57480300
21.39999890	0.00000000	-43.58390000	-1.57480300
21.59999889	0.00000000	-47.44094000	-1.57480300
21.79999888	0.00000000	-47.30561000	-1.57480300
21.99999886	0.00000000	-42.23056000	-1.61786400
22.19999885	0.00000000	-32.51107000	-1.95004900
22.39999884	0.00000000	-20.17716000	-2.31914400
22.59999883	0.00000000	-7.80634800	-1.95004900
22.79999882	0.00000000	1.36565000	-1.61786400
22.99999881	0.00000000	4.80437900	-1.53174200
23.19999879	0.00000000	0.80585630	-1.15649600
23.39999878	0.00000000	-10.40846000	-0.41830710
23.59999877	0.00000000	-27.05462000	-0.04306102
23.79999876	0.00000000	-45.16486000	0.00000000
23.99999875	0.00000000	-60.60531000	0.00000000
24.19999873	0.00000000	-69.40821000	-0.04306102
24.39999872	0.00000000	-68.94070000	-0.46136810
24.59999871	0.00000000	-58.47071000	-1.62401600
24.79999870	0.00000000	-39.91141000	-3.15575800
24.99999869	0.00000000	-17.52584000	-4.73671200
25.19999867	0.00000000	3.72785400	-6.22539300
25.39999866	0.00000000	18.71924000	-6.96358300
25.59999865	0.00000000	23.68971000	-6.17618100
25.79999864	0.00000000	16.71383000	-4.26919300
25.99999863	0.00000000	-0.63976370	-1.48868100
26.19999862	0.00000000	-24.22490000	1.99311000
26.39999860	0.00000000	-48.93578000	5.85014700
26.59999859	0.00000000	-68.98991000	8.87057000
26.79999858	0.00000000	-79.41068000	9.99015700
26.99999857	0.00000000	-77.92199000	8.40920300
27.19999856	0.00000000	-65.17593000	4.09694900
27.39999854	0.00000000	-44.27903000	-2.46063000
27.59999853	0.00000000	-19.57431000	-10.21161000
27.79999852	0.00000000	3.17421200	-17.09523000
27.99999851	0.00000000	18.25172000	-21.69045000
28.19999850	0.00000000	22.57628000	-22.02264000
28.39999848	0.00000000	15.68651000	-17.74729000
28.59999847	0.00000000	-0.12918310	-9.57185000
28.79999846	0.00000000	-20.97072000	1.62401600
28.99999845	0.00000000	-42.27977000	13.18898000
29.19999844	0.00000000	-59.31348000	22.44094000
29.39999843	0.00000000	-68.98991000	27.41142000
29.59999841	0.00000000	-69.03297000	26.16265000
29.79999840	0.00000000	-59.86712000	18.44242000
29.99999839	0.00000000	-44.83267000	5.67175200
30.19999838	0.00000000	-27.38681000	-9.38730200
30.39999837	0.00000000	-11.10359000	-23.68971000
30.59999835	0.00000000	0.89812980	-34.05511000
30.79999834	0.00000000	6.38533400	-37.91216000
30.99999833	0.00000000	4.52755900	-34.01205000
31.19999832	0.00000000	-3.19881900	-23.17913000
31.39999831	0.00000000	-15.20054000	-7.29576700
31.59999829	0.00000000	-29.10925000	10.40846000
31.79999828	0.00000000	-41.49237000	25.87352000
31.99999827	0.00000000	-50.09227000	35.50074000
32.19999826	0.00000000	-53.58636000	37.44463000
32.39999825	0.00000000	-51.63016000	30.89936000
32.59999824	0.00000000	-44.32209000	17.79650000
32.79999822	0.00000000	-33.57529000	1.11343500
32.99999821	0.00000000	-22.73007000	-16.25861000
33.19999820	0.00000000	-13.75492000	-30.56717000
33.39999819	0.00000000	-7.98474400	-38.70571000
33.59999818	0.00000000	-6.82824800	-39.44390000
33.79999816	0.00000000	-10.59301000	-32.10507000
33.99999815	0.00000000	-17.52584000	-18.25787000
34.19999814	0.00000000	-25.67052000	-1.62401600
34.39999813	0.00000000	-33.76599000	14.59153000
34.59999812	0.00000000	-39.53617000	26.94390000
34.79999810	0.00000000	-41.53543000	32.38804000
34.99999809	0.00000000	-40.00369000	30.52411000
35.19999808	0.00000000	-35.39001000	21.97957000
35.39999807	0.00000000	-28.87549000	8.50147600
35.59999806	0.00000000	-22.73007000	-6.92052100
35.79999805	0.00000000	-18.45472000	-20.39862000
35.99999803	0.00000000	-16.91683000	-28.94316000
36.19999802	0.00000000	-18.41166000	-30.85015000
36.39999801	0.00000000	-22.26870000	-25.87352000
36.59999800	0.00000000	-27.25147000	-15.14518000
36.79999799	0.00000000	-32.27116000	-2.12844500
36.99999797	0.00000000	-35.72219000	9.47957600
37.19999796	0.00000000	-36.88484000	17.19365000
37.39999795	0.00000000	-35.34695000	19.51279000
37.59999794	0.00000000	-31.53297000	15.70497000
37.79999793	0.00000000	-26.91929000	7.33882900
37.99999791	0.00000000	-22.60088000	-2.69439000
38.19999790	0.00000000	-19.14985000	-11.89715000
38.39999789	0.00000000	-17.24902000	-17.98105000
38.59999788	0.00000000	-18.03642000	-18.35630000
38.79999787	0.00000000	-21.06299000	-13.10285000
38.99999786	0.00000000	-25.29527000	-4.69365100
39.19999784	0.00000000	-29.57062000	4.18307100
39.39999783	0.00000000	-33.11393000	11.47884000
39.59999782	0.00000000	-35.81446000	15.23745000
39.79999781	0.00000000	-36.92790000	13.66265000
39.99999780	0.00000000	-35.76525000	6.82824800
40.19999778	0.00000000	-32.68946000	-2.73745100
40.39999777	0.00000000	-28.45718000	-11.94021000
40.59999776	0.00000000	-24.18184000	-18.49163000
40.79999775	0.00000000	-20.64468000	-20.39862000
40.99999774	0.00000000	-17.94414000	-17.32899000
41.19999772	0.00000000	-16.83071000	-9.99015700
41.39999771	0.00000000	-17.94414000	-0.04306102
41.59999770	0.00000000	-20.64468000	9.52263600
41.79999769	0.00000000	-24.13263000	15.70497000
41.99999768	0.00000000	-28.03888000	17.28592000
42.19999767	0.00000000	-31.53297000	14.21629000
42.39999765	0.00000000	-34.23351000	7.29576700
42.59999764	0.00000000	-35.39616000	-1.53174200
42.79999763	0.00000000	-34.65182000	-9.98400600
42.99999762	0.00000000	-32.73868000	-15.74803000
43.19999761	0.00000000	-29.99508000	-17.37205000
43.39999759	0.00000000	-26.91929000	-15.09596000
43.59999758	0.00000000	-24.22490000	-10.11934000
43.79999757	0.00000000	-22.64394000	-3.57406500
43.99999756	0.00000000	-22.22564000	2.55905500
44.19999755	0.00000000	-22.55167000	6.82824800
44.39999753	0.00000000	-23.29601000	8.45226300
44.59999752	0.00000000	-23.67126000	7.71407400
44.79999751	0.00000000	-23.71432000	5.38262700
44.99999750	0.00000000	-23.75738000	1.53174200
45.19999749	0.00000000	-24.13263000	-2.64517700
45.39999748	0.00000000	-25.01230000	-5.75787400
45.59999746	0.00000000	-26.55635000	-7.33882900
45.79999745	0.00000000	-29.28765000	-7.38188900
45.99999744	0.00000000	-31.99434000	-6.22539300
46.19999743	0.00000000	-34.73794000	-4.31840500
46.39999742	0.00000000	-36.92790000	-1.99311000
46.59999740	0.00000000	-36.88484000	-0.04306102
46.79999739	0.00000000	-34.14124000	1.53174200
46.99999738	0.00000000	-29.15846000	2.64517700
47.19999737	0.00000000	-22.92692000	2.64517700
47.39999736	0.00000000	-17.15059000	1.48868100
47.59999734	0.00000000	-12.50615000	-0.41830710
47.79999733	0.00000000	-10.68528000	-2.73745100
47.99999732	0.00000000	-12.64149000	-4.64443900
48.19999731	0.00000000	-18.41166000	-5.85014700
48.39999730	0.00000000	-26.50098000	-6.21924200
48.59999729	0.00000000	-34.65182000	-5.80093500
48.79999727	0.00000000	-41.58464000	-4.22613100
48.99999726	0.00000000	-45.39862000	-1.53174200
49.19999725	0.00000000	-44.61122000	1.53174200
49.39999724	0.00000000	-39.57923000	4.22613100
49.59999723	0.00000000	-31.06545000	5.71481200
49.79999721	0.00000000	-21.10605000	5.33956700
49.99999720	0.00000000	-12.59842000	3.02042300
50.19999719	0.00000000	-7.61564900	-0.41830710
50.39999718	0.00000000	-7.20349400	-4.26919300
50.59999717	0.00000000	-11.84793000	-7.38188900
50.79999715	0.00000000	-19.85728000	-9.33809000
50.99999714	0.00000000	-29.15846000	-10.07628000
51.19999713	0.00000000	-37.26009000	-8.87057000
51.39999712	0.00000000	-42.65502000	-5.80093500
51.59999711	0.00000000	-43.76845000	-1.57480300
51.79999710	0.00000000	-39.95448000	2.64517700
51.99999708	0.00000000	-32.68946000	5.75787400
52.19999707	0.00000000	-24.22490000	7.29576700
52.39999706	0.00000000	-16.91683000	6.87746000
52.59999705	0.00000000	-12.68455000	4.18307100
52.79999704	0.00000000	-12.64149000	0.00000000
52.99999702	0.00000000	-16.45546000	-4.22613100
53.19999701	0.00000000	-22.60088000	-7.33882900
53.39999700	0.00000000	-29.52756000	-8.87672100
53.59999699	0.00000000	-35.25467000	-8.54453700
53.79999698	0.00000000	-37.99828000	-6.60063900
53.99999696	0.00000000	-37.26009000	-3.94315900
54.19999695	0.00000000	-33.80905000	-0.83661410
54.39999694	0.00000000	-28.41412000	1.43946800
54.59999693	0.00000000	-22.64394000	2.60211600
54.79999692	0.00000000	-18.03642000	2.22687000
54.99999691	0.00000000	-15.76033000	0.37524600
55.19999689	0.00000000	-16.91683000	-1.48868100
55.39999688	0.00000000	-21.06299000	-2.68823800
55.59999687	0.00000000	-26.45792000	-3.06348400
55.79999686	0.00000000	-31.44069000	-2.68823800
55.99999685	0.00000000	-34.92864000	-1.53174200
56.19999683	0.00000000	-35.72219000	0.00000000
56.39999682	0.00000000	-34.23351000	1.48868100
56.59999681	0.00000000	-31.10851000	2.18380900
56.79999680	0.00000000	-26.87623000	1.02116100
56.99999679	0.00000000	-22.68701000	-1.62401600
57.19999677	0.00000000	-19.94340000	-4.68750000
57.39999676	0.00000000	-19.14985000	-7.38188900
57.59999675	0.00000000	-19.90034000	-8.87672100
57.79999674	0.00000000	-22.22564000	-8.45226300
57.99999673	0.00000000	-25.29527000	-5.71481200
58.19999672	0.00000000	-28.36491000	-1.11343500
58.39999670	0.00000000	-30.69020000	4.22613100
58.59999669	0.00000000	-31.48376000	8.45226300
58.79999668	0.00000000	-31.10851000	10.35925000
58.99999667	0.00000000	-29.57062000	9.56569900
59.19999666	0.00000000	-27.29453000	5.67175200
59.39999664	0.00000000	-25.38755000	-0.46751960
59.59999663	0.00000000	-24.18184000	-7.38188900
59.79999662	0.00000000	-23.80659000	-13.10285000
59.99999661	0.00000000	-24.18184000	-15.84030000
60.19999660	0.00000000	-25.29527000	-15.05290000
60.39999658	0.00000000	-26.45792000	-11.18971000
60.59999657	0.00000000	-27.25147000	-4.60137700
60.79999656	0.00000000	-27.98966000	3.02042300
60.99999655	0.00000000	-27.94660000	9.61491000
61.19999654	0.00000000	-26.87623000	13.42889000
61.39999653	0.00000000	-25.71358000	13.84104000
61.59999651	0.00000000	-24.96309000	10.31619000
61.79999650	0.00000000	-24.60015000	3.80782500
61.99999649	0.00000000	-25.33834000	-4.26919300
62.19999648	0.00000000	-26.45792000	-11.56496000
62.39999647	0.00000000	-27.29453000	-16.25861000
62.59999645	0.00000000	-28.45718000	-17.79035000
62.79999644	0.00000000	-29.52756000	-15.79109000
62.99999643	0.00000000	-29.52756000	-10.03322000
63.19999642	0.00000000	-28.41412000	-1.99311000
63.39999641	0.00000000	-26.87623000	5.71481200
63.59999639	0.00000000	-25.29527000	11.52190000
63.79999638	0.00000000	-23.75738000	14.21629000
63.99999637	0.00000000	-22.64394000	13.10285000
64.19999636	0.00000000	-22.64394000	8.91978400
64.39999635	0.00000000	-23.75738000	3.06963600
64.59999634	0.00000000	-25.29527000	-3.48794300
64.79999632	0.00000000	-26.87623000	-9.65797200
64.99999631	0.00000000	-28.41412000	-13.52116000
65.19999630	0.00000000	-29.57062000	-14.72687000
65.39999629	0.00000000	-29.90280000	-13.18898000
65.59999628	0.00000000	-29.15231000	-9.38115100
65.79999626	0.00000000	-27.25147000	-4.73671200
65.99999625	0.00000000	-25.38755000	-0.04306102
66.19999624	0.00000000	-24.18184000	4.18307100
66.39999623	0.00000000	-23.80659000	6.92052100
66.59999622	0.00000000	-24.18184000	7.75713500
66.79999620	0.00000000	-25.33834000	7.38188900
66.99999619	0.00000000	-26.87623000	5.80093500
67.19999618	0.00000000	-28.36491000	3.11269700
67.39999617	0.00000000	-29.10925000	0.00000000
67.59999616	0.00000000	-28.32185000	-3.11269700
67.79999615	0.00000000	-26.45792000	-5.89320800
67.99999613	0.00000000	-24.13263000	-8.21850300
68.19999612	0.00000000	-22.22564000	-10.11934000
68.39999611	0.00000000	-21.06299000	-10.49459000
68.59999610	0.00000000	-21.14911000	-9.38115100
68.79999609	0.00000000	-23.06225000	-7.33882900
68.99999607	0.00000000	-26.50098000	-3.85703700
69.19999606	0.00000000	-29.99508000	0.73818890
69.39999605	0.00000000	-33.06471000	4.64443900
69.59999604	0.00000000	-34.97170000	7.75713500
69.79999603	0.00000000	-34.55955000	9.61491000
69.99999601	0.00000000	-32.27116000	8.82750900
70.19999600	0.00000000	-28.36491000	5.80093500
70.39999599	0.00000000	-23.71432000	1.48868100
70.59999598	0.00000000	-19.10679000	-3.53100400
70.79999597	0.00000000	-15.66806000	-8.50147600
70.99999596	0.00000000	-14.91757000	-11.56496000
71.19999594	0.00000000	-16.83071000	-12.03248000
71.39999593	0.00000000	-21.10605000	-10.49459000
71.59999592	0.00000000	-26.87623000	-7.38188900
71.79999591	0.00000000	-32.64640000	-3.11269700
71.99999590	0.00000000	-36.92790000	1.48868100
72.19999588	0.00000000	-38.84104000	5.33956700
72.39999587	0.00000000	-38.09055000	7.24655500
72.59999586	0.00000000	-34.60876000	6.92052100
72.79999585	0.00000000	-29.61983000	4.64443900
72.99999584	0.00000000	-24.13263000	1.58095500
73.19999582	0.00000000	-19.14985000	-1.48868100
73.39999581	0.00000000	-15.66806000	-3.80782500
73.59999580	0.00000000	-14.91757000	-4.60137700
73.79999579	0.00000000	-16.78149000	-4.31840500
73.99999578	0.00000000	-20.64468000	-3.53100400
74.19999577	0.00000000	-25.25221000	-2.73745100
74.39999575	0.00000000	-29.52756000	-1.62401600
74.59999574	0.00000000	-32.64640000	-0.92888770
74.79999573	0.00000000	-34.18430000	-1.62401600
74.99999572	0.00000000	-33.80905000	-2.73745100
75.19999571	0.00000000	-31.53297000	-3.53100400
75.39999569	0.00000000	-28.50024000	-4.26919300
75.59999568	0.00000000	-25.76279000	-4.18307100
75.79999567	0.00000000	-23.75738000	-2.64517700
75.99999566	0.00000000	-22.22564000	0.04306102
76.19999565	0.00000000	-21.48130000	3.06348400
76.39999563	0.00000000	-22.22564000	5.38262700
76.59999562	0.00000000	-23.67126000	6.13312000
76.79999561	0.00000000	-24.87697000	5.33956700
76.99999560	0.00000000	-25.67052000	2.55905500
77.19999559	0.00000000	-26.45792000	-1.99311000
77.39999558	0.00000000	-26.78395000	-7.00664300
77.59999556	0.00000000	-26.50098000	-10.82677000
77.79999555	0.00000000	-26.13189000	-12.77067000
77.99999554	0.00000000	-26.54404000	-11.98942000
78.19999553	0.00000000	-27.29453000	-8.91978400
78.39999552	0.00000000	-28.41412000	-4.22613100
78.59999550	0.00000000	-29.15231000	1.53174200
78.79999549	0.00000000	-28.78937000	6.87130900
78.99999548	0.00000000	-28.03888000	9.98400600
79.19999547	0.00000000	-26.78395000	10.40846000
79.39999546	0.00000000	-24.87697000	8.50147600
79.59999544	0.00000000	-22.60088000	4.60137700
79.79999543	0.00000000	-21.10605000	-0.37524600
79.99999542	0.00000000	-21.06299000	-5.43184000
80.19999541	0.00000000	-22.22564000	-9.29502900
80.39999540	0.00000000	-24.18184000	-11.65723000
80.59999539	0.00000000	-26.87623000	-11.98327000
80.79999537	0.00000000	-29.57062000	-10.07628000
80.99999536	0.00000000	-31.48376000	-6.26845500
81.19999535	0.00000000	-32.22810000	-2.04232300
81.39999534	0.00000000	-31.10851000	1.53174200
81.59999533	0.00000000	-28.83243000	4.64443900
81.79999531	0.00000000	-26.45792000	6.92052100
81.99999530	0.00000000	-23.75738000	7.33882900
82.19999529	0.00000000	-21.48130000	6.22539300
82.39999528	0.00000000	-20.68774000	4.26919300
82.59999527	0.00000000	-21.06299000	1.53174200
82.79999525	0.00000000	-22.60088000	-1.58095500
82.99999524	0.00000000	-24.87697000	-4.68750000
83.19999523	0.00000000	-26.83317000	-7.43110200
83.39999522	0.00000000	-28.36491000	-9.33809000
83.59999521	0.00000000	-29.15231000	-10.07628000
83.79999520	0.00000000	-28.78937000	-8.91978400
83.99999518	0.00000000	-28.03888000	-6.26845500
84.19999517	0.00000000	-26.87623000	-3.11269700
84.39999516	0.00000000	-25.76279000	0.41830710
84.59999515	0.00000000	-25.33834000	4.22613100
84.79999514	0.00000000	-25.29527000	6.92052100
84.99999512	0.00000000	-25.29527000	7.71407400
85.19999511	0.00000000	-25.29527000	6.96358300
85.39999510	0.00000000	-25.25221000	4.55831700
85.59999509	0.00000000	-24.87697000	0.73818890
85.79999508	0.00000000	-24.13263000	-3.90009800
85.99999506	0.00000000	-23.80659000	-7.75713500
86.19999505	0.00000000	-24.13263000	-10.49459000
86.39999504	0.00000000	-24.92003000	-11.60802000
86.59999503	0.00000000	-25.71358000	-10.40846000
86.79999502	0.00000000	-26.91929000	-6.96358300
86.99999501	0.00000000	-28.41412000	-1.95004900
87.19999499	0.00000000	-29.52756000	3.02042300
87.39999498	0.00000000	-29.52756000	6.92052100
87.59999497	0.00000000	-28.41412000	8.82750900
87.79999496	0.00000000	-26.87623000	8.40920300
87.99999495	0.00000000	-25.29527000	5.33956700
88.19999493	0.00000000	-23.75738000	0.37524600
88.39999492	0.00000000	-22.60088000	-4.64443900
88.59999491	0.00000000	-22.22564000	-8.91978400
88.79999490	0.00000000	-22.60088000	-11.52190000
88.99999489	0.00000000	-23.75738000	-11.18971000
89.19999487	0.00000000	-25.29527000	-8.13238100
89.39999486	0.00000000	-26.83317000	-3.90009800
89.59999485	0.00000000	-27.98966000	1.15649600
89.79999484	0.00000000	-28.36491000	5.71481200
89.99999483	0.00000000	-28.03888000	8.40920300
90.19999482	0.00000000	-27.25147000	8.40920300
90.39999480	0.00000000	-26.45792000	5.71481200
90.59999479	0.00000000	-25.29527000	1.11343500
90.79999478	0.00000000	-24.18184000	-4.27534400
90.99999477	0.00000000	-23.80659000	-8.82750900
91.19999476	0.00000000	-24.13263000	-11.14665000
91.39999474	0.00000000	-24.87697000	-10.40846000
91.59999473	0.00000000	-25.25221000	-7.33882900
91.79999472	0.00000000	-25.29527000	-2.69439000
91.99999471	0.00000000	-25.29527000	2.64517700
92.19999470	0.00000000	-25.29527000	6.82824800
92.39999468	0.00000000	-25.29527000	8.40920300
92.59999467	0.00000000	-25.33834000	7.29576700
92.79999466	0.00000000	-25.71358000	4.18307100
92.99999465	0.00000000	-26.50098000	-0.41830710
93.19999464	0.00000000	-27.25147000	-5.38262700
93.39999463	0.00000000	-28.03888000	-8.82750900
93.59999461	0.00000000	-28.41412000	-10.03322000
93.79999460	0.00000000	-28.41412000	-8.87057000
93.99999459	0.00000000	-27.94660000	-5.80093500
94.19999458	0.00000000	-26.36565000	-1.57480300
94.39999457	0.00000000	-23.75738000	2.64517700
94.59999455	0.00000000	-21.48130000	5.67175200
94.79999454	0.00000000	-20.64468000	6.45300100
94.99999453	0.00000000	-20.59547000	4.60137700
95.19999452	0.00000000	-21.10605000	1.53174200
95.39999451	0.00000000	-23.06225000	-1.95004900
95.59999449	0.00000000	-26.45792000	-5.38262700
95.79999448	0.00000000	-29.52756000	-7.29576700
95.99999447	0.00000000	-31.52682000	-7.33882900
96.19999446	0.00000000	-32.68946000	-5.80093500
96.39999445	0.00000000	-32.60334000	-3.11269700
96.59999444	0.00000000	-30.69020000	-0.04306102
96.79999442	0.00000000	-27.25147000	2.64517700
96.99999441	0.00000000	-23.75738000	4.14000900
97.19999440	0.00000000	-20.59547000	3.80782500
97.39999439	0.00000000	-17.94414000	1.95004900
97.59999438	0.00000000	-16.83071000	0.00000000
97.79999436	0.00000000	-17.98720000	-1.95004900
97.99999435	0.00000000	-21.06299000	-3.85088600
98.19999434	0.00000000	-25.29527000	-4.60137700
98.39999433	0.00000000	-29.52756000	-4.26919300
98.59999432	0.00000000	-32.64640000	-3.15575800
98.79999430	0.00000000	-34.23351000	-1.99311000
98.99999429	0.00000000	-34.23351000	-1.19955700
99.19999428	0.00000000	-32.64640000	-0.41830710
99.39999427	0.00000000	-29.57062000	-0.04306102
99.59999426	0.00000000	-25.71358000	0.00000000
99.79999425	0.00000000	-22.22564000	0.00000000
99.99999423	0.00000000	-19.48204000	0.00000000
100.19999422	0.00000000	-17.98720000	0.04306102
100.39999421	0.00000000	-18.31939000	0.41830710
100.59999420	0.00000000	-20.22022000	1.11343500
100.79999419	0.00000000	-22.55167000	1.06422200
100.99999417	0.00000000	-25.29527000	-0.04306102
101.19999416	0.00000000	-28.03888000	-1.57480300
101.39999415	0.00000000	-30.32111000	-3.15575800
101.59999414	0.00000000	-31.85285000	-4.68750000
101.79999413	0.00000000	-31.48376000	-5.80093500
101.99999411	0.00000000	-29.99508000	-5.80093500
102.19999410	0.00000000	-28.03888000	-4.64443900
102.39999409	0.00000000	-25.71358000	-2.69439000
102.59999408	0.00000000	-23.75738000	0.04306102
102.79999407	0.00000000	-22.17643000	3.02042300
102.99999406	0.00000000	-21.06299000	4.96432100
103.19999404	0.00000000	-21.06299000	4.97662400
103.39999403	0.00000000	-22.17643000	3.85088600
103.59999402	0.00000000	-23.75738000	1.48868100
103.79999401	0.00000000	-25.67052000	-1.53174200
103.99999400	0.00000000	-27.62057000	-4.26919300
104.19999398	0.00000000	-28.74015000	-6.22539300
104.39999397	0.00000000	-29.20152000	-7.33882900
104.59999396	0.00000000	-28.78937000	-6.92052100
104.79999395	0.00000000	-28.03888000	-4.64443900
104.99999394	0.00000000	-26.83317000	-1.62401600
105.19999392	0.00000000	-25.29527000	1.11343500
105.39999391	0.00000000	-23.80659000	3.02042300
105.59999390	0.00000000	-23.01919000	3.80782500
105.79999389	0.00000000	-23.38214000	3.06348400
105.99999388	0.00000000	-24.08957000	1.53174200
106.19999387	0.00000000	-24.92003000	-0.41830710
106.39999385	0.00000000	-25.67052000	-2.69439000
106.59999384	0.00000000	-26.45792000	-4.22613100
106.79999383	0.00000000	-26.83317000	-4.64443900
106.99999382	0.00000000	-26.83317000	-4.26919300
107.19999381	0.00000000	-26.45792000	-3.06348400
107.39999379	0.00000000	-25.67052000	-1.20570900
107.59999378	0.00000000	-24.92003000	0.69512790
107.79999377	0.00000000	-24.13263000	1.48253000
107.99999376	0.00000000	-23.80659000	1.53174200
108.19999375	0.00000000	-24.18184000	1.06422200
108.39999374	0.00000000	-25.29527000	-0.41830710
108.59999372	0.00000000	-26.45792000	-2.31914400
108.79999371	0.00000000	-27.20841000	-3.48794300
108.99999370	0.00000000	-27.62057000	-4.22613100
109.19999369	0.00000000	-27.20841000	-3.85088600
109.39999368	0.00000000	-26.50098000	-2.36835600
109.59999366	0.00000000	-25.67052000	-1.19955700
109.79999365	0.00000000	-24.92003000	0.04306102
109.99999364	0.00000000	-24.13263000	1.48868100
110.19999363	0.00000000	-23.75738000	2.26993100
110.39999362	0.00000000	-23.75738000	1.90698800
110.59999360	0.00000000	-24.13263000	1.11343500
110.79999359	0.00000000	-24.92003000	-0.41830710
110.99999358	0.00000000	-25.67052000	-2.31914400
111.19999357	0.00000000	-26.45792000	-3.48794300
111.39999356	0.00000000	-26.83317000	-4.26919300
111.59999355	0.00000000	-26.87623000	-4.26919300
111.79999353	0.00000000	-26.83317000	-3.53100400
111.99999352	0.00000000	-26.45792000	-2.73745100
112.19999351	0.00000000	-25.67052000	-1.57480300
112.39999350	0.00000000	-24.96309000	-0.46136810
112.59999349	0.00000000	-24.55093000	-0.04306102
112.79999347	0.00000000	-24.92003000	0.00000000
112.99999346	0.00000000	-25.25221000	0.00000000
113.19999345	0.00000000	-25.29527000	0.00000000
113.39999344	0.00000000	-25.29527000	0.00000000
113.59999343	0.00000000	-25.29527000	-0.04306102
113.79999341	0.00000000	-25.29527000	-0.41830710
113.99999340	0.00000000	-25.29527000	-1.15649600
114.19999339	0.00000000	-25.29527000	-1.53174200
114.39999338	0.00000000	-25.29527000	-1.57480300
114.59999337	0.00000000	-25.29527000	-1.61786400
114.79999336	0.00000000	-25.29527000	-1.99311000
114.99999334	0.00000000	-25.29527000	-2.73745100
115.19999333	0.00000000	-25.29527000	-3.11269700
115.39999332	0.00000000	-25.29527000	-3.11269700
115.59999331	0.00000000	-25.29527000	-2.73745100
115.79999330	0.00000000	-25.29527000	-1.95004900
115.99999328	0.00000000	-25.29527000	-1.19955700
116.19999327	0.00000000	-25.29527000	-0.37524600
116.39999326	0.00000000	-25.33834000	0.32603340
116.59999325	0.00000000	-25.71358000	0.73818890
116.79999324	0.00000000	-26.40871000	0.37524600
116.99999322	0.00000000	-26.40871000	0.00000000
117.19999321	0.00000000	-25.71358000	-0.46136810
117.39999320	0.00000000	-25.33834000	-1.57480300
117.59999319	0.00000000	-25.25221000	-2.68823800
117.79999318	0.00000000	-24.87697000	-3.11269700
117.99999317	0.00000000	-24.13263000	-3.15575800
118.19999315	0.00000000	-23.75738000	-3.11269700
118.39999314	0.00000000	-23.75738000	-2.73745100
118.59999313	0.00000000	-24.18184000	-1.95004900
118.79999312	0.00000000	-25.29527000	-1.19955700
118.99999311	0.00000000	-26.45792000	-0.41830710
119.19999309	0.00000000	-27.25147000	0.00000000
119.39999308	0.00000000	-27.98966000	0.37524600
119.59999307	0.00000000	-27.98966000	0.73818890
119.79999306	0.00000000	-27.25147000	0.37524600
119.99999305	0.00000000	-26.45792000	0.00000000
120.19999303	0.00000000	-25.25221000	-0.41830710
120.39999302	0.00000000	-23.75738000	-1.15649600
120.59999301	0.00000000	-22.60088000	-1.53174200
120.79999300	0.00000000	-22.22564000	-1.57480300
120.99999299	0.00000000	-22.55167000	-1.61786400
121.19999298	0.00000000	-23.33907000	-1.95004900
121.39999296	0.00000000	-24.13263000	-2.31914400
121.59999295	0.00000000	-25.33834000	-1.95004900
121.79999294	0.00000000	-26.83317000	-1.61786400
121.99999293	0.00000000	-27.98966000	-1.53174200
122.19999292	0.00000000	-28.36491000	-1.15649600
122.39999290	0.00000000	-28.03888000	-0.41830710
122.59999289	0.00000000	-27.25147000	-0.04306102
122.79999288	0.00000000	-26.45792000	0.00000000
122.99999287	0.00000000	-25.29527000	0.00000000
123.19999286	0.00000000	-24.13263000	0.00000000
123.39999284	0.00000000	-23.33907000	-0.04306102
123.59999283	0.00000000	-22.60088000	-0.41830710
123.79999282	0.00000000	-22.60088000	-1.15649600
123.99999281	0.00000000	-23.33907000	-1.53174200
124.19999280	0.00000000	-24.08957000	-1.61786400
124.39999279	0.00000000	-24.92003000	-1.95004900
124.59999277	0.00000000	-25.67052000	-2.31914400
124.79999276	0.00000000	-26.45792000	-1.95004900
124.99999275	0.00000000	-26.83317000	-1.61786400
125.19999274	0.00000000	-26.87623000	-1.53174200
125.39999273	0.00000000	-26.87623000	-1.15649600
125.59999271	0.00000000	-26.83317000	-0.41830710
125.79999270	0.00000000	-26.40871000	-0.04306102
125.99999269	0.00000000	-25.29527000	0.00000000
126.19999268	0.00000000	-24.13263000	0.00000000
126.39999267	0.00000000	-23.33907000	-0.04306102
126.59999265	0.00000000	-22.60088000	-0.41830710
126.79999264	0.00000000	-22.60088000	-1.15649600
126.99999263	0.00000000	-23.33907000	-1.53174200
127.19999262	0.00000000	-24.13263000	-1.61786400
127.39999261	0.00000000	-25.29527000	-1.95004900
127.59999260	0.00000000	-26.40871000	-2.31914400
127.79999258	0.00000000	-26.83317000	-1.95004900
127.99999257	0.00000000	-26.87623000	-1.57480300
128.19999256	0.00000000	-26.83317000	-1.15649600
128.39999255	0.00000000	-26.40871000	-0.41830710
128.59999254	0.00000000	-25.29527000	-0.04306102
128.79999252	0.00000000	-24.18184000	0.00000000
128.99999251	0.00000000	-23.75738000	-0.04306102
129.19999250	0.00000000	-23.71432000	-0.41830710
129.39999249	0.00000000	-23.75738000	-1.15649600
129.59999248	0.00000000	-24.13263000	-1.53174200
129.79999246	0.00000000	-24.92003000	-1.57480300
129.99999245	0.00000000	-25.67052000	-1.57480300
130.19999244	0.00000000	-26.45792000	-1.57480300
130.39999243	0.00000000	-26.83317000	-1.57480300
130.59999242	0.00000000	-26.83317000	-1.53174200
130.79999241	0.00000000	-26.45792000	-1.15649600
130.99999239	0.00000000	-25.67052000	-0.41830710
131.19999238	0.00000000	-24.92003000	-0.04306102
131.39999237	0.00000000	-24.13263000	-0.04306102
131.59999236	0.00000000	-23.75738000	-0.41830710
131.79999235	0.00000000	-23.71432000	-1.19955700
131.99999233	0.00000000	-23.75738000	-1.95004900
132.19999232	0.00000000	-24.13263000	-2.68823800
132.39999231	0.00000000	-24.92003000	-2.68823800
132.59999230	0.00000000	-25.62746000	-1.99311000
132.79999229	0.00000000	-26.03961000	-1.57480300
132.99999227	0.00000000	-25.67052000	-1.15649600
133.19999226	0.00000000	-25.33834000	-0.41830710
133.39999225	0.00000000	-25.29527000	-0.04306102
133.59999224	0.00000000	-25.29527000	0.00000000
133.79999223	0.00000000	-25.29527000	0.00000000
133.99999222	0.00000000	-25.29527000	-0.04306102
134.19999220	0.00000000	-25.29527000	-0.41830710
134.39999219	0.00000000	-25.29527000	-1.15649600
134.59999218	0.00000000	-25.29527000	-1.57480300
134.79999217	0.00000000	-25.25221000	-1.99311000
134.99999216	0.00000000	-24.87697000	-2.73745100
135.19999214	0.00000000	-24.13263000	-3.06348400
135.39999213	0.00000000	-23.75738000	-2.68823800
135.59999212	0.00000000	-23.75738000	-1.57480300
135.79999211	0.00000000	-24.13263000	-0.46136810
135.99999210	0.00000000	-24.87697000	-0.04306102
136.19999208	0.00000000	-25.29527000	0.00000000
136.39999207	0.00000000	-25.71358000	0.00000000
136.59999206	0.00000000	-26.40871000	0.00000000
136.79999205	0.00000000	-26.40871000	0.00000000
136.99999204	0.00000000	-25.71358000	-0.04306102
137.19999203	0.00000000	-25.29527000	-0.41830710
137.39999201	0.00000000	-24.87697000	-1.15649600
137.59999200	0.00000000	-24.13263000	-1.57480300
137.79999199	0.00000000	-23.75738000	-1.95004900
137.99999198	0.00000000	-23.71432000	-2.31914400
138.19999197	0.00000000	-23.75738000	-1.95004900
138.39999195	0.00000000	-24.13263000	-1.61786400
138.59999194	0.00000000	-24.87697000	-1.53174200
138.79999193	0.00000000	-25.29527000	-1.15649600
138.99999192	0.00000000	-25.67052000	-0.41830710
139.19999191	0.00000000	-26.03961000	-0.04306102
139.39999189	0.00000000	-25.67052000	0.00000000
139.59999188	0.00000000	-25.33834000	0.00000000
139.79999187	0.00000000	-25.25221000	0.00000000
139.99999186	0.00000000	-24.87697000	-0.04306102
140.19999185	0.00000000	-24.13263000	-0.41830710
140.39999184	0.00000000	-23.75738000	-1.15649600
140.59999182	0.00000000	-23.75738000	-1.57480300
140.79999181	0.00000000	-24.13263000	-1.99311000
140.99999180	0.00000000	-24.87697000	-2.73745100
141.19999179	0.00000000	-25.29527000	-3.06348400
141.39999178	0.00000000	-25.67052000	-2.68823800
141.59999176	0.00000000	-26.03961000	-1.57480300
141.79999175	0.00000000	-25.67052000	-0.46136810
141.99999174	0.00000000	-25.29527000	0.00000000
142.19999173	0.00000000	-24.87697000	0.41830710
142.39999172	0.00000000	-24.13263000	1.11343500
142.59999170	0.00000000	-23.75738000	1.11343500
142.79999169	0.00000000	-23.75738000	0.37524600
142.99999168	0.00000000	-24.13263000	-0.37524600
143.19999167	0.00000000	-24.87697000	-1.19955700
143.39999166	0.00000000	-25.25221000	-1.95004900
143.59999165	0.00000000	-25.29527000	-2.73745100
143.79999163	0.00000000	-25.29527000	-3.06348400
143.99999162	0.00000000	-25.29527000	-2.73745100
144.19999161	0.00000000	-25.29527000	-1.95004900
144.39999160	0.00000000	-25.25221000	-1.19955700
144.59999159	0.00000000	-24.87697000	-0.41830710
144.79999157	0.00000000	-24.13263000	-0.04306102
144.99999156	0.00000000	-23.75738000	0.00000000
145.19999155	0.00000000	-23.75738000	0.00000000
145.39999154	0.00000000	-24.13263000	-0.04306102
145.59999153	0.00000000	-24.87697000	-0.41830710
145.79999151	0.00000000	-25.25221000	-1.15649600
145.99999150	0.00000000	-25.29527000	-1.53174200
146.19999149	0.00000000	-25.25221000	-1.57480300
146.39999148	0.00000000	-24.92003000	-1.57480300
146.59999147	0.00000000	-24.50787000	-1.57480300
146.79999146	0.00000000	-24.50172000	-1.57480300
146.99999144	0.00000000	-24.08957000	-1.57480300
147.19999143	0.00000000	-23.75738000	-1.53174200
147.39999142	0.00000000	-23.71432000	-1.15649600
147.59999141	0.00000000	-23.75738000	-0.41830710
147.79999140	0.00000000	-24.13263000	-0.04306102
147.99999138	0.00000000	-24.87697000	0.00000000
148.19999137	0.00000000	-25.25221000	0.00000000
148.39999136	0.00000000	-25.29527000	-0.04306102
148.59999135	0.00000000	-25.29527000	-0.41830710
148.79999134	0.00000000	-25.29527000	-1.15649600
148.99999132	0.00000000	-25.25221000	-1.53174200
149.19999131	0.00000000	-24.87697000	-1.57480300
149.39999130	0.00000000	-24.13263000	-1.57480300
149.59999129	0.00000000	-23.75738000	-1.53174200
149.79999128	0.00000000	-23.71432000	-1.15649600
149.99999127	0.00000000	-23.71432000	-0.41830710
150.19999125	0.00000000	-23.71432000	-0.04306102
150.39999124	0.00000000	-23.75738000	0.00000000
150.59999123	0.00000000	-24.13263000	0.00000000
150.79999122	0.00000000	-24.87697000	0.00000000
150.99999121	0.00000000	-25.25221000	0.00000000
151.19999119	0.00000000	-25.29527000	0.00000000
151.39999118	0.00000000	-25.29527000	-0.04306102
151.59999117	0.00000000	-25.29527000	-0.41830710
151.79999116	0.00000000	-25.29527000	-1.15649600
151.99999115	0.00000000	-25.29527000	-1.53174200
152.19999113	0.00000000	-25.25221000	-1.57480300
152.39999112	0.00000000	-24.87697000	-1.57480300
152.59999111	0.00000000	-24.13263000	-1.57480300
152.79999110	0.00000000	-23.75738000	-1.53174200
152.99999109	0.00000000	-23.71432000	-1.15649600
153.19999108	0.00000000	-23.71432000	-0.41830710
153.39999106	0.00000000	-23.75738000	-0.04306102
153.59999105	0.00000000	-24.13263000	0.00000000
153.79999104	0.00000000	-24.87697000	0.00000000
153.99999103	0.00000000	-25.25221000	0.00000000
154.19999102	0.00000000	-25.29527000	0.00000000
154.39999100	0.00000000	-25.29527000	-0.04306102
154.59999099	0.00000000	-25.29527000	-0.37524600
154.79999098	0.00000000	-25.29527000	-0.78124990
154.99999097	0.00000000	-25.25221000	-0.79355310
155.19999096	0.00000000	-24.87697000	-1.19955700
155.39999094	0.00000000	-24.13263000	-1.53174200
155.59999093	0.00000000	-23.75738000	-1.57480300
155.79999092	0.00000000	-23.71432000	-1.57480300
155.99999091	0.00000000	-23.71432000	-1.57480300
156.19999090	0.00000000	-23.71432000	-1.53174200
156.39999089	0.00000000	-23.75738000	-1.15649600
156.59999087	0.00000000	-24.13263000	-0.41830710
156.79999086	0.00000000	-24.87697000	-0.04306102
156.99999085	0.00000000	-25.25221000	0.00000000
157.19999084	0.00000000	-25.29527000	0.00000000
157.39999083	0.00000000	-25.29527000	0.00000000
157.59999081	0.00000000	-25.29527000	0.00000000
157.79999080	0.00000000	-25.25221000	-0.04306102
157.99999079	0.00000000	-24.87697000	-0.41830710
158.19999078	0.00000000	-24.13263000	-1.15649600
158.39999077	0.00000000	-23.75738000	-1.53174200
158.59999075	0.00000000	-23.71432000	-1.57480300
158.79999074	0.00000000	-23.71432000	-1.57480300
158.99999073	0.00000000	-23.71432000	-1.53174200
159.19999072	0.00000000	-23.71432000	-1.15649600
159.39999071	0.00000000	-23.71432000	-0.41830710
159.59999070	0.00000000	-23.75738000	-0.04306102
159.79999068	0.00000000	-24.13263000	0.00000000
159.99999067	0.00000000	-24.87697000	0.00000000
160.19999066	0.00000000	-25.25221000	0.00000000
160.39999065	0.00000000	-25.29527000	-0.04306102
160.59999064	0.00000000	-25.29527000	-0.41830710
160.79999062	0.00000000	-25.29527000	-1.15649600
160.99999061	0.00000000	-25.29527000	-1.53174200
161.19999060	0.00000000	-25.25221000	-1.57480300
161.39999059	0.00000000	-24.87697000	-1.57480300
161.59999058	0.00000000	-24.13263000	-1.57480300
161.79999056	0.00000000	-23.75738000	-1.53174200
161.99999055	0.00000000	-23.71432000	-1.15649600
162.19999054	0.00000000	-23.71432000	-0.41830710
162.39999053	0.00000000	-23.71432000	-0.04306102
162.59999052	0.00000000	-23.71432000	0.00000000
162.79999051	0.00000000	-23.75738000	0.00000000
162.99999049	0.00000000	-24.13263000	0.00000000
163.19999048	0.00000000	-24.87697000	0.00000000
163.39999047	0.00000000	-25.25221000	0.00000000
163.59999046	0.00000000	-25.29527000	-0.04306102
163.79999045	0.00000000	-25.29527000	-0.41830710
163.99999043	0.00000000	-25.29527000	-1.11343500
164.19999042	0.00000000	-25.29527000	-1.15649600
164.39999041	0.00000000	-25.25221000	-0.83661410
164.59999040	0.00000000	-24.87697000	-1.19955700
164.79999039	0.00000000	-24.13263000	-1.53174200
164.99999037	0.00000000	-23.75738000	-1.61786400
165.19999036	0.00000000	-23.71432000	-1.90698800
165.39999035	0.00000000	-23.71432000	-1.90083600
165.59999034	0.00000000	-23.71432000	-0.79355310
165.79999033	0.00000000	-23.75738000	-0.09227362
165.99999032	0.00000000	-24.13263000	0.00000000
166.19999030	0.00000000	-24.87697000	0.00000000
166.39999029	0.00000000	-25.25221000	0.00000000
166.59999028	0.00000000	-25.29527000	-0.04306102
166.79999027	0.00000000	-25.29527000	-0.37524600
166.99999026	0.00000000	-25.29527000	-0.73818890
167.19999024	0.00000000	-25.25221000	-0.37524600
167.39999023	0.00000000	-24.87697000	-0.09227362
167.59999022	0.00000000	-24.13263000	-0.37524600
167.79999021	0.00000000	-23.75738000	-0.73818890
167.99999020	0.00000000	-23.71432000	-0.41830710
168.19999018	0.00000000	-23.71432000	-0.41830710
168.39999017	0.00000000	-23.71432000	-0.73818890
168.59999016	0.00000000	-23.71432000	-0.41830710
168.79999015	0.00000000	-23.71432000	-0.46136810
168.99999014	0.00000000	-23.75738000	-1.15649600
169.19999013	0.00000000	-24.13263000	-1.48253000
169.39999011	0.00000000	-24.87697000	-1.15649600
169.59999010	0.00000000	-25.25221000	-0.41830710
169.79999009	0.00000000	-25.29527000	-0.04306102
169.99999008	0.00000000	-25.25221000	0.00000000
170.19999007	0.00000000	-24.92003000	0.00000000
170.39999005	0.00000000	-24.50787000	-0.04306102
170.59999004	0.00000000	-24.50172000	-0.37524600
170.79999003	0.00000000	-24.08957000	-0.78124990
170.99999002	0.00000000	-23.75738000	-0.74434050
171.19999001	0.00000000	-23.71432000	-0.83046260
171.39998999	0.00000000	-23.71432000	-0.74434050
171.59998998	0.00000000	-23.71432000	-0.83046260
171.79998997	0.00000000	-23.71432000	-0.79355310
171.99998996	0.00000000	-23.71432000	-1.19955700
172.19998995	0.00000000	-23.71432000	-1.48253000
172.39998994	0.00000000	-23.71432000	-1.15649600
172.59998992	0.00000000	-23.71432000	-0.41830710
172.79998991	0.00000000	-23.71432000	-0.04306102
172.99998990	0.00000000	-23.71432000	0.00000000
173.19998989	0.00000000	-23.75738000	0.00000000
173.39998988	0.00000000	-24.08957000	0.00000000
173.59998986	0.00000000	-24.45866000	-0.04306102
173.79998985	0.00000000	-24.13263000	-0.41830710
173.99998984	0.00000000	-24.13263000	-1.15649600
174.19998983	0.00000000	-24.45866000	-1.53174200
174.39998982	0.00000000	-24.08957000	-1.57480300
174.59998980	0.00000000	-23.75738000	-1.53174200
174.79998979	0.00000000	-23.71432000	-1.19955700
174.99998978	0.00000000	-23.71432000	-0.83661410
175.19998977	0.00000000	-23.71432000	-1.19955700
175.39998976	0.00000000	-23.71432000	-1.53174200
175.59998975	0.00000000	-23.71432000	-1.57480300
175.79998973	0.00000000	-23.71432000	-1.53174200
175.99998972	0.00000000	-23.75738000	-1.19955700
176.19998971	0.00000000	-24.08957000	-0.83661410
176.39998970	0.00000000	-24.45866000	-1.15649600
176.59998969	0.00000000	-24.08957000	-1.15649600
176.79998967	0.00000000	-23.75738000	-0.79355310
176.99998966	0.00000000	-23.71432000	-0.83046260
177.19998965	0.00000000	-23.71432000	-0.79355310
177.39998964	0.00000000	-23.71432000	-1.19955700
177.59998963	0.00000000	-23.71432000	-1.53174200
177.79998961	0.00000000	-23.71432000	-1.57480300
177.99998960	0.00000000	-23.75738000	-1.57480300
178.19998959	0.00000000	-24.08957000	-1.53174200
178.39998958	0.00000000	-24.45866000	-1.15649600
178.59998957	0.00000000	-24.08957000	-0.41830710
178.79998956	0.00000000	-23.75738000	-0.04306102
178.99998954	0.00000000	-23.71432000	0.00000000
179.19998953	0.00000000	-23.71432000	0.00000000
179.39998952	0.00000000	-23.71432000	-0.04306102
179.59998951	0.00000000	-23.71432000	-0.41830710
179.79998950	0.00000000	-23.71432000	-1.15649600
179.99998948	0.00000000	-23.71432000	-1.53174200
180.19998947	0.00000000	-23.71432000	-1.57480300
180.39998946	0.00000000	-23.71432000	-1.57480300
180.59998945	0.00000000	-23.71432000	-1.53174200
180.79998944	0.00000000	-23.71432000	-1.15649600
180.99998942	0.00000000	-23.71432000	-0.41830710
181.19998941	0.00000000	-23.75738000	-0.04306102
181.39998940	0.00000000	-24.08957000	-0.04306102
181.59998939	0.00000000	-24.45866000	-0.37524600
181.79998938	0.00000000	-24.08957000	-0.73818890
181.99998937	0.00000000	-23.75738000	-0.37524600
182.19998935	0.00000000	-23.71432000	-0.04306102
182.39998934	0.00000000	-23.71432000	-0.04306102
182.59998933	0.00000000	-23.71432000	-0.41830710
182.79998932	0.00000000	-23.71432000	-1.15649600
182.99998931	0.00000000	-23.71432000	-1.53174200
183.19998929	0.00000000	-23.71432000	-1.57480300
183.39998928	0.00000000	-23.71432000	-1.57480300
183.59998927	0.00000000	-23.71432000	-1.57480300
183.79998926	0.00000000	-23.75738000	-1.53174200
183.99998925	0.00000000	-24.08957000	-1.15649600
184.19998923	0.00000000	-24.45866000	-0.41830710
184.39998922	0.00000000	-24.08957000	-0.04306102
184.59998921	0.00000000	-23.75738000	0.00000000
184.79998920	0.00000000	-23.71432000	0.00000000
184.99998919	0.00000000	-23.71432000	0.00000000
185.19998918	0.00000000	-23.71432000	0.00000000
185.39998916	0.00000000	-23.71432000	0.00000000
185.59998915	0.00000000	-23.71432000	-0.04306102
185.79998914	0.00000000	-23.71432000	-0.41830710
185.99998913	0.00000000	-23.71432000	-1.15649600
186.19998912	0.00000000	-23.71432000	-1.53174200
186.39998910	0.00000000	-23.71432000	-1.57480300
186.59998909	0.00000000	-23.71432000	-1.57480300
186.79998908	0.00000000	-23.71432000	-1.53174200
186.99998907	0.00000000	-23.71432000	-1.15649600
187.19998906	0.00000000	-23.71432000	-0.41830710
187.39998904	0.00000000	-23.75738000	-0.04306102
187.59998903	0.00000000	-24.08957000	0.00000000
187.79998902	0.00000000	-24.45866000	0.00000000
187.99998901	0.00000000	-24.08957000	0.00000000
188.19998900	0.00000000	-23.75738000	0.00000000
188.39998899	0.00000000	-23.71432000	0.00000000
188.59998897	0.00000000	-23.71432000	-0.04306102
188.79998896	0.00000000	-23.71432000	-0.41830710
188.99998895	0.00000000	-23.71432000	-1.15649600
189.19998894	0.00000000	-23.71432000	-1.53174200
189.39998893	0.00000000	-23.71432000	-1.53174200
189.59998891	0.00000000	-23.71432000	-1.19955700
189.79998890	0.00000000	-23.71432000	-0.79355310
189.99998889	0.00000000	-23.71432000	-0.78124990
190.19998888	0.00000000	-23.71432000	-0.37524600
190.39998887	0.00000000	-23.71432000	-0.04306102
190.59998885	0.00000000	-23.71432000	0.00000000
190.79998884	0.00000000	-23.71432000	0.00000000
190.99998883	0.00000000	-23.71432000	-0.04306102
191.19998882	0.00000000	-23.71432000	-0.37524600
191.39998881	0.00000000	-23.71432000	-0.73818890
191.59998880	0.00000000	-23.71432000	-0.37524600
191.79998878	0.00000000	-23.71432000	-0.04306102
191.99998877	0.00000000	-23.71432000	-0.04306102
192.19998876	0.00000000	-23.71432000	-0.41830710
192.39998875	0.00000000	-23.71432000	-1.15649600
192.59998874	0.00000000	-23.71432000	-1.53174200
192.79998872	0.00000000	-23.71432000	-1.57480300
192.99998871	0.00000000	-23.71432000	-1.53174200
193.19998870	0.00000000	-23.71432000	-1.15649600
193.39998869	0.00000000	-23.71432000	-0.41830710
193.59998868	0.00000000	-23.71432000	-0.04306102
193.79998866	0.00000000	-23.71432000	0.00000000
193.99998865	0.00000000	-23.71432000	0.00000000
194.19998864	0.00000000	-23.71432000	0.00000000
194.39998863	0.00000000	-23.71432000	0.00000000
194.59998862	0.00000000	-23.71432000	0.00000000
194.79998861	0.00000000	-23.71432000	0.00000000
194.99998859	0.00000000	-23.71432000	0.00000000
195.19998858	0.00000000	-23.71432000	0.00000000
195.39998857	0.00000000	-23.71432000	-0.04306102
195.59998856	0.00000000	-23.71432000	-0.37524600
195.79998855	0.00000000	-23.71432000	-0.73818890
195.99998853	0.00000000	-23.71432000	-0.37524600
