Time	Channel A	Channel B	Channel C
(us)	(V)	(mV)	(mV)

-4.49999956	0.00000000	-31.61909000	-3.19881900
-4.29999957	0.00000000	-31.61909000	-3.53100400
-4.09999958	0.00000000	-31.61909000	-3.90009800
-3.89999959	0.00000000	-31.61909000	-3.53100400
-3.69999960	0.00000000	-31.61909000	-3.19881900
-3.49999962	0.00000000	-31.61909000	-3.15575800
-3.29999963	0.00000000	-31.61909000	-3.15575800
-3.09999964	0.00000000	-31.61909000	-3.15575800
-2.89999965	0.00000000	-31.61909000	-3.15575800
-2.69999966	0.00000000	-31.61909000	-3.15575800
-2.49999968	0.00000000	-31.61909000	-3.15575800
-2.29999969	0.00000000	-31.61909000	-3.15575800
-2.09999970	0.00000000	-31.57603000	-3.15575800
-1.89999971	0.00000000	-31.24384000	-3.15575800
-1.69999972	0.00000000	-30.87475000	-3.15575800
-1.49999973	0.00000000	-31.24384000	-3.15575800
-1.29999975	0.00000000	-31.57603000	-3.15575800
-1.09999976	0.00000000	-31.61909000	-3.15575800
-0.89999977	0.00000000	-31.61909000	-3.15575800
-0.69999978	0.00000000	-31.61909000	-3.15575800
-0.49999979	0.00000000	-31.61909000	-3.15575800
-0.29999981	0.15871060	-31.61909000	-3.15575800
-0.09999982	0.63668800	-31.61909000	-3.15575800
0.10000017	0.95533960	-31.61909000	-3.15575800
0.30000016	1.11466500	-31.61909000	-3.15575800
0.50000015	0.95533960	-31.57603000	-3.15575800
0.70000013	0.47736220	-31.24384000	-3.15575800
0.90000012	-0.31803640	-30.87475000	-3.15575800
1.10000011	-1.27399100	-31.24384000	-3.15575800
1.30000010	-2.22994600	-31.57603000	-3.15575800
1.50000009	-2.70792300	-31.61909000	-3.15575800
1.70000008	-2.54859700	-31.61909000	-3.15575800
1.90000006	-1.59264300	-31.61909000	-3.15575800
2.10000005	0.00000000	-31.61909000	-3.15575800
2.30000004	2.22994600	-31.61909000	-3.15575800
2.50000003	4.14124000	-31.61909000	-3.15575800
2.70000002	5.25652100	-31.61909000	-3.19881900
2.90000000	5.09719500	-31.61909000	-3.57406500
3.09999999	3.50393700	-31.61909000	-4.31840500
3.29999998	0.63668800	-31.61909000	-4.64443900
3.49999997	-2.70792300	-31.61909000	-4.31840500
3.69999996	-5.89382400	-31.61909000	-3.57406500
3.89999994	-7.64579200	-31.61909000	-3.19881900
4.09999993	-7.80511800	-31.61909000	-3.11269700
4.29999992	-5.73449800	-31.61909000	-2.78051200
4.49999991	-2.07062000	-31.61909000	-2.41141700
4.69999990	2.38927200	-31.61909000	-2.78051200
4.89999989	6.37180100	-31.61909000	-3.11269700
5.09999987	9.07972400	-31.61909000	-3.15575800
5.29999986	9.39837600	-31.61909000	-3.19881900
5.49999985	7.32714100	-31.61909000	-3.57406500
5.69999984	3.34522600	-31.61909000	-4.31840500
5.89999983	-1.27399100	-31.61909000	-4.64443900
6.09999981	-5.73449800	-31.61909000	-4.31840500
6.29999980	-8.76107300	-31.61909000	-3.57406500
6.49999979	-9.39837600	-31.57603000	-3.19881900
6.69999978	-7.64579200	-31.24384000	-3.15575800
6.89999977	-4.30056600	-30.87475000	-3.15575800
7.09999975	0.00000000	-31.24384000	-3.15575800
7.29999974	4.14124000	-31.57603000	-3.15575800
7.49999973	6.84916400	-31.61909000	-3.15575800
7.69999972	7.80511800	-31.61909000	-3.19881900
7.89999971	6.69045300	-31.61909000	-3.57406500
8.09999970	4.14124000	-31.61909000	-4.26919300
8.29999968	0.95533960	-31.61909000	-4.26919300
8.49999967	-2.22994600	-31.61909000	-3.57406500
8.69999966	-4.45989200	-31.61909000	-3.19881900
8.89999965	-5.25652100	-31.61909000	-3.15575800
9.09999964	-4.61921700	-31.61909000	-3.15575800
9.29999962	-3.18590100	-31.61909000	-3.15575800
9.49999961	-1.11466500	-31.57603000	-3.15575800
9.69999960	0.79601380	-31.24384000	-3.15575800
9.89999959	2.07062000	-30.87475000	-3.15575800
10.09999958	2.54859700	-31.24384000	-3.15575800
10.29999956	2.38927200	-31.57603000	-3.15575800
10.49999955	1.59264300	-31.61909000	-3.15575800
10.69999954	0.79601380	-31.61909000	-3.15575800
10.89999953	0.00000000	-31.61909000	-3.15575800
11.09999952	-0.63668800	-31.61909000	-3.15575800
11.29999951	-0.95533960	-31.61909000	-3.15575800
11.49999949	-0.95533960	-31.61909000	-3.15575800
11.69999948	-0.79601380	-31.61909000	-3.15575800
11.89999947	-0.47736220	-31.61909000	-3.15575800
12.09999946	-0.15871060	-31.61909000	-3.15575800
12.29999945	-0.15871060	-31.61909000	-3.15575800
12.49999943	-0.15871060	-31.61909000	-3.15575800
12.69999942	0.00000000	-31.61909000	-3.15575800
12.89999941	0.00000000	-31.61909000	-3.19881900
13.09999940	0.00000000	-31.61909000	-3.53100400
13.29999939	0.15871060	-31.61909000	-3.90009800
13.49999937	0.00000000	-31.61909000	-3.53100400
13.69999936	0.00000000	-31.61909000	-3.19881900
13.89999935	0.00000000	-31.61909000	-3.15575800
14.09999934	-0.15871060	-31.61909000	-3.19881900
14.29999933	-0.15871060	-31.61909000	-3.53100400
14.49999932	-0.15871060	-31.61909000	-3.90009800
14.69999930	-0.15871060	-31.61909000	-3.53100400
14.89999929	0.00000000	-31.61909000	-3.19881900
15.09999928	0.00000000	-31.61909000	-3.15575800
15.29999927	0.00000000	-31.61909000	-3.15575800
15.49999926	0.00000000	-31.61909000	-3.15575800
15.69999924	0.00000000	-31.61909000	-3.15575800
15.89999923	0.00000000	-31.61909000	-3.15575800
16.09999922	0.00000000	-31.61909000	-3.15575800
16.29999921	0.00000000	-31.61909000	-3.15575800
16.49999920	-0.15871060	-31.57603000	-3.15575800
16.69999919	0.00000000	-31.20078000	-3.15575800
16.89999917	0.00000000	-30.45644000	-3.15575800
17.09999916	0.00000000	-30.08120000	-3.15575800
17.29999915	0.00000000	-29.99508000	-3.15575800
17.49999914	0.00000000	-29.66289000	-3.15575800
17.69999913	0.00000000	-29.29380000	-3.15575800
17.89999911	0.00000000	-29.70595000	-3.15575800
18.09999910	0.00000000	-30.45644000	-3.15575800
18.29999909	0.00000000	-31.66215000	-3.15575800
18.49999908	0.00000000	-33.20005000	-3.15575800
18.69999907	0.00000000	-34.73794000	-3.15575800
18.89999905	0.00000000	-35.90059000	-3.15575800
19.09999904	0.00000000	-36.23277000	-3.15575800
19.29999903	0.00000000	-35.39001000	-3.15575800
19.49999902	0.00000000	-32.68946000	-3.15575800
19.69999901	0.00000000	-28.87549000	-3.15575800
19.89999900	0.00000000	-25.33834000	-3.15575800
20.09999898	0.00000000	-22.22564000	-3.15575800
20.29999897	0.00000000	-19.99262000	-3.15575800
20.49999896	0.00000000	-20.07874000	-3.15575800
20.69999895	0.00000000	-23.19759000	-3.15575800
20.89999894	0.00000000	-29.01082000	-3.15575800
21.09999892	0.00000000	-36.36811000	-3.15575800
21.29999891	0.00000000	-43.71924000	-3.15575800
21.49999890	0.00000000	-49.48942000	-3.15575800
21.69999889	0.00000000	-52.09768000	-3.15575800
21.89999888	0.00000000	-50.09227000	-3.19881900
22.09999886	0.00000000	-43.07332000	-3.53100400
22.29999885	0.00000000	-32.22810000	-3.90009800
22.49999884	0.00000000	-19.48204000	-3.53100400
22.69999883	0.00000000	-7.94168200	-3.19881900
22.89999882	0.00000000	-0.68282480	-3.15575800
23.09999881	0.00000000	0.01230315	-3.15575800
23.29999879	0.00000000	-6.96358300	-3.11269700
23.49999878	0.00000000	-20.17101000	-2.73745100
23.69999877	0.00000000	-37.20472000	-1.99311000
23.89999876	0.00000000	-54.92741000	-1.61786400
24.09999875	0.00000000	-68.38091000	-1.57480300
24.29999873	0.00000000	-74.10802000	-1.61786400
24.49999872	0.00000000	-70.14640000	-2.08538400
24.69999871	0.00000000	-56.23769000	-3.61712600
24.89999870	0.00000000	-35.76525000	-5.85014700
25.09999869	0.00000000	-13.33661000	-7.42495000
25.29999867	0.00000000	6.29306100	-8.22465500
25.49999866	0.00000000	17.83341000	-8.58759800
25.69999865	0.00000000	18.20866000	-7.71407400
25.89999864	0.00000000	7.36343400	-5.43184000
26.09999863	0.00000000	-12.73376000	-1.90698800
26.29999862	0.00000000	-37.39542000	1.90698800
26.49999860	0.00000000	-60.60531000	5.38262700
26.69999859	0.00000000	-77.22071000	7.29576700
26.89999858	0.00000000	-83.77830000	7.29576700
27.09999857	0.00000000	-78.34030000	5.24729300
27.29999856	0.00000000	-62.14320000	0.55979330
27.49999854	0.00000000	-38.97638000	-6.40378900
27.69999853	0.00000000	-14.31471000	-14.07480000
27.89999852	0.00000000	5.82554100	-20.57702000
28.09999851	0.00000000	17.08907000	-23.64665000
28.29999850	0.00000000	17.87647000	-22.44094000
28.49999848	0.00000000	7.83095500	-16.95374000
28.69999847	0.00000000	-10.64222000	-7.29576700
28.89999846	0.00000000	-32.64640000	4.26919300
29.09999845	0.00000000	-53.11884000	15.14518000
29.29999844	0.00000000	-67.49507000	23.55438000
29.49999843	0.00000000	-72.98843000	26.90084000
29.69999841	0.00000000	-69.58661000	23.04995000
29.89999840	0.00000000	-58.37229000	13.01058000
30.09999839	0.00000000	-42.18134000	-0.92888770
30.29999838	0.00000000	-24.73548000	-16.39395000
30.49999837	0.00000000	-9.65797200	-29.87205000
30.69999835	0.00000000	0.06151574	-38.33046000
30.89999834	0.00000000	2.47908400	-39.44390000
31.09999833	0.00000000	-1.71013800	-32.47416000
31.29999832	0.00000000	-11.01747000	-18.95300000
31.49999831	0.00000000	-23.80659000	-1.58095500
31.69999829	0.00000000	-37.34621000	15.79724000
31.89999828	0.00000000	-48.93578000	29.31840000
32.09999827	0.00000000	-55.90551000	36.28199000
32.29999826	0.00000000	-56.79134000	35.12549000
32.49999825	0.00000000	-52.55905000	26.20571000
32.69999824	0.00000000	-44.41437000	11.14665000
32.89999822	0.00000000	-33.61835000	-7.01279500
33.09999821	0.00000000	-23.19759000	-23.97884000
33.29999820	0.00000000	-15.38509000	-36.37426000
33.49999819	0.00000000	-11.14665000	-41.40009000
33.69999818	0.00000000	-11.52190000	-38.42273000
33.89999816	0.00000000	-16.49852000	-28.71555000
34.09999815	0.00000000	-24.18184000	-14.35162000
34.29999814	0.00000000	-32.68946000	2.65132900
34.49999813	0.00000000	-39.99754000	18.39936000
34.69999812	0.00000000	-44.27903000	28.80782000
34.89999810	0.00000000	-44.69734000	31.59449000
35.09999809	0.00000000	-41.67076000	26.62401000
35.29999808	0.00000000	-36.27584000	15.84030000
35.49999807	0.00000000	-30.08735000	1.53174200
35.69999806	0.00000000	-24.31102000	-13.14591000
35.89999805	0.00000000	-20.50320000	-25.09227000
36.09999803	0.00000000	-20.07874000	-31.63755000
36.29999802	0.00000000	-22.73007000	-30.89936000
36.49999801	0.00000000	-27.34375000	-23.64665000
36.69999800	0.00000000	-32.73868000	-12.12475000
36.89999799	0.00000000	-37.34621000	0.60285430
37.09999797	0.00000000	-40.04675000	11.34350000
37.29999796	0.00000000	-40.04675000	17.56274000
37.49999795	0.00000000	-37.39542000	17.56890000
37.69999794	0.00000000	-33.15699000	12.26624000
37.89999793	0.00000000	-28.50024000	3.02042300
38.09999791	0.00000000	-24.26796000	-7.29576700
38.29999790	0.00000000	-21.57357000	-15.74803000
38.49999789	0.00000000	-21.14911000	-19.93110000
38.69999788	0.00000000	-22.68701000	-18.44242000
38.89999787	0.00000000	-25.80585000	-11.94021000
39.09999786	0.00000000	-30.03814000	-2.78051200
39.29999784	0.00000000	-34.31963000	6.40994000
39.49999783	0.00000000	-37.81373000	12.50000000
39.69999782	0.00000000	-40.13902000	13.70571000
39.89999781	0.00000000	-40.46506000	9.84867000
40.09999780	0.00000000	-38.60113000	2.18380900
40.29999778	0.00000000	-35.11319000	-7.43110200
40.49999777	0.00000000	-31.24384000	-16.21555000
40.69999776	0.00000000	-27.29453000	-21.55512000
40.89999775	0.00000000	-23.84965000	-21.55512000
41.09999774	0.00000000	-21.52436000	-16.25861000
41.29999772	0.00000000	-21.10605000	-7.75713500
41.49999771	0.00000000	-22.26870000	1.86392700
41.69999770	0.00000000	-24.64321000	10.68528000
41.89999769	0.00000000	-28.50024000	15.61270000
42.09999768	0.00000000	-32.73868000	15.32972000
42.29999767	0.00000000	-36.23277000	10.35925000
42.49999765	0.00000000	-38.55807000	2.69439000
42.69999764	0.00000000	-38.97638000	-5.80708600
42.89999763	0.00000000	-37.85679000	-13.10285000
43.09999762	0.00000000	-35.90059000	-17.37205000
43.29999761	0.00000000	-33.15699000	-17.79035000
43.49999759	0.00000000	-30.13041000	-14.76993000
43.69999758	0.00000000	-27.76206000	-9.38115100
43.89999757	0.00000000	-26.59326000	-3.24803100
44.09999756	0.00000000	-26.18110000	2.18380900
44.29999755	0.00000000	-26.87623000	5.67175200
44.49999753	0.00000000	-27.62057000	6.87130900
44.69999752	0.00000000	-27.66978000	5.71481200
44.89999751	0.00000000	-28.08194000	2.64517700
45.09999750	0.00000000	-28.41412000	-1.53174200
45.29999749	0.00000000	-28.50024000	-5.38262700
45.49999748	0.00000000	-29.01082000	-7.75713500
45.69999746	0.00000000	-30.96703000	-8.96284400
45.89999745	0.00000000	-34.36884000	-8.91978400
46.09999744	0.00000000	-37.43848000	-7.43110200
46.29999743	0.00000000	-39.39468000	-5.11195900
46.49999742	0.00000000	-40.13902000	-2.78051200
46.69999740	0.00000000	-38.93332000	-0.46751960
46.89999739	0.00000000	-35.76525000	1.02116100
47.09999738	0.00000000	-30.73942000	1.11343500
47.29999737	0.00000000	-24.55093000	0.32603340
47.49999736	0.00000000	-19.19906000	-0.83661410
47.69999734	0.00000000	-15.71112000	-2.82972400
47.89999733	0.00000000	-15.38509000	-5.06274600
48.09999732	0.00000000	-18.49778000	-7.01279500
48.29999731	0.00000000	-24.73548000	-7.75713500
48.49999730	0.00000000	-33.20005000	-7.42495000
48.69999729	0.00000000	-41.67076000	-6.22539300
48.89999727	0.00000000	-47.81619000	-4.26919300
49.09999726	0.00000000	-50.14148000	-1.58095500
49.29999725	0.00000000	-47.77313000	1.11343500
49.49999724	0.00000000	-41.25246000	3.02042300
49.69999723	0.00000000	-31.95128000	3.76476400
49.89999721	0.00000000	-22.36097000	2.60211600
50.09999720	0.00000000	-14.64075000	-0.09227362
50.29999719	0.00000000	-11.19587000	-3.57406500
50.49999718	0.00000000	-12.68455000	-7.42495000
50.69999717	0.00000000	-18.45472000	-10.45152000
50.89999715	0.00000000	-26.92544000	-11.65723000
51.09999714	0.00000000	-35.81446000	-10.86983000
51.29999713	0.00000000	-43.11638000	-8.54453700
51.49999712	0.00000000	-46.97957000	-4.69365100
51.69999711	0.00000000	-46.19217000	-0.46751960
51.89999710	0.00000000	-41.25246000	3.02042300
52.09999708	0.00000000	-33.53223000	5.33956700
52.29999707	0.00000000	-25.47367000	5.71481200
52.49999706	0.00000000	-18.92224000	4.18307100
52.69999705	0.00000000	-15.84646000	1.07037400
52.89999704	0.00000000	-16.96604000	-3.11269700
53.09999702	0.00000000	-21.57357000	-6.96358300
53.29999701	0.00000000	-28.50640000	-9.29502900
53.49999700	0.00000000	-35.76525000	-10.11934000
53.69999699	0.00000000	-41.16019000	-9.29502900
53.89999698	0.00000000	-43.07332000	-7.01279500
54.09999696	0.00000000	-41.20940000	-3.57406500
54.29999695	0.00000000	-36.23277000	-0.55364170
54.49999694	0.00000000	-30.08735000	1.02116100
54.69999693	0.00000000	-24.31102000	1.06422200
54.89999692	0.00000000	-20.45399000	-0.09227362
55.09999691	0.00000000	-19.70349000	-1.95004900
55.29999689	0.00000000	-21.94882000	-3.85088600
55.49999688	0.00000000	-26.59326000	-4.64443900
55.69999687	0.00000000	-31.95128000	-4.64443900
55.89999686	0.00000000	-36.97096000	-3.85088600
56.09999685	0.00000000	-40.00369000	-1.95004900
56.29999683	0.00000000	-40.04675000	-0.13533460
56.49999682	0.00000000	-37.39542000	0.65206690
56.69999681	0.00000000	-33.20005000	-0.13533460
56.89999680	0.00000000	-28.92470000	-2.04232300
57.09999679	0.00000000	-25.43061000	-4.77977300
57.29999677	0.00000000	-23.10531000	-7.80019600
57.49999676	0.00000000	-22.73007000	-10.07628000
57.69999675	0.00000000	-24.26796000	-10.45152000
57.89999674	0.00000000	-27.29453000	-8.87057000
58.09999673	0.00000000	-30.78248000	-5.38262700
58.29999672	0.00000000	-33.48917000	-0.37524600
58.49999670	0.00000000	-35.43922000	4.55831700
58.69999669	0.00000000	-35.81446000	8.03395600
58.89999668	0.00000000	-34.69488000	8.78444900
59.09999667	0.00000000	-32.78174000	6.82824800
59.29999666	0.00000000	-30.45644000	2.18380900
59.49999664	0.00000000	-28.54946000	-4.31840500
59.69999663	0.00000000	-27.38681000	-10.49459000
59.89999662	0.00000000	-27.38681000	-15.14518000
60.09999661	0.00000000	-28.50024000	-17.37205000
60.29999660	0.00000000	-29.99508000	-15.79109000
60.49999658	0.00000000	-31.15157000	-10.45152000
60.69999657	0.00000000	-31.57603000	-3.15575800
60.89999656	0.00000000	-31.57603000	4.18307100
61.09999655	0.00000000	-31.15157000	9.94094400
61.29999654	0.00000000	-30.03814000	12.63533000
61.49999653	0.00000000	-28.92470000	11.47884000
61.69999651	0.00000000	-28.50024000	6.82824800
61.89999650	0.00000000	-28.50024000	-0.46751960
62.09999649	0.00000000	-28.92470000	-8.54453700
62.29999648	0.00000000	-30.08120000	-15.10212000
62.49999647	0.00000000	-31.57603000	-18.95300000
62.69999645	0.00000000	-32.73252000	-18.95300000
62.89999644	0.00000000	-33.10777000	-15.14518000
63.09999643	0.00000000	-32.73252000	-8.96284400
63.29999642	0.00000000	-31.57603000	-1.58095500
63.49999641	0.00000000	-30.03814000	5.71481200
63.69999639	0.00000000	-28.45718000	11.06053000
63.89999638	0.00000000	-26.96850000	12.63533000
64.09999637	0.00000000	-26.18110000	10.35925000
64.29999636	0.00000000	-26.59326000	5.38262700
64.49999635	0.00000000	-27.71284000	-1.15649600
64.69999634	0.00000000	-29.66289000	-7.38188900
64.89999632	0.00000000	-31.57603000	-12.40157000
65.09999631	0.00000000	-33.11393000	-15.50812000
65.29999630	0.00000000	-33.85211000	-15.51427000
65.49999629	0.00000000	-33.11393000	-13.28125000
65.69999628	0.00000000	-31.61909000	-9.38115100
65.89999626	0.00000000	-30.03814000	-4.73671200
66.09999625	0.00000000	-28.54946000	-0.09227362
66.29999624	0.00000000	-27.76206000	3.76476400
66.49999623	0.00000000	-28.12500000	5.75787400
66.69999622	0.00000000	-28.87549000	6.21924200
66.89999620	0.00000000	-30.08120000	5.80093500
67.09999619	0.00000000	-31.57603000	4.22613100
67.29999618	0.00000000	-32.68946000	1.53174200
67.49999617	0.00000000	-32.68946000	-1.62401600
67.69999616	0.00000000	-31.52682000	-5.11195900
67.89999615	0.00000000	-29.61983000	-8.58759800
68.09999613	0.00000000	-27.29453000	-10.91289000
68.29999612	0.00000000	-25.43061000	-12.11860000
68.49999611	0.00000000	-24.64321000	-12.07554000
68.69999610	0.00000000	-25.47367000	-10.49459000
68.89999609	0.00000000	-27.76206000	-7.42495000
69.09999607	0.00000000	-31.24384000	-3.53100400
69.29999606	0.00000000	-34.69488000	0.37524600
69.49999605	0.00000000	-37.43848000	4.22613100
69.69999604	0.00000000	-38.93332000	6.92052100
69.89999603	0.00000000	-38.50886000	7.67101300
70.09999601	0.00000000	-35.76525000	6.50221400
70.29999600	0.00000000	-31.15772000	3.02042300
70.49999599	0.00000000	-25.76279000	-1.57480300
70.69999598	0.00000000	-21.14911000	-6.26845500
70.89999597	0.00000000	-18.45472000	-10.49459000
71.09999596	0.00000000	-18.45472000	-13.18898000
71.29999594	0.00000000	-21.14911000	-13.56422000
71.49999593	0.00000000	-25.80585000	-11.65723000
71.69999592	0.00000000	-31.61909000	-7.80019600
71.89999591	0.00000000	-37.39542000	-3.20497000
72.09999590	0.00000000	-41.58464000	1.07037400
72.29999588	0.00000000	-42.79035000	4.13385800
72.49999587	0.00000000	-40.88336000	5.33956700
72.69999586	0.00000000	-37.02018000	4.55831700
72.89999585	0.00000000	-31.57603000	2.27608300
73.09999584	0.00000000	-25.84892000	-1.15649600
73.29999582	0.00000000	-21.57357000	-4.22613100
73.49999581	0.00000000	-19.56816000	-6.17618100
73.69999580	0.00000000	-19.56816000	-6.96358300
73.89999579	0.00000000	-21.52436000	-6.22539300
74.09999578	0.00000000	-25.38755000	-4.73671200
74.29999577	0.00000000	-29.99508000	-3.19881900
74.49999575	0.00000000	-34.27657000	-2.08538400
74.69999574	0.00000000	-37.35236000	-2.08538400
74.89999573	0.00000000	-38.50886000	-3.19881900
75.09999572	0.00000000	-37.39542000	-4.68750000
75.29999571	0.00000000	-34.73794000	-5.80093500
75.49999569	0.00000000	-31.61909000	-5.80093500
75.69999568	0.00000000	-28.54946000	-4.64443900
75.89999567	0.00000000	-26.22416000	-2.69439000
76.09999566	0.00000000	-25.43061000	0.00000000
76.29999565	0.00000000	-25.76279000	2.64517700
76.49999563	0.00000000	-26.91929000	4.18307100
76.69999562	0.00000000	-28.41412000	4.18307100
76.89999561	0.00000000	-29.57062000	2.60211600
77.09999560	0.00000000	-29.99508000	-0.51058070
77.29999559	0.00000000	-30.03814000	-4.77977300
77.49999558	0.00000000	-30.03814000	-9.38115100
77.69999556	0.00000000	-30.03814000	-13.18898000
77.89999555	0.00000000	-30.08120000	-14.67766000
78.09999554	0.00000000	-30.45644000	-13.14591000
78.29999553	0.00000000	-31.24384000	-8.91978400
78.49999552	0.00000000	-31.99434000	-3.15575800
78.69999550	0.00000000	-32.73252000	2.60211600
78.89999549	0.00000000	-32.68946000	6.87746000
79.09999548	0.00000000	-31.52682000	8.82750900
79.29999547	0.00000000	-29.61983000	8.45226300
79.49999546	0.00000000	-27.29453000	5.71481200
79.69999544	0.00000000	-25.38755000	1.11343500
79.89999543	0.00000000	-24.22490000	-4.27534400
80.09999542	0.00000000	-24.26796000	-8.91978400
80.29999541	0.00000000	-25.80585000	-12.07554000
80.49999540	0.00000000	-28.50024000	-13.61343000
80.69999539	0.00000000	-31.57603000	-13.18898000
80.89999537	0.00000000	-34.27657000	-10.49459000
81.09999536	0.00000000	-35.81446000	-6.31151500
81.29999535	0.00000000	-35.85752000	-2.04232300
81.49999534	0.00000000	-34.69488000	1.48868100
81.69999533	0.00000000	-32.73868000	4.22613100
81.89999531	0.00000000	-30.03814000	5.75787400
82.09999530	0.00000000	-27.34375000	5.80093500
82.29999529	0.00000000	-25.43061000	4.60137700
82.49999528	0.00000000	-24.64321000	2.27608300
82.69999527	0.00000000	-25.38755000	-1.20570900
82.89999525	0.00000000	-26.91929000	-4.64443900
83.09999524	0.00000000	-28.87549000	-7.43110200
83.29999523	0.00000000	-31.15157000	-9.38115100
83.49999522	0.00000000	-32.64640000	-10.53765000
83.69999521	0.00000000	-32.73252000	-10.49459000
83.89999520	0.00000000	-31.99434000	-8.96284400
84.09999518	0.00000000	-31.24384000	-6.26845500
84.29999517	0.00000000	-30.41338000	-3.11269700
84.49999516	0.00000000	-29.66289000	0.37524600
84.69999515	0.00000000	-28.87549000	3.85088600
84.89999514	0.00000000	-28.50024000	6.13312000
85.09999512	0.00000000	-28.45718000	6.87130900
85.29999511	0.00000000	-28.45718000	5.33956700
85.49999510	0.00000000	-28.45718000	1.86392700
85.69999509	0.00000000	-28.45718000	-2.36835600
85.89999508	0.00000000	-28.45718000	-7.05585600
86.09999506	0.00000000	-28.45718000	-10.86983000
86.29999505	0.00000000	-28.50024000	-13.18898000
86.49999504	0.00000000	-28.92470000	-13.14591000
86.69999503	0.00000000	-30.03814000	-10.49459000
86.89999502	0.00000000	-31.20078000	-6.26845500
87.09999501	0.00000000	-31.99434000	-1.62401600
87.29999499	0.00000000	-32.73252000	2.64517700
87.49999498	0.00000000	-32.68946000	5.71481200
87.69999497	0.00000000	-31.57603000	6.87130900
87.89999496	0.00000000	-30.03814000	5.67175200
88.09999495	0.00000000	-28.45718000	2.22687000
88.29999493	0.00000000	-26.91929000	-2.78051200
88.49999492	0.00000000	-25.80585000	-7.75713500
88.69999491	0.00000000	-25.80585000	-11.61417000
88.89999490	0.00000000	-26.91929000	-13.10285000
89.09999489	0.00000000	-28.45718000	-11.61417000
89.29999487	0.00000000	-30.03814000	-7.80019600
89.49999486	0.00000000	-31.57603000	-3.15575800
89.69999485	0.00000000	-32.73252000	1.48868100
89.89999484	0.00000000	-33.10777000	5.29650500
90.09999483	0.00000000	-32.73252000	6.82824800
90.29999482	0.00000000	-31.57603000	5.71481200
90.49999480	0.00000000	-30.03814000	2.60211600
90.69999479	0.00000000	-28.54946000	-2.04232300
90.89999478	0.00000000	-27.76206000	-7.38188900
91.09999477	0.00000000	-28.08194000	-11.56496000
91.29999476	0.00000000	-28.41412000	-13.10285000
91.49999474	0.00000000	-28.50024000	-11.61417000
91.69999473	0.00000000	-28.87549000	-7.75713500
91.89999472	0.00000000	-29.57062000	-2.78051200
92.09999471	0.00000000	-29.57062000	2.22687000
92.29999470	0.00000000	-28.87549000	5.67175200
92.49999468	0.00000000	-28.54946000	6.82824800
92.69999467	0.00000000	-28.87549000	5.24729300
92.89999466	0.00000000	-29.66289000	1.11343500
93.09999465	0.00000000	-30.41338000	-3.90009800
93.29999464	0.00000000	-31.24384000	-8.13238100
93.49999463	0.00000000	-31.95128000	-11.18971000
93.69999461	0.00000000	-32.31422000	-11.52190000
93.89999460	0.00000000	-31.57603000	-8.96284400
94.09999459	0.00000000	-30.41338000	-5.11195900
94.29999458	0.00000000	-29.20152000	-1.20570900
94.49999457	0.00000000	-27.25147000	2.64517700
94.69999455	0.00000000	-25.38755000	5.24729300
94.89999454	0.00000000	-24.22490000	5.24729300
95.09999453	0.00000000	-24.26796000	2.64517700
95.29999452	0.00000000	-25.80585000	-1.20570900
95.49999451	0.00000000	-28.50024000	-5.06274600
95.69999449	0.00000000	-31.57603000	-8.50147600
95.89999448	0.00000000	-34.31963000	-10.03322000
96.09999447	0.00000000	-36.23277000	-9.29502900
96.29999446	0.00000000	-37.02018000	-7.01279500
96.49999445	0.00000000	-36.18971000	-3.57406500
96.69999444	0.00000000	-33.85827000	-0.51058070
96.89999442	0.00000000	-29.99508000	1.43946800
97.09999441	0.00000000	-25.80585000	2.22687000
97.29999440	0.00000000	-22.68701000	1.43946800
97.49999439	0.00000000	-21.10605000	-0.41830710
97.69999438	0.00000000	-21.10605000	-2.73745100
97.89999436	0.00000000	-22.68701000	-4.64443900
98.09999435	0.00000000	-25.76279000	-5.85014700
98.29999434	0.00000000	-29.66289000	-6.21924200
98.49999433	0.00000000	-33.48917000	-5.85014700
98.69999432	0.00000000	-36.59571000	-4.68750000
98.89999430	0.00000000	-37.72145000	-3.19881900
99.09999429	0.00000000	-37.02018000	-2.04232300
99.29999428	0.00000000	-34.69488000	-1.61786400
99.49999427	0.00000000	-31.61909000	-1.57480300
99.69999426	0.00000000	-28.45718000	-1.57480300
99.89999425	0.00000000	-25.33834000	-1.57480300
100.09999423	0.00000000	-22.68701000	-1.53174200
100.29999422	0.00000000	-21.52436000	-1.15649600
100.49999421	0.00000000	-22.26870000	-0.41830710
100.69999420	0.00000000	-24.18184000	-0.09227362
100.89999419	0.00000000	-26.91929000	-0.46136810
101.09999417	0.00000000	-29.99508000	-1.62401600
101.29999416	0.00000000	-32.73868000	-3.15575800
101.49999415	0.00000000	-34.65182000	-4.73671200
101.69999414	0.00000000	-35.43922000	-6.26845500
101.89999413	0.00000000	-34.69488000	-7.33882900
102.09999411	0.00000000	-33.15699000	-6.96358300
102.29999410	0.00000000	-31.20078000	-5.06274600
102.49999409	0.00000000	-28.87549000	-2.73745100
102.69999408	0.00000000	-26.91929000	0.00000000
102.89999407	0.00000000	-25.38755000	2.60211600
103.09999406	0.00000000	-24.60015000	3.76476400
103.29999404	0.00000000	-25.01230000	3.06348400
103.49999403	0.00000000	-26.13189000	1.48868100
103.69999402	0.00000000	-28.08194000	-0.88582670
103.89999401	0.00000000	-29.99508000	-4.31840500
104.09999400	0.00000000	-31.57603000	-7.33882900
104.29999398	0.00000000	-32.73252000	-8.91978400
104.49999397	0.00000000	-33.10777000	-8.91978400
104.69999396	0.00000000	-32.73252000	-7.38188900
104.89999395	0.00000000	-31.52682000	-4.68750000
105.09999394	0.00000000	-29.66289000	-1.62401600
105.29999392	0.00000000	-27.76206000	1.07037400
105.49999391	0.00000000	-26.96850000	2.60211600
105.69999390	0.00000000	-26.87623000	2.64517700
105.89999389	0.00000000	-26.91929000	1.48868100
106.09999388	0.00000000	-27.34375000	-0.41830710
106.29999387	0.00000000	-28.50024000	-2.73745100
106.49999385	0.00000000	-29.99508000	-4.64443900
106.69999384	0.00000000	-31.15157000	-5.80093500
106.89999383	0.00000000	-31.52682000	-5.80093500
107.09999382	0.00000000	-31.15157000	-4.68750000
107.29999381	0.00000000	-29.99508000	-3.15575800
107.49999379	0.00000000	-28.50024000	-1.57480300
107.69999378	0.00000000	-27.38681000	-0.09227362
107.89999377	0.00000000	-27.34375000	0.69512790
108.09999376	0.00000000	-28.08194000	0.28297240
108.29999375	0.00000000	-28.83243000	-0.83661410
108.49999374	0.00000000	-29.66289000	-2.73745100
108.69999372	0.00000000	-30.41338000	-4.26919300
108.89999371	0.00000000	-31.20078000	-5.06274600
109.09999370	0.00000000	-31.52682000	-5.43184000
109.29999369	0.00000000	-31.15157000	-4.64443900
109.49999368	0.00000000	-30.03814000	-3.15575800
109.69999366	0.00000000	-28.87549000	-1.57480300
109.89999365	0.00000000	-28.08194000	-0.04306102
110.09999364	0.00000000	-27.29453000	1.06422200
110.29999363	0.00000000	-26.96850000	1.06422200
110.49999362	0.00000000	-27.29453000	-0.04306102
110.69999360	0.00000000	-28.08194000	-1.57480300
110.89999359	0.00000000	-28.87549000	-3.11269700
111.09999358	0.00000000	-30.03814000	-4.31840500
111.29999357	0.00000000	-31.10851000	-5.11195900
111.49999356	0.00000000	-31.15157000	-5.85014700
111.69999355	0.00000000	-30.45644000	-5.80093500
111.89999353	0.00000000	-30.03814000	-4.68750000
112.09999352	0.00000000	-29.61983000	-3.19881900
112.29999351	0.00000000	-28.87549000	-1.99311000
112.49999350	0.00000000	-28.50024000	-1.19955700
112.69999349	0.00000000	-28.45718000	-0.46136810
112.89999347	0.00000000	-28.45718000	-0.46136810
113.09999346	0.00000000	-28.45718000	-1.15649600
113.29999345	0.00000000	-28.50024000	-1.57480300
113.49999344	0.00000000	-28.87549000	-1.99311000
113.69999343	0.00000000	-29.57062000	-2.73745100
113.89999341	0.00000000	-29.61983000	-3.11269700
114.09999340	0.00000000	-29.29380000	-3.15575800
114.29999339	0.00000000	-29.66289000	-3.15575800
114.49999338	0.00000000	-29.94586000	-3.19881900
114.69999337	0.00000000	-29.61983000	-3.57406500
114.89999336	0.00000000	-28.92470000	-4.26919300
115.09999334	0.00000000	-28.87549000	-4.26919300
115.29999333	0.00000000	-29.20152000	-3.57406500
115.49999332	0.00000000	-28.83243000	-3.19881900
115.69999331	0.00000000	-28.50024000	-3.11269700
115.89999330	0.00000000	-28.45718000	-2.68823800
116.09999328	0.00000000	-28.50024000	-1.57480300
116.29999327	0.00000000	-28.87549000	-0.46136810
116.49999326	0.00000000	-29.61983000	-0.04306102
116.69999325	0.00000000	-29.99508000	0.00000000
116.89999324	0.00000000	-30.03814000	-0.09227362
117.09999322	0.00000000	-29.99508000	-0.83661410
117.29999321	0.00000000	-29.61983000	-2.31914400
117.49999320	0.00000000	-28.83243000	-3.11269700
117.69999319	0.00000000	-28.08194000	-3.57406500
117.89999318	0.00000000	-27.29453000	-4.31840500
118.09999317	0.00000000	-26.91929000	-4.69365100
118.29999315	0.00000000	-26.91929000	-4.69365100
118.49999314	0.00000000	-27.34375000	-4.26919300
118.69999313	0.00000000	-28.45718000	-3.15575800
118.89999312	0.00000000	-29.61983000	-2.04232300
119.09999311	0.00000000	-30.41338000	-1.57480300
119.29999309	0.00000000	-31.20078000	-1.15649600
119.49999308	0.00000000	-31.57603000	-0.46136810
119.69999307	0.00000000	-31.57603000	-0.46136810
119.89999306	0.00000000	-31.15157000	-1.15649600
120.09999305	0.00000000	-29.99508000	-1.57480300
120.29999303	0.00000000	-28.45718000	-1.99311000
120.49999302	0.00000000	-26.91929000	-2.78051200
120.69999301	0.00000000	-25.80585000	-3.48794300
120.89999300	0.00000000	-25.76279000	-3.90009800
121.09999299	0.00000000	-26.50098000	-3.57406500
121.29999298	0.00000000	-27.29453000	-3.57406500
121.49999296	0.00000000	-28.50024000	-3.90009800
121.69999295	0.00000000	-29.99508000	-3.53100400
121.89999294	0.00000000	-31.15157000	-3.19881900
122.09999293	0.00000000	-31.57603000	-3.11269700
122.29999292	0.00000000	-31.61909000	-2.73745100
122.49999290	0.00000000	-31.57603000	-1.99311000
122.69999289	0.00000000	-31.15157000	-1.61786400
122.89999288	0.00000000	-29.99508000	-1.57480300
123.09999287	0.00000000	-28.50024000	-1.57480300
123.29999286	0.00000000	-27.29453000	-1.57480300
123.49999284	0.00000000	-26.54404000	-1.61786400
123.69999283	0.00000000	-26.13189000	-1.99311000
123.89999282	0.00000000	-26.50098000	-2.73745100
124.09999281	0.00000000	-26.87623000	-3.11269700
124.29999280	0.00000000	-27.34375000	-3.19881900
124.49999279	0.00000000	-28.45718000	-3.53100400
124.69999277	0.00000000	-29.61983000	-3.90009800
124.89999276	0.00000000	-30.41338000	-3.53100400
125.09999275	0.00000000	-31.20078000	-3.15575800
125.29999274	0.00000000	-31.52682000	-2.73745100
125.49999273	0.00000000	-31.20078000	-1.99311000
125.69999271	0.00000000	-30.41338000	-1.61786400
125.89999270	0.00000000	-29.61983000	-1.57480300
126.09999269	0.00000000	-28.45718000	-1.57480300
126.29999268	0.00000000	-27.34375000	-1.57480300
126.49999267	0.00000000	-26.91929000	-1.61786400
126.69999265	0.00000000	-26.91929000	-1.99311000
126.89999264	0.00000000	-27.29453000	-2.73745100
127.09999263	0.00000000	-28.08194000	-3.11269700
127.29999262	0.00000000	-28.83243000	-3.15575800
127.49999261	0.00000000	-29.66289000	-3.15575800
127.69999260	0.00000000	-30.41338000	-3.15575800
127.89999258	0.00000000	-31.20078000	-3.11269700
128.09999257	0.00000000	-31.52682000	-2.73745100
128.29999256	0.00000000	-31.15157000	-1.99311000
128.49999255	0.00000000	-29.99508000	-1.61786400
128.69999254	0.00000000	-28.50024000	-1.57480300
128.89999252	0.00000000	-27.34375000	-1.57480300
129.09999251	0.00000000	-26.91929000	-1.61786400
129.29999250	0.00000000	-26.91929000	-1.99311000
129.49999249	0.00000000	-27.29453000	-2.73745100
129.69999248	0.00000000	-28.08194000	-3.11269700
129.89999246	0.00000000	-28.83243000	-3.15575800
130.09999245	0.00000000	-29.66289000	-3.15575800
130.29999244	0.00000000	-30.37032000	-3.11269700
130.49999243	0.00000000	-30.78248000	-2.73745100
130.69999242	0.00000000	-30.37032000	-1.99311000
130.89999241	0.00000000	-29.66289000	-1.61786400
131.09999239	0.00000000	-28.83243000	-1.57480300
131.29999238	0.00000000	-28.08194000	-1.57480300
131.49999237	0.00000000	-27.29453000	-1.61786400
131.69999236	0.00000000	-26.91929000	-1.99311000
131.89999235	0.00000000	-26.91929000	-2.78051200
132.09999233	0.00000000	-27.34375000	-3.48794300
132.29999232	0.00000000	-28.41412000	-3.90009800
132.49999231	0.00000000	-29.20152000	-3.53100400
132.69999230	0.00000000	-29.25074000	-3.19881900
132.89999229	0.00000000	-29.61983000	-3.11269700
133.09999227	0.00000000	-29.57062000	-2.73745100
133.29999226	0.00000000	-28.87549000	-1.95004900
133.49999225	0.00000000	-28.50024000	-1.19955700
133.69999224	0.00000000	-28.45718000	-0.41830710
133.89999223	0.00000000	-28.45718000	-0.04306102
134.09999222	0.00000000	-28.45718000	-0.04306102
134.29999220	0.00000000	-28.45718000	-0.46136810
134.49999219	0.00000000	-28.45718000	-1.57480300
134.69999218	0.00000000	-28.45718000	-2.73745100
134.89999217	0.00000000	-28.45718000	-3.53100400
135.09999216	0.00000000	-28.45718000	-4.31840500
135.29999214	0.00000000	-28.45718000	-4.64443900
135.49999213	0.00000000	-28.45718000	-4.31840500
135.69999212	0.00000000	-28.45718000	-3.53100400
135.89999211	0.00000000	-28.45718000	-2.78051200
136.09999210	0.00000000	-28.50024000	-1.99311000
136.29999208	0.00000000	-28.87549000	-1.57480300
136.49999207	0.00000000	-29.61983000	-1.19955700
136.69999206	0.00000000	-29.99508000	-0.83661410
136.89999205	0.00000000	-29.99508000	-1.19955700
137.09999204	0.00000000	-29.61983000	-1.57480300
137.29999203	0.00000000	-28.83243000	-1.99311000
137.49999201	0.00000000	-28.08194000	-2.73745100
137.69999200	0.00000000	-27.29453000	-3.15575800
137.89999199	0.00000000	-26.91929000	-3.57406500
138.09999198	0.00000000	-26.91929000	-4.26919300
138.29999197	0.00000000	-27.29453000	-4.26919300
138.49999195	0.00000000	-28.08194000	-3.57406500
138.69999194	0.00000000	-28.83243000	-3.15575800
138.89999193	0.00000000	-29.61983000	-2.73745100
139.09999192	0.00000000	-29.99508000	-1.99311000
139.29999191	0.00000000	-29.99508000	-1.57480300
139.49999189	0.00000000	-29.61983000	-1.15649600
139.69999188	0.00000000	-28.87549000	-0.46136810
139.89999187	0.00000000	-28.45718000	-0.46136810
140.09999186	0.00000000	-28.03888000	-1.19955700
140.29999185	0.00000000	-27.29453000	-1.95004900
140.49999184	0.00000000	-26.96850000	-2.78051200
140.69999182	0.00000000	-27.29453000	-3.53100400
140.89999181	0.00000000	-28.03888000	-4.31840500
141.09999180	0.00000000	-28.41412000	-4.64443900
141.29999179	0.00000000	-28.45718000	-4.31840500
141.49999178	0.00000000	-28.50024000	-3.53100400
141.69999176	0.00000000	-28.83243000	-2.78051200
141.89999175	0.00000000	-29.20152000	-1.95004900
142.09999174	0.00000000	-28.83243000	-1.19955700
142.29999173	0.00000000	-28.50024000	-0.41830710
142.49999172	0.00000000	-28.45718000	-0.04306102
142.69999170	0.00000000	-28.45718000	-0.04306102
142.89999169	0.00000000	-28.45718000	-0.46136810
143.09999168	0.00000000	-28.45718000	-1.57480300
143.29999167	0.00000000	-28.45718000	-2.73745100
143.49999166	0.00000000	-28.45718000	-3.53100400
143.69999165	0.00000000	-28.45718000	-4.26919300
143.89999163	0.00000000	-28.45718000	-4.26919300
144.09999162	0.00000000	-28.45718000	-3.53100400
144.29999161	0.00000000	-28.45718000	-2.78051200
144.49999160	0.00000000	-28.45718000	-1.99311000
144.69999159	0.00000000	-28.41412000	-1.61786400
144.89999157	0.00000000	-28.08194000	-1.53174200
145.09999156	0.00000000	-27.71284000	-1.19955700
145.29999155	0.00000000	-28.08194000	-0.83661410
145.49999154	0.00000000	-28.41412000	-1.24877000
145.69999153	0.00000000	-28.45718000	-1.95004900
145.89999151	0.00000000	-28.45718000	-2.73745100
146.09999150	0.00000000	-28.45718000	-3.11269700
146.29999149	0.00000000	-28.45718000	-3.15575800
146.49999148	0.00000000	-28.45718000	-3.15575800
146.69999147	0.00000000	-28.45718000	-3.15575800
146.89999146	0.00000000	-28.41412000	-3.11269700
147.09999144	0.00000000	-28.03888000	-2.73745100
147.29999143	0.00000000	-27.34375000	-1.99311000
147.49999142	0.00000000	-27.34375000	-1.61786400
147.69999141	0.00000000	-28.03888000	-1.57480300
147.89999140	0.00000000	-28.41412000	-1.57480300
148.09999138	0.00000000	-28.50024000	-1.57480300
148.29999137	0.00000000	-28.87549000	-1.57480300
148.49999136	0.00000000	-29.57062000	-1.61786400
148.69999135	0.00000000	-29.57062000	-1.99311000
148.89999134	0.00000000	-28.87549000	-2.73745100
149.09999132	0.00000000	-28.50024000	-3.11269700
149.29999131	0.00000000	-28.41412000	-3.15575800
149.49999130	0.00000000	-28.08194000	-3.15575800
149.69999129	0.00000000	-27.66978000	-3.11269700
149.89999128	0.00000000	-27.70669000	-2.73745100
150.09999127	0.00000000	-27.66978000	-1.99311000
150.29999125	0.00000000	-28.08194000	-1.61786400
150.49999124	0.00000000	-28.41412000	-1.57480300
150.69999123	0.00000000	-28.45718000	-1.57480300
150.89999122	0.00000000	-28.45718000	-1.57480300
151.09999121	0.00000000	-28.45718000	-1.57480300
151.29999119	0.00000000	-28.45718000	-1.61786400
151.49999118	0.00000000	-28.45718000	-1.95004900
151.69999117	0.00000000	-28.45718000	-2.36220500
151.89999116	0.00000000	-28.45718000	-2.36835600
152.09999115	0.00000000	-28.45718000	-2.78051200
152.29999113	0.00000000	-28.45718000	-3.11269700
152.49999112	0.00000000	-28.41412000	-3.15575800
152.69999111	0.00000000	-28.03888000	-3.15575800
152.89999110	0.00000000	-27.29453000	-3.11269700
153.09999109	0.00000000	-26.91929000	-2.73745100
153.29999108	0.00000000	-26.91929000	-1.99311000
153.49999106	0.00000000	-27.29453000	-1.61786400
153.69999105	0.00000000	-28.03888000	-1.57480300
153.89999104	0.00000000	-28.45718000	-1.57480300
154.09999103	0.00000000	-28.87549000	-1.57480300
154.29999102	0.00000000	-29.61983000	-1.57480300
154.49999100	0.00000000	-29.94586000	-1.57480300
154.69999099	0.00000000	-29.61983000	-1.57480300
154.89999098	0.00000000	-28.87549000	-1.61786400
155.09999097	0.00000000	-28.45718000	-1.99311000
155.29999096	0.00000000	-28.08194000	-2.73745100
155.49999094	0.00000000	-27.66978000	-3.11269700
155.69999093	0.00000000	-27.66363000	-3.15575800
155.89999092	0.00000000	-27.25147000	-3.11269700
156.09999091	0.00000000	-26.96850000	-2.73745100
156.29999090	0.00000000	-27.29453000	-1.99311000
156.49999089	0.00000000	-28.03888000	-1.61786400
156.69999087	0.00000000	-28.45718000	-1.57480300
156.89999086	0.00000000	-28.87549000	-1.57480300
157.09999085	0.00000000	-29.61983000	-1.57480300
157.29999084	0.00000000	-29.94586000	-1.57480300
157.49999083	0.00000000	-29.61983000	-1.57480300
157.69999081	0.00000000	-28.87549000	-1.57480300
157.89999080	0.00000000	-28.50024000	-1.61786400
158.09999079	0.00000000	-28.41412000	-1.99311000
158.29999078	0.00000000	-28.03888000	-2.73745100
158.49999077	0.00000000	-27.29453000	-3.11269700
158.69999075	0.00000000	-26.91929000	-3.15575800
158.89999074	0.00000000	-26.87623000	-3.11269700
159.09999073	0.00000000	-26.91929000	-2.73745100
159.29999072	0.00000000	-27.29453000	-1.99311000
159.49999071	0.00000000	-28.03888000	-1.61786400
159.69999070	0.00000000	-28.41412000	-1.57480300
159.89999068	0.00000000	-28.45718000	-1.57480300
160.09999067	0.00000000	-28.45718000	-1.57480300
160.29999066	0.00000000	-28.45718000	-1.57480300
160.49999065	0.00000000	-28.45718000	-1.57480300
160.69999064	0.00000000	-28.45718000	-1.61786400
160.89999062	0.00000000	-28.45718000	-1.99311000
161.09999061	0.00000000	-28.45718000	-2.73745100
161.29999060	0.00000000	-28.45718000	-3.11269700
161.49999059	0.00000000	-28.41412000	-3.15575800
161.69999058	0.00000000	-28.08194000	-3.15575800
161.89999056	0.00000000	-27.66978000	-3.11269700
162.09999055	0.00000000	-27.66363000	-2.73745100
162.29999054	0.00000000	-27.25147000	-1.99311000
162.49999053	0.00000000	-26.96850000	-1.61786400
162.69999052	0.00000000	-27.29453000	-1.57480300
162.89999051	0.00000000	-28.03888000	-1.57480300
163.09999049	0.00000000	-28.41412000	-1.57480300
163.29999048	0.00000000	-28.45718000	-1.57480300
163.49999047	0.00000000	-28.45718000	-1.57480300
163.69999046	0.00000000	-28.45718000	-1.57480300
163.89999045	0.00000000	-28.45718000	-1.57480300
164.09999043	0.00000000	-28.45718000	-1.57480300
164.29999042	0.00000000	-28.45718000	-1.61786400
164.49999041	0.00000000	-28.41412000	-1.99311000
164.69999040	0.00000000	-28.03888000	-2.73745100
164.89999039	0.00000000	-27.29453000	-3.06348400
165.09999037	0.00000000	-26.91929000	-2.73745100
165.29999036	0.00000000	-26.87623000	-1.99311000
165.49999035	0.00000000	-26.91929000	-1.61786400
165.69999034	0.00000000	-27.25147000	-1.57480300
165.89999033	0.00000000	-27.66363000	-1.57480300
166.09999032	0.00000000	-27.66978000	-1.57480300
166.29999030	0.00000000	-28.08194000	-1.57480300
166.49999029	0.00000000	-28.41412000	-1.57480300
166.69999028	0.00000000	-28.45718000	-1.57480300
166.89999027	0.00000000	-28.45718000	-1.57480300
167.09999026	0.00000000	-28.41412000	-1.57480300
167.29999024	0.00000000	-28.08194000	-1.57480300
167.49999023	0.00000000	-27.71284000	-1.61786400
167.69999022	0.00000000	-28.03888000	-1.95004900
167.89999021	0.00000000	-27.98966000	-2.31914400
168.09999020	0.00000000	-27.29453000	-1.95004900
168.29999018	0.00000000	-26.91929000	-1.61786400
168.49999017	0.00000000	-26.87623000	-1.57480300
168.69999016	0.00000000	-26.91929000	-1.57480300
168.89999015	0.00000000	-27.29453000	-1.57480300
169.09999014	0.00000000	-28.03888000	-1.57480300
169.29999013	0.00000000	-28.41412000	-1.57480300
169.49999011	0.00000000	-28.45718000	-1.57480300
169.69999010	0.00000000	-28.45718000	-1.57480300
169.89999009	0.00000000	-28.45718000	-1.57480300
170.09999008	0.00000000	-28.45718000	-1.57480300
170.29999007	0.00000000	-28.45718000	-1.57480300
170.49999005	0.00000000	-28.45718000	-1.57480300
170.69999004	0.00000000	-28.41412000	-1.57480300
170.89999003	0.00000000	-28.03888000	-1.57480300
171.09999002	0.00000000	-27.29453000	-1.61786400
171.29999001	0.00000000	-26.91929000	-1.95004900
171.49998999	0.00000000	-26.87623000	-2.31914400
171.69998998	0.00000000	-26.87623000	-1.99311000
171.89998997	0.00000000	-26.91929000	-1.99311000
172.09998996	0.00000000	-27.29453000	-2.31914400
172.29998995	0.00000000	-28.03888000	-1.95004900
172.49998994	0.00000000	-28.41412000	-1.61786400
172.69998992	0.00000000	-28.41412000	-1.57480300
172.89998991	0.00000000	-28.08194000	-1.57480300
173.09998990	0.00000000	-27.71284000	-1.57480300
173.29998989	0.00000000	-28.08194000	-1.57480300
173.49998988	0.00000000	-28.36491000	-1.57480300
173.69998986	0.00000000	-28.08194000	-1.57480300
173.89998985	0.00000000	-27.66978000	-1.57480300
174.09998984	0.00000000	-27.66363000	-1.61786400
174.29998983	0.00000000	-27.29453000	-1.95004900
174.49998982	0.00000000	-27.34375000	-2.31914400
174.69998980	0.00000000	-28.03888000	-1.95004900
174.89998979	0.00000000	-28.41412000	-1.61786400
175.09998978	0.00000000	-28.45718000	-1.57480300
175.29998977	0.00000000	-28.45718000	-1.57480300
175.49998976	0.00000000	-28.45718000	-1.57480300
175.69998975	0.00000000	-28.45718000	-1.57480300
175.89998973	0.00000000	-28.41412000	-1.57480300
176.09998972	0.00000000	-28.08194000	-1.57480300
176.29998971	0.00000000	-27.71284000	-1.57480300
176.49998970	0.00000000	-28.03888000	-1.57480300
176.69998969	0.00000000	-27.98966000	-1.57480300
176.89998967	0.00000000	-27.34375000	-1.57480300
177.09998966	0.00000000	-27.29453000	-1.57480300
177.29998965	0.00000000	-27.66363000	-1.57480300
177.49998964	0.00000000	-27.66978000	-1.57480300
177.69998963	0.00000000	-28.08194000	-1.57480300
177.89998961	0.00000000	-28.41412000	-1.57480300
178.09998960	0.00000000	-28.45718000	-1.57480300
178.29998959	0.00000000	-28.45718000	-1.57480300
178.49998958	0.00000000	-28.41412000	-1.57480300
178.69998957	0.00000000	-28.08194000	-1.57480300
178.89998956	0.00000000	-27.66978000	-1.57480300
179.09998954	0.00000000	-27.70669000	-1.57480300
179.29998953	0.00000000	-27.62672000	-1.57480300
179.49998952	0.00000000	-27.66363000	-1.57480300
179.69998951	0.00000000	-27.25147000	-1.61786400
179.89998950	0.00000000	-26.91929000	-1.95004900
180.09998948	0.00000000	-26.87623000	-2.31914400
180.29998947	0.00000000	-26.87623000	-1.99311000
180.49998946	0.00000000	-26.91929000	-1.99311000
180.69998945	0.00000000	-27.29453000	-2.31914400
180.89998944	0.00000000	-28.03888000	-1.95004900
181.09998942	0.00000000	-28.41412000	-1.61786400
181.29998941	0.00000000	-28.45718000	-1.57480300
181.49998940	0.00000000	-28.41412000	-1.57480300
181.69998939	0.00000000	-28.08194000	-1.57480300
181.89998938	0.00000000	-27.66978000	-1.57480300
182.09998937	0.00000000	-27.70669000	-1.57480300
182.29998935	0.00000000	-27.66978000	-1.57480300
182.49998934	0.00000000	-28.03888000	-1.57480300
182.69998933	0.00000000	-27.98966000	-1.57480300
182.89998932	0.00000000	-27.29453000	-1.61786400
183.09998931	0.00000000	-26.91929000	-1.99311000
183.29998929	0.00000000	-26.91929000	-2.73745100
183.49998928	0.00000000	-27.29453000	-3.06348400
183.69998927	0.00000000	-28.03888000	-2.73745100
183.89998926	0.00000000	-28.41412000	-1.99311000
184.09998925	0.00000000	-28.45718000	-1.61786400
184.29998923	0.00000000	-28.45718000	-1.57480300
184.49998922	0.00000000	-28.41412000	-1.57480300
184.69998921	0.00000000	-28.08194000	-1.57480300
184.89998920	0.00000000	-27.66978000	-1.57480300
185.09998919	0.00000000	-27.66363000	-1.57480300
185.29998918	0.00000000	-27.29453000	-1.57480300
185.49998916	0.00000000	-27.29453000	-1.57480300
185.69998915	0.00000000	-27.62057000	-1.61786400
185.89998914	0.00000000	-27.25147000	-1.99311000
186.09998913	0.00000000	-26.91929000	-2.73745100
186.29998912	0.00000000	-26.87623000	-3.11269700
186.49998910	0.00000000	-26.87623000	-3.15575800
186.69998909	0.00000000	-26.87623000	-3.11269700
186.89998908	0.00000000	-26.87623000	-2.73745100
187.09998907	0.00000000	-26.91929000	-1.99311000
187.29998906	0.00000000	-27.29453000	-1.61786400
187.49998904	0.00000000	-28.03888000	-1.57480300
187.69998903	0.00000000	-28.41412000	-1.57480300
187.89998902	0.00000000	-28.41412000	-1.57480300
188.09998901	0.00000000	-28.03888000	-1.57480300
188.29998900	0.00000000	-27.29453000	-1.57480300
188.49998899	0.00000000	-26.91929000	-1.57480300
188.69998897	0.00000000	-26.87623000	-1.61786400
188.89998896	0.00000000	-26.87623000	-1.99311000
189.09998895	0.00000000	-26.87623000	-2.73745100
189.29998894	0.00000000	-26.87623000	-3.11269700
189.49998893	0.00000000	-26.87623000	-3.11269700
189.69998891	0.00000000	-26.87623000	-2.73745100
189.89998890	0.00000000	-26.91929000	-1.99311000
190.09998889	0.00000000	-27.29453000	-1.61786400
190.29998888	0.00000000	-28.03888000	-1.57480300
190.49998887	0.00000000	-28.36491000	-1.57480300
190.69998885	0.00000000	-28.08194000	-1.57480300
190.89998884	0.00000000	-27.66978000	-1.57480300
191.09998883	0.00000000	-27.66363000	-1.57480300
191.29998882	0.00000000	-27.25147000	-1.57480300
191.49998881	0.00000000	-26.91929000	-1.57480300
191.69998880	0.00000000	-26.87623000	-1.57480300
191.89998878	0.00000000	-26.87623000	-1.57480300
192.09998877	0.00000000	-26.87623000	-1.57480300
192.29998876	0.00000000	-26.87623000	-1.57480300
192.49998875	0.00000000	-26.87623000	-1.61786400
192.69998874	0.00000000	-26.87623000	-1.99311000
192.89998872	0.00000000	-26.91929000	-2.68823800
193.09998871	0.00000000	-27.29453000	-2.68823800
193.29998870	0.00000000	-28.03888000	-1.99311000
193.49998869	0.00000000	-28.41412000	-1.61786400
193.69998868	0.00000000	-28.41412000	-1.57480300
193.89998866	0.00000000	-28.03888000	-1.57480300
194.09998865	0.00000000	-27.29453000	-1.57480300
194.29998864	0.00000000	-26.91929000	-1.57480300
194.49998863	0.00000000	-26.87623000	-1.57480300
194.69998862	0.00000000	-26.87623000	-1.57480300
194.89998861	0.00000000	-26.87623000	-1.57480300
195.09998859	0.00000000	-26.87623000	-1.57480300
195.29998858	0.00000000	-26.87623000	-1.61786400
195.49998857	0.00000000	-26.87623000	-1.95004900
195.69998856	0.00000000	-26.91929000	-2.36220500
195.89998855	0.00000000	-27.29453000	-2.32529500
196.09998853	0.00000000	-27.98966000	-2.36220500
