Time	Channel A	Channel B	Channel C
(us)	(V)	(mV)	(mV)

-4.59999956	0.00000000	-11.06668000	3.15575800
-4.39999957	0.00000000	-11.06668000	3.15575800
-4.19999958	0.00000000	-11.06668000	3.15575800
-3.99999959	0.00000000	-11.06668000	3.15575800
-3.79999960	0.00000000	-11.06668000	3.15575800
-3.59999962	0.00000000	-11.06668000	3.15575800
-3.39999963	0.00000000	-11.02362000	3.15575800
-3.19999964	0.00000000	-10.69144000	3.15575800
-2.99999965	0.00000000	-10.32234000	3.15575800
-2.79999966	0.00000000	-10.69144000	3.15575800
-2.59999968	0.00000000	-11.02362000	3.15575800
-2.39999969	0.00000000	-11.06668000	3.15575800
-2.19999970	0.00000000	-11.06668000	3.15575800
-1.99999971	0.00000000	-11.06668000	3.15575800
-1.79999972	0.00000000	-11.06668000	3.15575800
-1.59999973	0.00000000	-11.06668000	3.15575800
-1.39999975	0.00000000	-11.06668000	3.15575800
-1.19999976	0.00000000	-11.06668000	3.15575800
-0.99999977	0.00000000	-11.06668000	3.15575800
-0.79999978	0.00000000	-11.06668000	3.15575800
-0.59999979	0.00000000	-11.06668000	3.15575800
-0.39999981	0.15871060	-11.06668000	3.15575800
-0.19999982	0.63668800	-11.06668000	3.15575800
0.00000017	0.79601380	-11.06668000	3.15575800
0.20000016	1.11466500	-11.06668000	3.15575800
0.40000015	0.95533960	-11.06668000	3.15575800
0.60000013	0.47736220	-11.06668000	3.15575800
0.80000012	-0.31803640	-11.06668000	3.15575800
1.00000011	-1.27399100	-11.06668000	3.15575800
1.20000010	-2.22994600	-11.06668000	3.15575800
1.40000009	-2.70792300	-11.06668000	3.15575800
1.60000008	-2.54859700	-11.06668000	3.15575800
1.80000006	-1.75196900	-11.06668000	3.15575800
2.00000005	0.00000000	-11.06668000	3.15575800
2.20000004	2.07062000	-11.06668000	3.15575800
2.40000003	4.14124000	-11.06668000	3.15575800
2.60000002	5.25652100	-11.06668000	3.11269700
2.80000000	5.09719500	-11.06668000	2.78051200
2.99999999	3.50393700	-11.06668000	2.36835600
3.19999998	0.79601380	-11.06668000	2.40526600
3.39999997	-2.54859700	-11.06668000	2.36835600
3.59999996	-5.73449800	-11.06668000	2.78051200
3.79999994	-7.64579200	-11.06668000	3.11269700
3.99999993	-7.80511800	-11.06668000	3.19881900
4.19999992	-5.73449800	-11.06668000	3.57406500
4.39999991	-2.22994600	-11.06668000	4.31840500
4.59999990	2.22994600	-11.06668000	4.64443900
4.79999989	6.37180100	-11.06668000	4.31840500
4.99999987	8.92039900	-11.06668000	3.57406500
5.19999986	9.39837600	-11.06668000	3.15575800
5.39999985	7.48646600	-11.06668000	2.78051200
5.59999984	3.66326300	-11.06668000	2.41141700
5.79999983	-1.11466500	-11.06668000	2.78051200
5.99999981	-5.57517200	-11.06668000	3.11269700
6.19999980	-8.60174700	-11.06668000	3.19881900
6.39999979	-9.39837600	-11.06668000	3.53100400
6.59999978	-7.96444400	-11.06668000	3.90009800
6.79999977	-4.45989200	-11.02362000	3.53100400
6.99999975	-0.15871060	-10.69144000	3.19881900
7.19999974	3.98191400	-10.32234000	3.15575800
7.39999973	6.84916400	-10.69144000	3.15575800
7.59999972	7.80511800	-11.02362000	3.15575800
7.79999971	6.84916400	-11.06668000	3.15575800
7.99999970	4.14124000	-11.06668000	3.15575800
8.19999968	0.95533960	-11.06668000	3.15575800
8.39999967	-2.07062000	-11.06668000	3.15575800
8.59999966	-4.30056600	-11.06668000	3.15575800
8.79999965	-5.09719500	-11.06668000	3.15575800
8.99999964	-4.61921700	-11.06668000	3.15575800
9.19999962	-3.18590100	-11.06668000	3.15575800
9.39999961	-1.27399100	-11.06668000	3.15575800
9.59999960	0.63668800	-11.06668000	3.15575800
9.79999959	1.91129400	-11.06668000	3.15575800
9.99999958	2.54859700	-11.06668000	3.15575800
10.19999956	2.38927200	-11.06668000	3.15575800
10.39999955	1.75196900	-11.06668000	3.15575800
10.59999954	0.79601380	-11.06668000	3.15575800
10.79999953	0.00000000	-11.06668000	3.15575800
10.99999952	-0.63668800	-11.06668000	3.15575800
11.19999951	-0.95533960	-11.06668000	3.15575800
11.39999949	-0.95533960	-11.06668000	3.15575800
11.59999948	-0.79601380	-11.06668000	3.15575800
11.79999947	-0.47736220	-11.06668000	3.15575800
11.99999946	-0.15871060	-11.06668000	3.15575800
12.19999945	-0.15871060	-11.06668000	3.15575800
12.39999943	0.00000000	-11.06668000	3.15575800
12.59999942	0.00000000	-11.06668000	3.15575800
12.79999941	0.00000000	-11.06668000	3.15575800
12.99999940	0.00000000	-11.06668000	3.15575800
13.19999939	0.15871060	-11.06668000	3.15575800
13.39999937	0.00000000	-11.06668000	3.15575800
13.59999936	0.00000000	-11.06668000	3.15575800
13.79999935	0.00000000	-11.06668000	3.15575800
13.99999934	-0.15871060	-11.06668000	3.15575800
14.19999933	-0.15871060	-11.06668000	3.15575800
14.39999932	-0.15871060	-11.06668000	3.15575800
14.59999930	0.00000000	-11.10974000	3.15575800
14.79999929	0.00000000	-11.44193000	3.15575800
14.99999928	0.00000000	-11.81102000	3.15575800
15.19999927	0.00000000	-11.44193000	3.15575800
15.39999926	0.00000000	-11.10974000	3.15575800
15.59999924	0.00000000	-11.06668000	3.15575800
15.79999923	0.00000000	-11.06668000	3.15575800
15.99999922	0.00000000	-11.06668000	3.15575800
16.19999921	-0.15871060	-11.06668000	3.15575800
16.39999920	0.00000000	-11.06668000	3.15575800
16.59999919	0.00000000	-11.02362000	3.15575800
16.79999917	0.00000000	-10.64838000	3.15575800
16.99999916	0.00000000	-9.90403500	3.15575800
17.19999915	0.00000000	-9.52879000	3.15575800
17.39999914	0.00000000	-9.48572700	3.15575800
17.59999913	0.00000000	-9.48572700	3.15575800
17.79999911	0.00000000	-9.52879000	3.15575800
17.99999910	0.00000000	-9.95324800	3.15575800
18.19999909	0.00000000	-11.10974000	3.15575800
18.39999908	0.00000000	-12.64764000	3.15575800
18.59999907	0.00000000	-14.18553000	3.15575800
18.79999905	0.00000000	-15.34203000	3.15575800
18.99999904	0.00000000	-15.67421000	3.15575800
19.19999903	0.00000000	-14.88066000	3.15575800
19.39999902	0.00000000	-12.51230000	3.15575800
19.59999901	0.00000000	-9.06742000	3.15575800
19.79999900	0.00000000	-5.16117100	3.15575800
19.99999898	0.00000000	-1.71628900	3.15575800
20.19999897	0.00000000	0.55979330	3.15575800
20.39999896	0.00000000	0.51673230	3.15575800
20.59999895	0.00000000	-2.22687000	3.15575800
20.79999894	0.00000000	-7.34498000	3.15575800
20.99999892	0.00000000	-14.69611000	3.15575800
21.19999891	0.00000000	-22.74237000	3.15575800
21.39999890	0.00000000	-28.88164000	3.15575800
21.59999889	0.00000000	-31.53912000	3.15575800
21.79999888	0.00000000	-29.53371000	3.15575800
21.99999886	0.00000000	-22.51476000	3.15575800
22.19999885	0.00000000	-11.67569000	3.15575800
22.39999884	0.00000000	1.07037400	3.15575800
22.59999883	0.00000000	12.61073000	3.15575800
22.79999882	0.00000000	19.91265000	3.15575800
22.99999881	0.00000000	20.98917000	3.19881900
23.19999879	0.00000000	14.75148000	3.57406500
23.39999878	0.00000000	1.91929100	4.31840500
23.59999877	0.00000000	-15.07136000	4.69365100
23.79999876	0.00000000	-32.83710000	4.73671200
23.99999875	0.00000000	-46.65969000	4.73671200
24.19999873	0.00000000	-53.17421000	4.69365100
24.39999872	0.00000000	-50.01230000	4.26919300
24.59999871	0.00000000	-37.22318000	3.11269700
24.79999870	0.00000000	-17.53199000	1.57480300
24.99999869	0.00000000	4.88435000	0.04306102
25.19999867	0.00000000	24.52633000	-1.11343500
25.39999866	0.00000000	36.89714000	-1.48253000
25.59999865	0.00000000	38.76107000	-1.06422200
25.79999864	0.00000000	29.45374000	0.55364170
25.99999863	0.00000000	10.51919000	3.62327700
26.19999862	0.00000000	-13.81028000	7.51722400
26.39999860	0.00000000	-37.72761000	11.33120000
26.59999859	0.00000000	-55.87475000	14.39468000
26.79999858	0.00000000	-63.55191000	15.09596000
26.99999857	0.00000000	-58.98745000	13.14591000
27.19999856	0.00000000	-43.54699000	8.45226300
27.39999854	0.00000000	-21.16142000	1.48868100
27.59999853	0.00000000	3.21112200	-6.22539300
27.79999852	0.00000000	24.05881000	-13.14591000
27.99999851	0.00000000	36.85408000	-17.32899000
28.19999850	0.00000000	38.81028000	-17.24286000
28.39999848	0.00000000	29.96432000	-12.21703000
28.59999847	0.00000000	12.61073000	-2.88508800
28.79999846	0.00000000	-9.01820900	8.68602300
28.99999845	0.00000000	-29.86589000	20.62008000
29.19999844	0.00000000	-45.40477000	29.45374000
29.39999843	0.00000000	-52.42987000	32.94168000
29.59999841	0.00000000	-50.56594000	30.56717000
29.79999840	0.00000000	-40.51427000	21.97957000
29.99999839	0.00000000	-24.69857000	8.45841400
30.19999838	0.00000000	-6.92052100	-7.33882900
30.39999837	0.00000000	8.98129900	-21.60433000
30.59999835	0.00000000	19.82652000	-30.89321000
30.79999834	0.00000000	23.77584000	-33.54453000
30.99999833	0.00000000	20.33710000	-28.43258000
31.19999832	0.00000000	11.11590000	-15.70497000
31.39999831	0.00000000	-1.67322800	1.62401600
31.59999829	0.00000000	-15.21284000	19.42052000
31.79999828	0.00000000	-26.88238000	34.09818000
31.99999827	0.00000000	-34.61491000	42.59965000
32.19999826	0.00000000	-36.93405000	42.97490000
32.39999825	0.00000000	-33.12008000	35.21776000
32.59999824	0.00000000	-24.69857000	20.53395000
32.79999822	0.00000000	-14.22859000	2.04232300
32.99999821	0.00000000	-3.75861200	-15.70497000
33.19999820	0.00000000	4.74901600	-28.94316000
33.39999819	0.00000000	9.40575800	-35.50074000
33.59999818	0.00000000	9.44881800	-34.33194000
33.79999816	0.00000000	5.21653500	-25.04306000
33.99999815	0.00000000	-2.13459600	-10.03322000
34.19999814	0.00000000	-10.97441000	7.33882900
34.39999813	0.00000000	-19.06988000	23.17913000
34.59999812	0.00000000	-24.09572000	34.05511000
34.79999810	0.00000000	-25.30143000	38.33046000
34.99999809	0.00000000	-22.65010000	35.21161000
35.19999808	0.00000000	-17.25517000	25.22145000
35.39999807	0.00000000	-10.73450000	10.96211000
35.59999806	0.00000000	-4.55831700	-4.09694900
35.79999805	0.00000000	-0.68897630	-16.81841000
35.99999803	0.00000000	0.47367120	-24.16338000
36.19999802	0.00000000	-1.48253000	-24.62475000
36.39999801	0.00000000	-6.41609200	-18.81767000
36.59999800	0.00000000	-12.13706000	-8.04010800
36.79999799	0.00000000	-16.79380000	5.38262700
36.99999797	0.00000000	-19.48819000	17.23671000
37.19999796	0.00000000	-19.53125000	24.20645000
37.39999795	0.00000000	-17.25517000	24.66781000
37.59999794	0.00000000	-13.76107000	19.37131000
37.79999793	0.00000000	-9.48572700	10.49459000
37.99999791	0.00000000	-5.25344500	0.13533460
38.19999790	0.00000000	-2.17765700	-9.06126900
38.39999789	0.00000000	-1.02116100	-13.98868000
38.59999788	0.00000000	-2.17765700	-13.28740000
38.79999787	0.00000000	-5.25344500	-7.16043300
38.99999786	0.00000000	-9.48572700	1.99926200
39.19999784	0.00000000	-13.76107000	11.56496000
39.39999783	0.00000000	-17.25517000	18.44242000
39.59999782	0.00000000	-19.58046000	20.39862000
39.79999781	0.00000000	-19.95571000	17.32899000
39.99999780	0.00000000	-18.41781000	9.99015700
40.19999778	0.00000000	-15.34203000	0.04306102
40.39999777	0.00000000	-11.44193000	-9.47957600
40.59999776	0.00000000	-7.57258800	-15.23745000
40.79999775	0.00000000	-4.04773600	-15.66191000
40.99999774	0.00000000	-1.75935000	-11.06053000
41.19999772	0.00000000	-0.97194880	-2.55905500
41.39999771	0.00000000	-2.13459600	7.75713500
41.59999770	0.00000000	-4.78592500	16.95374000
41.79999769	0.00000000	-7.94783400	21.97957000
41.99999768	0.00000000	-11.44193000	22.06570000
42.19999767	0.00000000	-14.92372000	17.83957000
42.39999765	0.00000000	-17.21210000	10.49459000
42.59999764	0.00000000	-18.04257000	1.66707700
42.79999763	0.00000000	-17.29823000	-6.40994000
42.99999762	0.00000000	-15.76649000	-11.38656000
43.19999761	0.00000000	-13.76107000	-12.26624000
43.39999759	0.00000000	-11.10974000	-9.20275500
43.59999758	0.00000000	-8.79060000	-3.85703700
43.79999757	0.00000000	-7.57258800	2.73745100
43.99999756	0.00000000	-6.74212600	8.82750900
44.19999755	0.00000000	-6.36687900	12.77067000
44.39999753	0.00000000	-6.32381900	13.93947000
44.59999752	0.00000000	-6.32381900	12.81988000
44.79999751	0.00000000	-6.32381900	9.38115100
44.99999750	0.00000000	-6.36687900	5.19808000
45.19999749	0.00000000	-6.79133800	1.66707700
45.39999748	0.00000000	-7.99704600	-1.07037400
45.59999746	0.00000000	-9.99630800	-2.60211600
45.79999745	0.00000000	-13.11516000	-2.60211600
45.99999744	0.00000000	-16.92298000	-1.11343500
46.19999743	0.00000000	-19.95571000	1.20570900
46.39999742	0.00000000	-21.16142000	3.48179100
46.59999740	0.00000000	-20.28174000	5.47490100
46.79999739	0.00000000	-17.19980000	6.64370100
46.99999738	0.00000000	-11.72490000	7.42495000
47.19999737	0.00000000	-5.57332700	7.38188900
47.39999736	0.00000000	0.65206690	6.26845500
47.59999734	0.00000000	5.16732200	4.68750000
47.79999733	0.00000000	6.32997000	2.73745100
47.99999732	0.00000000	3.58636800	0.46751960
48.19999731	0.00000000	-2.60211600	-1.06422200
48.39999730	0.00000000	-11.10974000	-1.48253000
48.59999729	0.00000000	-19.95571000	-1.06422200
48.79999727	0.00000000	-26.88238000	0.51058070
48.99999726	0.00000000	-29.95817000	3.19881900
49.19999725	0.00000000	-28.42027000	6.26845500
49.39999724	0.00000000	-22.60704000	8.96284400
49.59999723	0.00000000	-13.71801000	10.45152000
49.79999721	0.00000000	-3.71555100	10.07628000
49.99999720	0.00000000	4.74901600	7.75713500
50.19999719	0.00000000	9.40575800	4.31840500
50.39999718	0.00000000	9.40575800	0.41830710
50.59999717	0.00000000	4.74901600	-3.02042300
50.79999715	0.00000000	-3.71555100	-5.33956700
50.99999714	0.00000000	-13.67495000	-5.67175200
51.19999713	0.00000000	-22.13952000	-3.76476400
51.39999712	0.00000000	-26.79626000	0.09227362
51.59999711	0.00000000	-26.83932000	4.69365100
51.79999710	0.00000000	-22.65010000	8.96284400
51.99999708	0.00000000	-15.71727000	12.03248000
52.19999707	0.00000000	-7.99704600	13.18898000
52.39999706	0.00000000	-1.06422200	12.03248000
52.59999705	0.00000000	3.12500000	8.96284400
52.79999704	0.00000000	3.16806100	4.73671200
52.99999702	0.00000000	-0.64591530	0.51058070
53.19999701	0.00000000	-6.79133800	-2.60211600
53.39999700	0.00000000	-13.67495000	-4.14000900
53.59999699	0.00000000	-19.06988000	-3.76476400
53.79999698	0.00000000	-21.40133000	-1.48868100
53.99999696	0.00000000	-20.65084000	1.58095500
54.19999695	0.00000000	-16.83686000	4.64443900
54.39999694	0.00000000	-11.44193000	6.96358300
54.59999693	0.00000000	-6.08390700	7.71407400
54.79999692	0.00000000	-1.85777500	7.01279500
54.99999691	0.00000000	-0.68897630	5.11195900
55.19999689	0.00000000	-2.17765700	3.19881900
55.39999688	0.00000000	-5.67175200	1.66707700
55.59999687	0.00000000	-10.59916000	0.97194880
55.79999686	0.00000000	-14.83760000	2.08538400
55.99999685	0.00000000	-17.21210000	4.31840500
56.19999683	0.00000000	-17.99951000	6.22539300
56.39999682	0.00000000	-16.79380000	7.38188900
56.59999681	0.00000000	-13.71801000	7.33882900
56.79999680	0.00000000	-9.52879000	5.75787400
56.99999679	0.00000000	-5.71481200	2.69439000
57.19999677	0.00000000	-3.75861200	-1.11343500
57.39999676	0.00000000	-3.67249000	-4.13385800
57.59999675	0.00000000	-4.87819900	-5.25344500
57.79999674	0.00000000	-7.16043300	-3.71555100
57.99999673	0.00000000	-10.23007000	0.13533460
58.19999672	0.00000000	-12.51230000	5.15501900
58.39999670	0.00000000	-13.76107000	10.53765000
58.59999669	0.00000000	-14.09326000	14.72072000
58.79999668	0.00000000	-13.34276000	16.25861000
58.99999667	0.00000000	-11.44193000	14.67766000
59.19999666	0.00000000	-9.57800100	10.03322000
59.39999664	0.00000000	-8.37229300	3.11269700
59.59999663	0.00000000	-7.94783400	-4.14000900
59.79999662	0.00000000	-7.94783400	-9.52263600
59.99999661	0.00000000	-8.37229300	-11.47269000
60.19999660	0.00000000	-9.52879000	-9.94094400
60.39999658	0.00000000	-11.02362000	-5.25344500
60.59999657	0.00000000	-12.13706000	2.04232300
60.79999656	0.00000000	-12.13706000	10.11934000
60.99999655	0.00000000	-11.02362000	16.63386000
61.19999654	0.00000000	-9.52879000	20.11565000
61.39999653	0.00000000	-8.32308000	19.32825000
61.59999651	0.00000000	-7.57258800	14.72687000
61.79999650	0.00000000	-7.20964500	7.38188900
61.99999649	0.00000000	-7.99704600	-1.07037400
62.19999648	0.00000000	-9.52879000	-8.40920300
62.39999647	0.00000000	-11.44193000	-13.01058000
62.59999645	0.00000000	-13.34276000	-13.79798000
62.79999644	0.00000000	-14.09326000	-10.31619000
62.99999643	0.00000000	-13.76107000	-3.80782500
63.19999642	0.00000000	-12.55536000	4.31840500
63.39999641	0.00000000	-10.64838000	11.98942000
63.59999639	0.00000000	-8.32308000	17.42126000
63.79999638	0.00000000	-6.41609200	19.37131000
63.99999637	0.00000000	-5.25344500	17.83957000
64.19999636	0.00000000	-5.25344500	13.23819000
64.39999635	0.00000000	-6.41609200	6.68676100
64.59999634	0.00000000	-8.32308000	0.13533460
64.79999632	0.00000000	-10.69144000	-5.33956700
64.99999631	0.00000000	-12.97982000	-8.78444900
65.19999630	0.00000000	-14.88066000	-9.61491000
65.39999629	0.00000000	-15.21284000	-7.67101300
65.59999628	0.00000000	-13.76107000	-3.85703700
65.79999626	0.00000000	-11.48499000	1.19955700
65.99999625	0.00000000	-9.52879000	6.17618100
66.19999624	0.00000000	-7.94783400	10.11934000
66.39999623	0.00000000	-6.83439900	12.45079000
66.59999622	0.00000000	-6.87746000	13.28125000
66.79999620	0.00000000	-8.37229300	12.49385000
66.99999619	0.00000000	-10.59916000	10.58686000
67.19999618	0.00000000	-12.13706000	7.84940900
67.39999617	0.00000000	-12.55536000	4.73671200
67.59999616	0.00000000	-12.18012000	1.58095500
67.79999615	0.00000000	-10.97441000	-1.53174200
67.99999613	0.00000000	-9.06742000	-4.22613100
68.19999612	0.00000000	-6.79133800	-5.75787400
68.39999611	0.00000000	-5.29650500	-5.80093500
68.59999610	0.00000000	-5.29650500	-4.60137700
68.79999609	0.00000000	-6.83439900	-2.22687000
68.99999607	0.00000000	-9.57800100	1.66707700
69.19999606	0.00000000	-13.02288000	6.26845500
69.39999605	0.00000000	-16.46161000	10.53765000
69.59999604	0.00000000	-18.32554000	13.60728000
69.79999603	0.00000000	-17.99951000	14.76993000
69.99999601	0.00000000	-15.67421000	13.60728000
70.19999600	0.00000000	-12.13706000	10.49459000
70.39999599	0.00000000	-7.48646600	5.85014700
70.59999598	0.00000000	-2.55290300	0.46136810
70.79999597	0.00000000	0.51673230	-4.14000900
70.99999596	0.00000000	0.93503930	-6.87746000
71.19999594	0.00000000	-1.02116100	-7.24655500
71.39999593	0.00000000	-5.25344500	-5.33956700
71.59999592	0.00000000	-10.64838000	-1.48868100
71.79999591	0.00000000	-15.71727000	3.11269700
71.99999590	0.00000000	-19.95571000	7.38188900
72.19999588	0.00000000	-22.23179000	10.45152000
72.39999587	0.00000000	-21.44439000	11.65723000
72.59999586	0.00000000	-18.04257000	10.91289000
72.79999585	0.00000000	-12.97982000	9.00590400
72.99999584	0.00000000	-7.62180000	6.26845500
73.19999582	0.00000000	-2.92814900	3.24803100
73.39999581	0.00000000	-0.22760820	0.92888770
73.59999580	0.00000000	0.55979330	0.13533460
73.79999579	0.00000000	-1.02116100	0.46136810
73.99999578	0.00000000	-4.83513700	1.62401600
74.19999577	0.00000000	-9.44266700	3.11269700
74.39999575	0.00000000	-13.71801000	4.22613100
74.59999574	0.00000000	-16.83686000	4.22613100
74.79999573	0.00000000	-18.37475000	3.11269700
74.99999572	0.00000000	-17.99951000	1.62401600
75.19999571	0.00000000	-15.71727000	0.46136810
75.39999569	0.00000000	-12.64764000	0.09227362
75.59999568	0.00000000	-9.52879000	0.55364170
75.79999567	0.00000000	-6.83439900	2.50369100
75.99999566	0.00000000	-5.29650500	5.89320800
76.19999565	0.00000000	-5.25344500	8.96284400
76.39999563	0.00000000	-6.36687900	10.91289000
76.59999562	0.00000000	-7.86171200	11.65723000
76.79999561	0.00000000	-9.01820900	10.40846000
76.99999560	0.00000000	-9.44266700	6.96358300
77.19999559	0.00000000	-9.48572700	1.95004900
77.39999558	0.00000000	-9.48572700	-3.02042300
77.59999556	0.00000000	-9.48572700	-6.87746000
77.79999555	0.00000000	-9.52879000	-8.40920300
77.99999554	0.00000000	-9.95324800	-7.25270600
78.19999553	0.00000000	-11.06668000	-3.76476400
78.39999552	0.00000000	-12.18012000	1.62401600
78.59999550	0.00000000	-12.60458000	7.38188900
78.79999549	0.00000000	-12.55536000	12.07554000
78.99999548	0.00000000	-11.81102000	15.14518000
79.19999547	0.00000000	-10.23622000	15.88336000
79.39999546	0.00000000	-8.69217500	13.61343000
79.59999544	0.00000000	-6.74212600	9.38115100
79.79999543	0.00000000	-5.25344500	4.36146600
79.99999542	0.00000000	-4.87819900	-0.69512790
80.19999541	0.00000000	-5.62869100	-4.55831700
80.39999540	0.00000000	-7.57258800	-6.92052100
80.59999539	0.00000000	-9.90403500	-7.24655500
80.79999537	0.00000000	-12.60458000	-5.33956700
80.99999536	0.00000000	-14.88066000	-1.53174200
81.19999535	0.00000000	-15.63115000	2.69439000
81.39999534	0.00000000	-14.92372000	6.26845500
81.59999533	0.00000000	-12.97982000	9.42421200
81.79999531	0.00000000	-10.64838000	12.07554000
81.99999530	0.00000000	-7.94783400	13.23819000
82.19999529	0.00000000	-5.67175200	12.49385000
82.39999528	0.00000000	-4.87819900	10.53765000
82.59999527	0.00000000	-5.21038300	7.42495000
82.79999525	0.00000000	-6.41609200	3.57406500
82.99999524	0.00000000	-8.28001900	0.04306102
83.19999523	0.00000000	-10.23007000	-3.06348400
83.39999522	0.00000000	-11.39887000	-5.38262700
83.59999521	0.00000000	-12.22933000	-6.13312000
83.79999520	0.00000000	-12.55536000	-5.33956700
83.99999518	0.00000000	-12.22933000	-2.64517700
84.19999517	0.00000000	-11.44193000	1.20570900
84.39999516	0.00000000	-10.69144000	5.15501900
84.59999515	0.00000000	-9.90403500	9.43036400
84.79999514	0.00000000	-9.52879000	13.18898000
84.99999512	0.00000000	-9.48572700	14.72687000
85.19999511	0.00000000	-9.44266700	13.60728000
85.39999510	0.00000000	-9.06742000	10.53765000
85.59999509	0.00000000	-8.32308000	6.21924200
85.79999508	0.00000000	-7.94783400	1.19955700
85.99999506	0.00000000	-7.90477300	-3.76476400
86.19999505	0.00000000	-7.94783400	-6.82824800
86.39999504	0.00000000	-8.37229300	-7.24655500
86.59999503	0.00000000	-9.52879000	-5.33956700
86.79999502	0.00000000	-11.06668000	-1.48868100
86.99999501	0.00000000	-12.60458000	3.15575800
87.19999499	0.00000000	-13.71801000	7.84940900
87.39999498	0.00000000	-13.71801000	12.03248000
87.59999497	0.00000000	-12.60458000	14.35162000
87.79999496	0.00000000	-11.06668000	13.93947000
87.99999495	0.00000000	-9.48572700	11.23893000
88.19999493	0.00000000	-7.90477300	6.22539300
88.39999492	0.00000000	-6.41609200	0.55364170
88.59999491	0.00000000	-5.67175200	-3.71555100
88.79999490	0.00000000	-6.41609200	-5.67175200
88.99999489	0.00000000	-7.90477300	-5.29650500
89.19999487	0.00000000	-9.48572700	-2.60211600
89.39999486	0.00000000	-11.06668000	1.62401600
89.59999485	0.00000000	-12.55536000	6.26845500
89.79999484	0.00000000	-13.34276000	10.45152000
89.99999483	0.00000000	-12.97982000	12.77067000
90.19999482	0.00000000	-12.22933000	12.40157000
90.39999480	0.00000000	-11.02362000	10.11934000
90.59999479	0.00000000	-9.48572700	6.21924200
90.79999478	0.00000000	-7.99704600	1.62401600
90.99999477	0.00000000	-7.20964500	-2.60211600
91.19999476	0.00000000	-7.57258800	-5.20423200
91.39999474	0.00000000	-8.28001900	-4.87204700
91.59999473	0.00000000	-9.06742000	-1.81471400
91.79999472	0.00000000	-9.44266700	2.36835600
91.99999471	0.00000000	-9.48572700	7.00664300
92.19999470	0.00000000	-9.48572700	10.45152000
92.39999468	0.00000000	-9.48572700	12.03248000
92.59999467	0.00000000	-9.52879000	11.56496000
92.79999466	0.00000000	-9.90403500	8.50147600
92.99999465	0.00000000	-10.69144000	3.57406500
93.19999464	0.00000000	-11.44193000	-1.02116100
93.39999463	0.00000000	-12.22933000	-4.13385800
93.59999461	0.00000000	-12.55536000	-5.25344500
93.79999460	0.00000000	-12.18012000	-3.71555100
93.99999459	0.00000000	-11.02362000	0.09227362
94.19999458	0.00000000	-9.44266700	4.64443900
94.39999457	0.00000000	-7.52952700	8.54453700
94.59999455	0.00000000	-5.62869100	10.82677000
94.79999454	0.00000000	-4.83513700	11.23893000
94.99999453	0.00000000	-4.83513700	9.29502900
95.19999452	0.00000000	-5.67175200	5.89320800
95.39999451	0.00000000	-7.99704600	1.99311000
95.59999449	0.00000000	-11.06668000	-1.39640700
95.79999448	0.00000000	-14.13632000	-3.34030500
95.99999447	0.00000000	-16.46161000	-2.97736200
96.19999446	0.00000000	-17.21210000	-1.07037400
96.39999445	0.00000000	-16.46161000	1.99311000
96.59999444	0.00000000	-14.09326000	5.43184000
96.79999442	0.00000000	-10.64838000	7.75713500
96.99999441	0.00000000	-6.74212600	8.91978400
97.19999440	0.00000000	-3.29724400	8.54453700
97.39999439	0.00000000	-1.02116100	6.64370100
97.59999438	0.00000000	-0.97194880	4.31840500
97.79999436	0.00000000	-2.87893700	1.66707700
97.99999435	0.00000000	-5.62869100	-0.23375980
98.19999434	0.00000000	-9.52879000	-0.28297240
98.39999433	0.00000000	-13.71801000	0.41830710
98.59999432	0.00000000	-16.83686000	1.62401600
98.79999430	0.00000000	-18.37475000	3.11269700
98.99999429	0.00000000	-17.99951000	4.26919300
99.19999428	0.00000000	-15.71727000	4.69365100
99.39999427	0.00000000	-12.60458000	4.73671200
99.59999426	0.00000000	-9.11048200	4.73671200
99.79999425	0.00000000	-5.62869100	4.73671200
99.99999423	0.00000000	-3.29724400	4.73671200
100.19999422	0.00000000	-2.09153500	4.77977300
100.39999421	0.00000000	-2.17765700	5.11195900
100.59999420	0.00000000	-4.09079700	5.47490100
100.79999419	0.00000000	-7.48646600	5.06274600
100.99999417	0.00000000	-10.59916000	4.36146600
101.19999416	0.00000000	-12.97982000	3.48794300
101.39999415	0.00000000	-14.92372000	2.36220500
101.59999414	0.00000000	-15.67421000	0.83661410
101.79999413	0.00000000	-15.29897000	0.09227362
101.99999411	0.00000000	-13.76107000	0.09227362
102.19999410	0.00000000	-11.44193000	0.92888770
102.39999409	0.00000000	-9.11048200	3.19881900
102.59999408	0.00000000	-6.74212600	5.85014700
102.79999407	0.00000000	-4.87819900	7.80019600
102.99999406	0.00000000	-4.09079700	9.00590400
103.19999404	0.00000000	-4.83513700	9.33809000
103.39999403	0.00000000	-6.32381900	8.54453700
103.59999402	0.00000000	-7.90477300	6.22539300
103.79999401	0.00000000	-9.52879000	3.15575800
103.99999400	0.00000000	-11.44193000	0.09227362
104.19999398	0.00000000	-13.29970000	-2.18380900
104.39999397	0.00000000	-13.71801000	-2.60211600
104.59999396	0.00000000	-12.97982000	-1.48868100
104.79999395	0.00000000	-11.81102000	0.46751960
104.99999394	0.00000000	-9.90403500	3.15575800
105.19999392	0.00000000	-8.37229300	5.85014700
105.39999391	0.00000000	-7.57258800	7.75713500
105.59999390	0.00000000	-7.16043300	8.54453700
105.79999389	0.00000000	-7.57258800	7.75713500
105.99999388	0.00000000	-8.32308000	5.89320800
106.19999387	0.00000000	-9.48572700	3.57406500
106.39999385	0.00000000	-10.59916000	1.66707700
106.59999384	0.00000000	-11.02362000	0.46136810
106.79999383	0.00000000	-11.06668000	0.09227362
106.99999382	0.00000000	-10.97441000	0.51058070
107.19999381	0.00000000	-10.23007000	2.04232300
107.39999379	0.00000000	-8.74138700	4.26919300
107.59999378	0.00000000	-7.99704600	5.80093500
107.79999377	0.00000000	-7.90477300	6.26845500
107.99999376	0.00000000	-7.94783400	6.21924200
108.19999375	0.00000000	-8.37229300	5.43184000
108.39999374	0.00000000	-9.52879000	3.53100400
108.59999372	0.00000000	-11.02362000	1.66707700
108.79999371	0.00000000	-12.13706000	0.46136810
108.99999370	0.00000000	-12.18012000	0.09227362
109.19999369	0.00000000	-11.44193000	0.46136810
109.39999368	0.00000000	-10.59916000	1.66707700
109.59999366	0.00000000	-9.06742000	3.57406500
109.79999365	0.00000000	-7.20964500	5.85014700
109.99999364	0.00000000	-6.45915300	7.38188900
110.19999363	0.00000000	-6.74212600	7.80019600
110.39999362	0.00000000	-7.52952700	7.38188900
110.59999360	0.00000000	-8.32308000	5.85014700
110.79999359	0.00000000	-9.48572700	3.57406500
110.99999358	0.00000000	-10.64838000	1.66707700
111.19999357	0.00000000	-11.44193000	0.46136810
111.39999356	0.00000000	-12.18012000	0.09227362
111.59999355	0.00000000	-12.13706000	0.46136810
111.79999353	0.00000000	-11.06668000	1.57480300
111.99999352	0.00000000	-9.90403500	2.73745100
112.19999351	0.00000000	-9.11048200	3.57406500
112.39999350	0.00000000	-8.32308000	4.73671200
112.59999349	0.00000000	-7.99704600	5.80093500
112.79999347	0.00000000	-8.32308000	5.85014700
112.99999346	0.00000000	-9.06742000	5.15501900
113.19999345	0.00000000	-9.48572700	4.73671200
113.39999344	0.00000000	-9.86097400	4.31840500
113.59999343	0.00000000	-10.23007000	3.57406500
113.79999341	0.00000000	-9.86097400	3.19881900
113.99999340	0.00000000	-9.52879000	3.15575800
114.19999339	0.00000000	-9.48572700	3.15575800
114.39999338	0.00000000	-9.48572700	3.11269700
114.59999337	0.00000000	-9.48572700	2.78051200
114.79999336	0.00000000	-9.48572700	2.36835600
114.99999334	0.00000000	-9.48572700	2.36220500
115.19999333	0.00000000	-9.48572700	1.99311000
115.39999332	0.00000000	-9.48572700	2.04232300
115.59999331	0.00000000	-9.48572700	2.73745100
115.79999330	0.00000000	-9.48572700	3.15575800
115.99999328	0.00000000	-9.48572700	3.57406500
116.19999327	0.00000000	-9.52879000	4.31840500
116.39999326	0.00000000	-9.90403500	4.73671200
116.59999325	0.00000000	-10.64838000	5.11195900
116.79999324	0.00000000	-10.97441000	5.47490100
116.99999322	0.00000000	-10.64838000	5.06274600
117.19999321	0.00000000	-9.86097400	4.36146600
117.39999320	0.00000000	-9.11048200	3.53100400
117.59999319	0.00000000	-8.32308000	2.78051200
117.79999318	0.00000000	-7.90477300	1.99311000
117.99999317	0.00000000	-7.52952700	1.61786400
118.19999315	0.00000000	-7.16043300	1.61786400
118.39999314	0.00000000	-7.62180000	1.99311000
118.59999313	0.00000000	-8.69832600	2.78051200
118.79999312	0.00000000	-10.27313000	3.53100400
118.99999311	0.00000000	-11.39887000	4.36146600
119.19999309	0.00000000	-12.22933000	5.11195900
119.39999308	0.00000000	-12.55536000	5.85014700
119.59999307	0.00000000	-12.18012000	5.85014700
119.79999306	0.00000000	-11.06668000	5.15501900
119.99999305	0.00000000	-9.90403500	4.77977300
120.19999303	0.00000000	-9.06742000	4.69365100
120.39999302	0.00000000	-7.90477300	4.31840500
120.59999301	0.00000000	-6.79133800	3.57406500
120.79999300	0.00000000	-6.41609200	3.19881900
120.99999299	0.00000000	-6.74212600	3.15575800
121.19999298	0.00000000	-7.52952700	3.11269700
121.39999296	0.00000000	-8.32308000	2.73745100
121.59999295	0.00000000	-9.52879000	2.04232300
121.79999294	0.00000000	-11.02362000	2.04232300
121.99999293	0.00000000	-12.18012000	2.78051200
122.19999292	0.00000000	-12.55536000	3.53100400
122.39999290	0.00000000	-12.22933000	4.31840500
122.59999289	0.00000000	-11.44193000	4.73671200
122.79999288	0.00000000	-10.64838000	5.11195900
122.99999287	0.00000000	-9.48572700	5.47490100
123.19999286	0.00000000	-8.32308000	5.11195900
123.39999284	0.00000000	-7.57258800	4.73671200
123.59999283	0.00000000	-7.16043300	4.31840500
123.79999282	0.00000000	-7.52952700	3.57406500
123.99999281	0.00000000	-7.90477300	3.15575800
124.19999280	0.00000000	-8.32308000	2.73745100
124.39999279	0.00000000	-9.11048200	2.04232300
124.59999277	0.00000000	-9.86097400	2.04232300
124.79999276	0.00000000	-10.64838000	2.73745100
124.99999275	0.00000000	-11.02362000	3.15575800
125.19999274	0.00000000	-11.06668000	3.57406500
125.39999273	0.00000000	-11.06668000	4.31840500
125.59999271	0.00000000	-11.02362000	4.69365100
125.79999270	0.00000000	-10.59916000	4.73671200
125.99999269	0.00000000	-9.48572700	4.73671200
126.19999268	0.00000000	-8.32308000	4.73671200
126.39999267	0.00000000	-7.57258800	4.69365100
126.59999265	0.00000000	-7.16043300	4.31840500
126.79999264	0.00000000	-7.52952700	3.57406500
126.99999263	0.00000000	-7.90477300	3.19881900
127.19999262	0.00000000	-8.37229300	3.15575800
127.39999261	0.00000000	-9.48572700	3.15575800
127.59999260	0.00000000	-10.64838000	3.15575800
127.79999258	0.00000000	-11.39887000	3.15575800
127.99999257	0.00000000	-11.81102000	3.15575800
128.19999256	0.00000000	-11.39887000	3.19881900
128.39999255	0.00000000	-10.64838000	3.57406500
128.59999254	0.00000000	-9.48572700	4.31840500
128.79999252	0.00000000	-8.32308000	4.69365100
128.99999251	0.00000000	-7.57258800	4.69365100
129.19999250	0.00000000	-7.16043300	4.36146600
129.39999249	0.00000000	-7.57258800	3.94931100
129.59999248	0.00000000	-8.28001900	3.94315900
129.79999246	0.00000000	-9.11048200	3.53100400
129.99999245	0.00000000	-9.86097400	3.19881900
130.19999244	0.00000000	-10.64838000	3.15575800
130.39999243	0.00000000	-11.02362000	3.19881900
130.59999242	0.00000000	-11.02362000	3.57406500
130.79999241	0.00000000	-10.64838000	4.31840500
130.99999239	0.00000000	-9.86097400	4.69365100
131.19999238	0.00000000	-9.11048200	4.73671200
131.39999237	0.00000000	-8.32308000	4.69365100
131.59999236	0.00000000	-7.94783400	4.31840500
131.79999235	0.00000000	-7.90477300	3.53100400
131.99999233	0.00000000	-7.94783400	2.82357300
132.19999232	0.00000000	-8.32308000	2.36835600
132.39999231	0.00000000	-9.11048200	2.40526600
132.59999230	0.00000000	-9.81791200	2.36835600
132.79999229	0.00000000	-10.23007000	2.82357300
132.99999227	0.00000000	-9.86097400	3.53100400
133.19999226	0.00000000	-9.52879000	4.31840500
133.39999225	0.00000000	-9.48572700	4.73671200
133.59999224	0.00000000	-9.44266700	5.11195900
133.79999223	0.00000000	-9.11048200	5.47490100
133.99999222	0.00000000	-8.74138700	5.06274600
134.19999220	0.00000000	-9.11048200	4.36146600
134.39999219	0.00000000	-9.44266700	3.53100400
134.59999218	0.00000000	-9.48572700	2.78051200
134.79999217	0.00000000	-9.48572700	1.99311000
134.99999216	0.00000000	-9.44266700	1.61786400
135.19999214	0.00000000	-9.06742000	1.61786400
135.39999213	0.00000000	-8.37229300	1.99311000
135.59999212	0.00000000	-8.37229300	2.78051200
135.79999211	0.00000000	-9.06742000	3.53100400
135.99999210	0.00000000	-9.44266700	4.31840500
136.19999208	0.00000000	-9.52879000	4.69365100
136.39999207	0.00000000	-9.90403500	4.73671200
136.59999206	0.00000000	-10.64838000	4.73671200
136.79999205	0.00000000	-10.97441000	4.73671200
136.99999204	0.00000000	-10.64838000	4.69365100
137.19999203	0.00000000	-9.86097400	4.31840500
137.39999201	0.00000000	-9.11048200	3.57406500
137.59999200	0.00000000	-8.32308000	3.15575800
137.79999199	0.00000000	-7.94783400	2.73745100
137.99999198	0.00000000	-7.90477300	1.99311000
138.19999197	0.00000000	-7.94783400	1.66707700
138.39999195	0.00000000	-8.37229300	1.99311000
138.59999194	0.00000000	-9.48572700	2.78051200
138.79999193	0.00000000	-10.59916000	3.53100400
138.99999192	0.00000000	-11.02362000	4.31840500
139.19999191	0.00000000	-11.02362000	4.73671200
139.39999189	0.00000000	-10.64838000	5.15501900
139.59999188	0.00000000	-9.90403500	5.85014700
139.79999187	0.00000000	-9.48572700	5.85014700
139.99999186	0.00000000	-9.06742000	5.11195900
140.19999185	0.00000000	-8.32308000	4.36146600
140.39999184	0.00000000	-7.94783400	3.53100400
140.59999182	0.00000000	-7.94783400	2.78051200
140.79999181	0.00000000	-8.32308000	1.99311000
140.99999180	0.00000000	-9.06742000	1.61786400
141.19999179	0.00000000	-9.48572700	1.57480300
141.39999178	0.00000000	-9.86097400	1.61786400
141.59999176	0.00000000	-10.23007000	2.04232300
141.79999175	0.00000000	-9.86097400	3.15575800
141.99999174	0.00000000	-9.52879000	4.31840500
142.19999173	0.00000000	-9.44266700	5.11195900
142.39999172	0.00000000	-9.06742000	5.85014700
142.59999170	0.00000000	-8.32308000	5.85014700
142.79999169	0.00000000	-7.94783400	5.11195900
142.99999168	0.00000000	-7.94783400	4.36146600
143.19999167	0.00000000	-8.32308000	3.53100400
143.39999166	0.00000000	-9.06742000	2.78051200
143.59999165	0.00000000	-9.44266700	1.99311000
143.79999163	0.00000000	-9.48572700	1.66707700
143.99999162	0.00000000	-9.44266700	1.99311000
144.19999161	0.00000000	-9.06742000	2.78051200
144.39999160	0.00000000	-8.32308000	3.53100400
144.59999159	0.00000000	-7.94783400	4.31840500
144.79999157	0.00000000	-7.90477300	4.69365100
144.99999156	0.00000000	-7.94783400	4.73671200
145.19999155	0.00000000	-8.32308000	4.73671200
145.39999154	0.00000000	-9.06742000	4.69365100
145.59999153	0.00000000	-9.44266700	4.31840500
145.79999151	0.00000000	-9.48572700	3.53100400
145.99999150	0.00000000	-9.48572700	2.82357300
146.19999149	0.00000000	-9.48572700	2.41141700
146.39999148	0.00000000	-9.48572700	2.78051200
146.59999147	0.00000000	-9.48572700	3.11269700
146.79999146	0.00000000	-9.44266700	3.15575800
146.99999144	0.00000000	-9.06742000	3.19881900
147.19999143	0.00000000	-8.32308000	3.57406500
147.39999142	0.00000000	-7.94783400	4.31840500
147.59999141	0.00000000	-7.90477300	4.69365100
147.79999140	0.00000000	-7.94783400	4.73671200
147.99999138	0.00000000	-8.32308000	4.73671200
148.19999137	0.00000000	-9.06742000	4.73671200
148.39999136	0.00000000	-9.44266700	4.73671200
148.59999135	0.00000000	-9.48572700	4.69365100
148.79999134	0.00000000	-9.48572700	4.31840500
148.99999132	0.00000000	-9.48572700	3.57406500
149.19999131	0.00000000	-9.48572700	3.19881900
149.39999130	0.00000000	-9.44266700	3.15575800
149.59999129	0.00000000	-9.06742000	3.15575800
149.79999128	0.00000000	-8.32308000	3.15575800
149.99999127	0.00000000	-7.94783400	3.19881900
150.19999125	0.00000000	-7.90477300	3.57406500
150.39999124	0.00000000	-7.94783400	4.31840500
150.59999123	0.00000000	-8.32308000	4.69365100
150.79999122	0.00000000	-9.06742000	4.73671200
150.99999121	0.00000000	-9.44266700	4.73671200
151.19999119	0.00000000	-9.48572700	4.69365100
151.39999118	0.00000000	-9.48572700	4.31840500
151.59999117	0.00000000	-9.48572700	3.57406500
151.79999116	0.00000000	-9.48572700	3.19881900
151.99999115	0.00000000	-9.44266700	3.15575800
152.19999113	0.00000000	-9.11048200	3.15575800
152.39999112	0.00000000	-8.69832600	3.15575800
152.59999111	0.00000000	-8.69217500	3.15575800
152.79999110	0.00000000	-8.28001900	3.19881900
152.99999109	0.00000000	-7.94783400	3.53100400
153.19999108	0.00000000	-7.94783400	3.94315900
153.39999106	0.00000000	-8.32308000	3.94931100
153.59999105	0.00000000	-9.06742000	4.36146600
153.79999104	0.00000000	-9.44266700	4.69365100
153.99999103	0.00000000	-9.48572700	4.73671200
154.19999102	0.00000000	-9.48572700	4.73671200
154.39999100	0.00000000	-9.48572700	4.69365100
154.59999099	0.00000000	-9.48572700	4.31840500
154.79999098	0.00000000	-9.48572700	3.57406500
154.99999097	0.00000000	-9.48572700	3.19881900
155.19999096	0.00000000	-9.44266700	3.15575800
155.39999094	0.00000000	-9.06742000	3.15575800
155.59999093	0.00000000	-8.32308000	3.19881900
155.79999092	0.00000000	-7.94783400	3.53100400
155.99999091	0.00000000	-7.94783400	3.90009800
156.19999090	0.00000000	-8.32308000	3.57406500
156.39999089	0.00000000	-9.06742000	3.62327700
156.59999087	0.00000000	-9.44266700	4.31840500
156.79999086	0.00000000	-9.48572700	4.69365100
156.99999085	0.00000000	-9.48572700	4.73671200
157.19999084	0.00000000	-9.48572700	4.73671200
157.39999083	0.00000000	-9.48572700	4.73671200
157.59999081	0.00000000	-9.48572700	4.69365100
157.79999080	0.00000000	-9.44266700	4.31840500
157.99999079	0.00000000	-9.06742000	3.57406500
158.19999078	0.00000000	-8.32308000	3.19881900
158.39999077	0.00000000	-7.94783400	3.15575800
158.59999075	0.00000000	-7.90477300	3.15575800
158.79999074	0.00000000	-7.90477300	3.15575800
158.99999073	0.00000000	-7.90477300	3.19881900
159.19999072	0.00000000	-7.94783400	3.57406500
159.39999071	0.00000000	-8.32308000	4.31840500
159.59999070	0.00000000	-9.06742000	4.69365100
159.79999068	0.00000000	-9.44266700	4.73671200
159.99999067	0.00000000	-9.48572700	4.73671200
160.19999066	0.00000000	-9.48572700	4.73671200
160.39999065	0.00000000	-9.48572700	4.73671200
160.59999064	0.00000000	-9.48572700	4.69365100
160.79999062	0.00000000	-9.48572700	4.31840500
160.99999061	0.00000000	-9.48572700	3.57406500
161.19999060	0.00000000	-9.48572700	3.19881900
161.39999059	0.00000000	-9.44266700	3.15575800
161.59999058	0.00000000	-9.06742000	3.15575800
161.79999056	0.00000000	-8.32308000	3.15575800
161.99999055	0.00000000	-7.94783400	3.15575800
162.19999054	0.00000000	-7.90477300	3.19881900
162.39999053	0.00000000	-7.90477300	3.57406500
162.59999052	0.00000000	-7.94783400	4.31840500
162.79999051	0.00000000	-8.32308000	4.69365100
162.99999049	0.00000000	-9.06742000	4.73671200
163.19999048	0.00000000	-9.44266700	4.73671200
163.39999047	0.00000000	-9.48572700	4.69365100
163.59999046	0.00000000	-9.48572700	4.31840500
163.79999045	0.00000000	-9.48572700	3.57406500
163.99999043	0.00000000	-9.48572700	3.19881900
164.19999042	0.00000000	-9.48572700	3.15575800
164.39999041	0.00000000	-9.44266700	3.15575800
164.59999040	0.00000000	-9.06742000	3.15575800
164.79999039	0.00000000	-8.32308000	3.15575800
164.99999037	0.00000000	-7.94783400	3.15575800
165.19999036	0.00000000	-7.90477300	3.15575800
165.39999035	0.00000000	-7.90477300	3.15575800
165.59999034	0.00000000	-7.94783400	3.19881900
165.79999033	0.00000000	-8.32308000	3.57406500
165.99999032	0.00000000	-9.06742000	4.31840500
166.19999030	0.00000000	-9.44266700	4.69365100
166.39999029	0.00000000	-9.48572700	4.73671200
166.59999028	0.00000000	-9.48572700	4.73671200
166.79999027	0.00000000	-9.48572700	4.69365100
166.99999026	0.00000000	-9.48572700	4.31840500
167.19999024	0.00000000	-9.48572700	3.57406500
167.39999023	0.00000000	-9.44266700	3.19881900
167.59999022	0.00000000	-9.06742000	3.15575800
167.79999021	0.00000000	-8.32308000	3.15575800
167.99999020	0.00000000	-7.94783400	3.15575800
168.19999018	0.00000000	-7.90477300	3.15575800
168.39999017	0.00000000	-7.94783400	3.15575800
168.59999016	0.00000000	-8.32308000	3.15575800
168.79999015	0.00000000	-9.01820900	3.19881900
168.99999014	0.00000000	-9.06742000	3.53100400
169.19999013	0.00000000	-8.74138700	3.90009800
169.39999011	0.00000000	-9.11048200	3.53100400
169.59999010	0.00000000	-9.44266700	3.19881900
169.79999009	0.00000000	-9.48572700	3.19881900
169.99999008	0.00000000	-9.48572700	3.53100400
170.19999007	0.00000000	-9.48572700	3.90009800
170.39999005	0.00000000	-9.48572700	3.53100400
170.59999004	0.00000000	-9.48572700	3.24803100
170.79999003	0.00000000	-9.48572700	3.53100400
170.99999002	0.00000000	-9.44266700	3.90009800
171.19999001	0.00000000	-9.06742000	3.53100400
171.39998999	0.00000000	-8.32308000	3.19881900
171.59998998	0.00000000	-7.94783400	3.15575800
171.79998997	0.00000000	-7.90477300	3.15575800
171.99998996	0.00000000	-7.94783400	3.15575800
172.19998995	0.00000000	-8.32308000	3.15575800
172.39998994	0.00000000	-9.06742000	3.15575800
172.59998992	0.00000000	-9.44266700	3.19881900
172.79998991	0.00000000	-9.48572700	3.57406500
172.99998990	0.00000000	-9.48572700	4.31840500
173.19998989	0.00000000	-9.44266700	4.64443900
173.39998988	0.00000000	-9.06742000	4.31840500
173.59998986	0.00000000	-8.32308000	3.57406500
173.79998985	0.00000000	-7.94783400	3.19881900
173.99998984	0.00000000	-7.90477300	3.15575800
174.19998983	0.00000000	-7.90477300	3.15575800
174.39998982	0.00000000	-7.90477300	3.15575800
174.59998980	0.00000000	-7.94783400	3.15575800
174.79998979	0.00000000	-8.32308000	3.15575800
174.99998978	0.00000000	-9.06742000	3.15575800
175.19998977	0.00000000	-9.39345400	3.19881900
175.39998976	0.00000000	-9.11048200	3.53100400
175.59998975	0.00000000	-8.74138700	3.94315900
175.79998973	0.00000000	-9.11048200	3.94931100
175.99998972	0.00000000	-9.39345400	4.31840500
176.19998971	0.00000000	-9.11048200	4.31840500
176.39998970	0.00000000	-8.69832600	3.99237200
176.59998969	0.00000000	-8.69217500	4.31840500
176.79998967	0.00000000	-8.28001900	4.26919300
176.99998966	0.00000000	-7.99704600	3.57406500
177.19998965	0.00000000	-8.28001900	3.19881900
177.39998964	0.00000000	-8.69217500	3.15575800
177.59998963	0.00000000	-8.69832600	3.15575800
177.79998961	0.00000000	-9.11048200	3.15575800
177.99998960	0.00000000	-9.44266700	3.15575800
178.19998959	0.00000000	-9.48572700	3.15575800
178.39998958	0.00000000	-9.48572700	3.19881900
178.59998957	0.00000000	-9.48572700	3.57406500
178.79998956	0.00000000	-9.48572700	4.26919300
178.99998954	0.00000000	-9.44266700	4.31840500
179.19998953	0.00000000	-9.06742000	3.99237200
179.39998952	0.00000000	-8.32308000	4.31840500
179.59998951	0.00000000	-7.94783400	4.26919300
179.79998950	0.00000000	-7.90477300	3.57406500
179.99998948	0.00000000	-7.94783400	3.19881900
180.19998947	0.00000000	-8.28001900	3.15575800
180.39998946	0.00000000	-8.64911400	3.15575800
180.59998945	0.00000000	-8.32308000	3.15575800
180.79998944	0.00000000	-8.37229300	3.15575800
180.99998942	0.00000000	-9.06742000	3.19881900
181.19998941	0.00000000	-9.44266700	3.57406500
181.39998940	0.00000000	-9.48572700	4.31840500
181.59998939	0.00000000	-9.48572700	4.69365100
181.79998938	0.00000000	-9.48572700	4.73671200
181.99998937	0.00000000	-9.44266700	4.73671200
182.19998935	0.00000000	-9.06742000	4.73671200
182.39998934	0.00000000	-8.32308000	4.69365100
182.59998933	0.00000000	-7.94783400	4.31840500
182.79998932	0.00000000	-7.90477300	3.57406500
182.99998931	0.00000000	-7.90477300	3.19881900
183.19998929	0.00000000	-7.90477300	3.15575800
183.39998928	0.00000000	-7.94783400	3.15575800
183.59998927	0.00000000	-8.32308000	3.15575800
183.79998926	0.00000000	-9.01820900	3.19881900
183.99998925	0.00000000	-9.01820900	3.53100400
184.19998923	0.00000000	-8.37229300	3.94315900
184.39998922	0.00000000	-8.37229300	3.94931100
184.59998921	0.00000000	-9.01820900	4.36146600
184.79998920	0.00000000	-9.06742000	4.69365100
184.99998919	0.00000000	-8.69832600	4.73671200
185.19998918	0.00000000	-8.69217500	4.73671200
185.39998916	0.00000000	-8.28001900	4.73671200
185.59998915	0.00000000	-7.94783400	4.69365100
185.79998914	0.00000000	-7.90477300	4.31840500
185.99998913	0.00000000	-7.90477300	3.57406500
186.19998912	0.00000000	-7.90477300	3.19881900
186.39998910	0.00000000	-7.94783400	3.15575800
186.59998909	0.00000000	-8.32308000	3.15575800
186.79998908	0.00000000	-9.06742000	3.15575800
186.99998907	0.00000000	-9.44266700	3.19881900
187.19998906	0.00000000	-9.48572700	3.57406500
187.39998904	0.00000000	-9.48572700	4.31840500
187.59998903	0.00000000	-9.48572700	4.69365100
187.79998902	0.00000000	-9.48572700	4.73671200
187.99998901	0.00000000	-9.44266700	4.73671200
188.19998900	0.00000000	-9.06742000	4.73671200
188.39998899	0.00000000	-8.32308000	4.69365100
188.59998897	0.00000000	-7.94783400	4.31840500
188.79998896	0.00000000	-7.90477300	3.57406500
188.99998895	0.00000000	-7.90477300	3.19881900
189.19998894	0.00000000	-7.90477300	3.15575800
189.39998893	0.00000000	-7.90477300	3.15575800
189.59998891	0.00000000	-7.94783400	3.15575800
189.79998890	0.00000000	-8.32308000	3.15575800
189.99998889	0.00000000	-9.06742000	3.19881900
190.19998888	0.00000000	-9.44266700	3.57406500
190.39998887	0.00000000	-9.48572700	4.31840500
190.59998885	0.00000000	-9.48572700	4.69365100
190.79998884	0.00000000	-9.48572700	4.73671200
190.99998883	0.00000000	-9.44266700	4.73671200
191.19998882	0.00000000	-9.06742000	4.73671200
191.39998881	0.00000000	-8.32308000	4.69365100
191.59998880	0.00000000	-7.94783400	4.31840500
191.79998878	0.00000000	-7.90477300	3.57406500
191.99998877	0.00000000	-7.90477300	3.19881900
192.19998876	0.00000000	-7.90477300	3.15575800
192.39998875	0.00000000	-7.90477300	3.15575800
192.59998874	0.00000000	-7.90477300	3.15575800
192.79998872	0.00000000	-7.94783400	3.15575800
192.99998871	0.00000000	-8.32308000	3.19881900
193.19998870	0.00000000	-9.06742000	3.57406500
193.39998869	0.00000000	-9.39345400	4.31840500
193.59998868	0.00000000	-9.11048200	4.69365100
193.79998866	0.00000000	-8.69832600	4.73671200
193.99998865	0.00000000	-8.69217500	4.73671200
194.19998864	0.00000000	-8.28001900	4.73671200
194.39998863	0.00000000	-7.94783400	4.73671200
194.59998862	0.00000000	-7.90477300	4.73671200
194.79998861	0.00000000	-7.90477300	4.73671200
194.99998859	0.00000000	-7.90477300	4.69365100
195.19998858	0.00000000	-7.90477300	4.31840500
195.39998857	0.00000000	-7.94783400	3.57406500
195.59998856	0.00000000	-8.32308000	3.19881900
195.79998855	0.00000000	-9.06742000	3.15575800
195.99998853	0.00000000	-9.39345400	3.15575800
