Time	Channel A	Channel B	Channel C
(us)	(V)	(mV)	(mV)

-4.59999956	0.00000000	9.48572700	-3.90009800
-4.39999957	0.00000000	9.48572700	-3.53100400
-4.19999958	0.00000000	9.44266700	-3.24803100
-3.99999959	0.00000000	9.06742000	-3.57406500
-3.79999960	0.00000000	8.32308000	-4.31840500
-3.59999962	0.00000000	7.99704600	-4.69365100
-3.39999963	0.00000000	8.28001900	-4.73671200
-3.19999964	0.00000000	8.69217500	-4.73671200
-2.99999965	0.00000000	8.65526600	-4.73671200
-2.79999966	0.00000000	8.69217500	-4.73671200
-2.59999968	0.00000000	8.28001900	-4.73671200
-2.39999969	0.00000000	7.94783400	-4.73671200
-2.19999970	0.00000000	7.90477300	-4.73671200
-1.99999971	0.00000000	7.90477300	-4.73671200
-1.79999972	0.00000000	7.90477300	-4.73671200
-1.59999973	0.00000000	7.94783400	-4.73671200
-1.39999975	0.00000000	8.28001900	-4.73671200
-1.19999976	0.00000000	8.64911400	-4.73671200
-0.99999977	0.00000000	8.28001900	-4.73671200
-0.79999978	0.00000000	7.94783400	-4.73671200
-0.59999979	0.00000000	7.90477300	-4.73671200
-0.39999981	0.15871060	7.90477300	-4.73671200
-0.19999982	0.47736220	7.90477300	-4.73671200
0.00000017	0.79601380	7.94783400	-4.73671200
0.20000016	0.95533960	8.32308000	-4.73671200
0.40000015	0.95533960	9.01820900	-4.73671200
0.60000013	0.63668800	9.01820900	-4.73671200
0.80000012	0.00000000	8.32308000	-4.73671200
1.00000011	-0.95533960	7.94783400	-4.73671200
1.20000010	-1.91129400	7.94783400	-4.73671200
1.40000009	-2.54859700	8.32308000	-4.73671200
1.60000008	-2.70792300	9.06742000	-4.69365100
1.80000006	-2.07062000	9.39345400	-4.31840500
2.00000005	-0.63668800	9.11048200	-3.57406500
2.20000004	1.27399100	8.74138700	-3.24803100
2.40000003	3.34522600	9.11048200	-3.57406500
2.60000002	4.93786900	9.39345400	-4.31840500
2.80000000	5.41584600	9.06742000	-4.69365100
2.99999999	4.30056600	8.32308000	-4.73671200
3.19999998	1.91129400	7.94783400	-4.73671200
3.39999997	-1.27399100	7.90477300	-4.73671200
3.59999996	-4.61921700	7.94783400	-4.73671200
3.79999994	-7.16781500	8.32308000	-4.73671200
3.99999993	-7.96444400	9.01820900	-4.69365100
4.19999992	-6.84916400	9.06742000	-4.31840500
4.39999991	-3.66326300	8.69832600	-3.57406500
4.59999990	0.47736220	8.69217500	-3.19881900
4.79999989	4.93786900	8.28001900	-3.19881900
4.99999987	8.12377000	7.94783400	-3.57406500
5.19999986	9.55770200	7.90477300	-4.31840500
5.39999985	8.44242100	7.90477300	-4.69365100
5.59999984	5.25652100	7.90477300	-4.73671200
5.79999983	0.63668800	7.90477300	-4.73671200
5.99999981	-4.14124000	7.94783400	-4.73671200
6.19999980	-7.80511800	8.32308000	-4.69365100
6.39999979	-9.39837600	9.06742000	-4.31840500
6.59999978	-8.76107300	9.44266700	-3.57406500
6.79999977	-5.89382400	9.48572700	-3.19881900
6.99999975	-1.75196900	9.48572700	-3.15575800
7.19999974	2.54859700	9.44266700	-3.19881900
7.39999973	5.89382400	9.06742000	-3.57406500
7.59999972	7.64579200	8.32308000	-4.31840500
7.79999971	7.32714100	7.94783400	-4.69365100
7.99999970	5.25652100	7.90477300	-4.73671200
8.19999968	2.22994600	7.90477300	-4.73671200
8.39999967	-0.95533960	7.94783400	-4.73671200
8.59999966	-3.66326300	8.28001900	-4.73671200
8.79999965	-5.09719500	8.64911400	-4.73671200
8.99999964	-5.09719500	8.28001900	-4.73671200
9.19999962	-3.82258900	7.94783400	-4.69365100
9.39999961	-1.91129400	7.90477300	-4.36146600
9.59999960	0.00000000	7.90477300	-3.99237200
9.79999959	1.59264300	7.90477300	-4.36146600
9.99999958	2.38927200	7.90477300	-4.69365100
10.19999956	2.54859700	7.90477300	-4.73671200
10.39999955	1.91129400	7.94783400	-4.73671200
10.59999954	1.11466500	8.28001900	-4.73671200
10.79999953	0.31803640	8.64911400	-4.73671200
10.99999952	-0.47736220	8.32308000	-4.73671200
11.19999951	-0.79601380	8.32308000	-4.73671200
11.39999949	-0.95533960	8.64911400	-4.73671200
11.59999948	-0.79601380	8.28001900	-4.73671200
11.79999947	-0.63668800	7.94783400	-4.73671200
11.99999946	-0.31803640	7.90477300	-4.73671200
12.19999945	-0.15871060	7.90477300	-4.73671200
12.39999943	-0.15871060	7.90477300	-4.73671200
12.59999942	0.00000000	7.94783400	-4.73671200
12.79999941	0.00000000	8.28001900	-4.73671200
12.99999940	0.00000000	8.64911400	-4.73671200
13.19999939	0.00000000	8.32308000	-4.73671200
13.39999937	0.00000000	8.32308000	-4.73671200
13.59999936	0.00000000	8.69217500	-4.73671200
13.79999935	0.00000000	8.69832600	-4.73671200
13.99999934	-0.15871060	9.06742000	-4.73671200
14.19999933	-0.15871060	9.01820900	-4.73671200
14.39999932	-0.15871060	8.32308000	-4.73671200
14.59999930	-0.15871060	7.94783400	-4.73671200
14.79999929	0.00000000	7.90477300	-4.73671200
14.99999928	0.00000000	7.90477300	-4.73671200
15.19999927	0.00000000	7.90477300	-4.73671200
15.39999926	0.00000000	7.90477300	-4.73671200
15.59999924	0.00000000	7.90477300	-4.73671200
15.79999923	0.00000000	7.90477300	-4.73671200
15.99999922	0.00000000	7.90477300	-4.73671200
16.19999921	0.00000000	7.90477300	-4.77977300
16.39999920	0.00000000	7.94783400	-5.06274600
16.59999919	-0.15871060	8.32308000	-5.09965500
16.79999917	-0.15871060	9.06742000	-4.36761800
16.99999916	-0.15871060	9.44266700	-4.40452700
17.19999915	0.00000000	9.52879000	-4.69365100
17.39999914	0.00000000	9.90403500	-4.73671200
17.59999913	0.00000000	10.59916000	-4.73671200
17.79999911	0.00000000	10.55610000	-4.73671200
17.99999910	0.00000000	9.44266700	-4.73671200
18.19999909	0.00000000	7.90477300	-4.73671200
18.39999908	0.00000000	6.32381900	-4.73671200
18.59999907	0.00000000	4.78592500	-4.73671200
18.79999905	0.00000000	3.62942900	-4.73671200
18.99999904	-0.15871060	3.25418300	-4.73671200
19.19999903	0.00000000	3.67249000	-4.73671200
19.39999902	0.00000000	5.29650500	-4.73671200
19.59999901	0.00000000	8.41535400	-4.73671200
19.79999900	0.00000000	12.60458000	-4.73671200
19.99999898	0.00000000	16.46161000	-4.73671200
20.19999897	0.00000000	18.79306000	-4.73671200
20.39999896	0.00000000	19.53125000	-4.73671200
20.59999895	0.00000000	17.90723000	-4.73671200
20.79999894	0.00000000	13.58268000	-4.73671200
20.99999892	0.00000000	6.97588500	-4.73671200
21.19999891	0.00000000	-1.11343500	-4.73671200
21.39999890	0.00000000	-8.37844500	-4.73671200
21.59999889	0.00000000	-12.56767000	-4.73671200
21.79999888	0.00000000	-12.14321000	-4.73671200
21.99999886	0.00000000	-6.66215500	-4.73671200
22.19999885	0.00000000	3.02042300	-4.73671200
22.39999884	0.00000000	15.43430000	-4.73671200
22.59999883	0.00000000	27.72515000	-4.73671200
22.79999882	0.00000000	36.98326000	-4.69365100
22.99999881	0.00000000	40.38509000	-4.31840500
23.19999879	0.00000000	36.79872000	-3.57406500
23.39999878	-0.15871060	25.95349000	-3.19881900
23.59999877	0.00000000	9.68257800	-3.15575800
23.79999876	0.00000000	-8.05241100	-3.15575800
23.99999875	0.00000000	-23.86811000	-3.15575800
24.19999873	0.00000000	-33.04010000	-3.19881900
24.39999872	0.00000000	-32.99704000	-3.62327700
24.59999871	0.00000000	-23.26525000	-4.77977300
24.79999870	0.00000000	-5.08120100	-6.31151500
24.99999869	0.00000000	17.25517000	-7.89247000
25.19999867	0.00000000	38.51501000	-9.38115100
25.39999866	0.00000000	53.54945000	-10.11934000
25.59999865	0.00000000	58.94439000	-9.33809000
25.79999864	0.00000000	53.08193000	-7.43110200
25.99999863	0.00000000	36.79872000	-4.64443900
26.19999862	0.00000000	13.25664000	-1.15649600
26.39999860	0.00000000	-12.14936000	2.69439000
26.59999859	0.00000000	-32.62180000	5.71481200
26.79999858	0.00000000	-43.51009000	6.82824800
26.99999857	0.00000000	-43.08563000	5.24729300
27.19999856	0.00000000	-31.08391000	0.97810030
27.39999854	0.00000000	-9.91633800	-5.24729300
27.59999853	0.00000000	14.79454000	-12.58612000
27.79999852	0.00000000	37.22318000	-19.50664000
27.99999851	0.00000000	52.70669000	-24.06496000
28.19999850	0.00000000	57.78174000	-24.80315000
28.39999848	0.00000000	52.05462000	-20.85999000
28.59999847	0.00000000	37.35236000	-12.72761000
28.79999846	0.00000000	16.87992000	-1.48868100
28.99999845	0.00000000	-4.74901600	10.40846000
29.19999844	0.00000000	-22.57013000	20.02337000
29.39999843	0.00000000	-33.04010000	24.66781000
29.59999841	0.00000000	-34.24581000	23.46826000
29.79999840	0.00000000	-26.19340000	16.40010000
29.99999839	0.00000000	-11.54035000	3.62942900
30.19999838	0.00000000	6.23154500	-12.11860000
30.39999837	0.00000000	23.25910000	-26.80241000
30.59999835	0.00000000	35.72834000	-37.21087000
30.79999834	0.00000000	42.00910000	-41.06791000
30.99999833	0.00000000	41.59080000	-37.16781000
31.19999832	0.00000000	34.28272000	-26.34104000
31.39999831	0.00000000	21.95497000	-10.45152000
31.59999829	0.00000000	7.99704600	7.25270600
31.79999828	0.00000000	-5.21653500	22.71777000
31.99999827	0.00000000	-15.21900000	32.34498000
32.19999826	0.00000000	-19.49434000	34.33194000
32.39999825	0.00000000	-17.26132000	28.11270000
32.59999824	0.00000000	-9.95939900	15.37894000
32.79999822	0.00000000	0.46751960	-1.66707700
32.99999821	0.00000000	11.71875000	-19.37131000
33.19999820	0.00000000	21.35212000	-33.72293000
33.39999819	0.00000000	27.57751000	-41.81841000
33.59999818	0.00000000	28.74631000	-42.23056000
33.79999816	0.00000000	25.34449000	-34.51648000
33.99999815	0.00000000	18.41781000	-21.03838000
34.19999814	0.00000000	9.90403500	-4.73671200
34.39999813	0.00000000	1.80856300	11.47884000
34.59999812	0.00000000	-4.37376900	24.16338000
34.79999810	0.00000000	-6.70521600	30.01353000
34.99999809	0.00000000	-5.21653500	28.11270000
35.19999808	0.00000000	-0.60900590	19.64813000
35.39999807	0.00000000	5.94857300	6.13312000
35.59999806	0.00000000	12.46924000	-8.87672100
35.79999805	0.00000000	17.48893000	-22.02264000
35.99999803	0.00000000	19.39591000	-30.52411000
36.19999802	0.00000000	17.95029000	-32.47416000
36.39999801	0.00000000	14.09326000	-27.87278000
36.59999800	0.00000000	9.06742000	-17.88263000
36.79999799	0.00000000	3.67249000	-5.20423200
36.99999797	0.00000000	-0.47367120	6.69291300
37.19999796	0.00000000	-1.67938000	14.81914000
37.39999795	0.00000000	0.17839570	17.15059000
37.59999794	0.00000000	3.62942900	13.70571000
37.79999793	0.00000000	7.94783400	5.29650500
37.99999791	0.00000000	12.55536000	-5.38262700
38.19999790	0.00000000	16.36934000	-14.63459000
38.39999789	0.00000000	17.90723000	-20.39862000
38.59999788	0.00000000	16.83686000	-21.13681000
38.79999787	0.00000000	14.13632000	-16.21555000
38.99999786	0.00000000	10.59916000	-7.80634800
39.19999784	0.00000000	6.32381900	1.39640700
39.39999783	0.00000000	2.13459600	9.06126900
39.59999782	0.00000000	-0.60900590	12.45694000
39.79999781	0.00000000	-1.40255900	10.54995000
39.99999780	0.00000000	-0.60900590	3.67249000
40.19999778	0.00000000	2.13459600	-5.89320800
40.39999777	0.00000000	6.32381900	-15.09596000
40.59999776	0.00000000	10.59916000	-21.64739000
40.79999775	0.00000000	14.13632000	-23.55438000
40.99999774	0.00000000	16.79380000	-20.48474000
41.19999772	0.00000000	17.57505000	-13.14591000
41.39999771	0.00000000	16.09252000	-3.20497000
41.59999770	0.00000000	13.81028000	6.36687900
41.79999769	0.00000000	10.97441000	12.54921000
41.99999768	0.00000000	7.48646600	14.12401000
42.19999767	0.00000000	3.62942900	11.06053000
42.39999765	0.00000000	0.59670270	4.14000900
42.59999764	0.00000000	-0.60900590	-4.64443900
42.79999763	0.00000000	0.13533460	-12.77067000
42.99999762	0.00000000	2.04847400	-18.16560000
43.19999761	0.00000000	4.78592500	-20.15871000
43.39999759	0.00000000	7.86171200	-18.21481000
43.59999758	0.00000000	10.55610000	-13.28125000
43.79999757	0.00000000	12.13706000	-6.72982200
43.99999756	0.00000000	12.60458000	-0.59670270
44.19999755	0.00000000	12.60458000	3.71555100
44.39999753	0.00000000	12.22933000	5.67175200
44.59999752	0.00000000	11.48499000	5.29650500
44.79999751	0.00000000	11.10974000	2.60211600
44.99999750	0.00000000	11.02362000	-1.57480300
45.19999749	0.00000000	10.59916000	-5.80093500
45.39999748	0.00000000	9.39345400	-8.91978400
45.59999746	0.00000000	7.48646600	-10.49459000
45.79999745	0.00000000	5.11811000	-10.53765000
45.99999744	0.00000000	2.78666300	-9.38115100
46.19999743	0.00000000	0.46751960	-7.47416300
46.39999742	0.00000000	-1.02731300	-5.11195900
46.59999740	0.00000000	-0.98425190	-2.82972400
46.79999739	0.00000000	1.02116100	-0.87967510
46.99999738	0.00000000	5.29650500	-0.13533460
47.19999737	0.00000000	11.06668000	-0.46136810
47.39999736	0.00000000	16.87992000	-1.66707700
47.59999734	0.00000000	21.48745000	-3.57406500
47.79999733	0.00000000	23.72047000	-5.89320800
47.99999732	0.00000000	22.13952000	-7.80019600
48.19999731	0.00000000	16.74459000	-9.00590400
48.39999730	0.00000000	9.01820900	-9.38115100
48.59999729	0.00000000	0.55364170	-8.96284400
48.79999727	0.00000000	-6.37303100	-7.38188900
48.99999726	0.00000000	-9.86712600	-4.68750000
49.19999725	0.00000000	-9.44881800	-1.62401600
49.39999724	0.00000000	-4.79207600	1.07037400
49.59999723	0.00000000	3.29724400	2.55905500
49.79999721	0.00000000	12.55536000	2.18380900
49.99999720	0.00000000	21.02608000	-0.09227362
50.19999719	0.00000000	26.42101000	-3.19881900
50.39999718	0.00000000	27.16535000	-6.68676100
50.59999717	0.00000000	23.34522000	-10.16855000
50.79999715	0.00000000	15.63115000	-12.45079000
50.99999714	0.00000000	6.41609200	-13.18898000
51.19999713	0.00000000	-2.09768700	-11.61417000
51.39999712	0.00000000	-7.82480200	-7.84940900
51.59999711	0.00000000	-8.98129900	-3.57406500
51.79999710	0.00000000	-5.21653500	0.28297240
51.99999708	0.00000000	1.67322800	3.34645700
52.19999707	0.00000000	9.44266700	4.14000900
52.39999706	0.00000000	16.74459000	3.02042300
52.59999705	0.00000000	21.72121000	0.64591530
52.79999704	0.00000000	22.47170000	-3.20497000
52.99999702	0.00000000	19.06988000	-7.38188900
53.19999701	0.00000000	12.55536000	-10.45152000
53.39999700	0.00000000	5.29650500	-11.65723000
53.59999699	0.00000000	-0.51673230	-10.91289000
53.79999698	0.00000000	-3.58636800	-9.00590400
53.99999696	0.00000000	-3.21112200	-6.26845500
54.19999695	0.00000000	0.59670270	-3.24803100
54.39999694	0.00000000	6.32381900	-0.97194880
54.59999693	0.00000000	12.13706000	-0.55364170
54.79999692	0.00000000	16.74459000	-1.62401600
54.99999691	0.00000000	19.02067000	-3.15575800
55.19999689	0.00000000	17.90723000	-4.73671200
55.39999688	0.00000000	14.09326000	-6.22539300
55.59999687	0.00000000	9.11048200	-6.96358300
55.79999686	0.00000000	4.09079700	-6.17618100
55.99999685	0.00000000	0.59670270	-4.31840500
56.19999683	0.00000000	-0.93503930	-2.04232300
56.39999682	0.00000000	-0.14148620	-0.55364170
56.59999681	0.00000000	3.29724400	-0.55364170
56.79999680	0.00000000	7.86171200	-2.08538400
56.99999679	0.00000000	12.13706000	-4.82283400
57.19999677	0.00000000	15.21284000	-8.26771600
57.39999676	0.00000000	16.36934000	-11.70029000
57.59999675	0.00000000	15.25591000	-13.52116000
57.79999674	0.00000000	12.55536000	-12.77067000
57.99999673	0.00000000	9.11048200	-9.33809000
58.19999672	0.00000000	5.62869100	-4.69365100
58.39999670	0.00000000	3.34030500	0.32603340
58.59999669	0.00000000	2.50984200	4.92125900
58.79999668	0.00000000	3.25418300	7.20349400
58.99999667	0.00000000	4.78592500	6.78518600
59.19999666	0.00000000	6.74212600	3.29724400
59.39999664	0.00000000	9.01820900	-2.87278500
59.59999663	0.00000000	10.55610000	-9.75639700
59.79999662	0.00000000	10.97441000	-15.93258000
59.99999661	0.00000000	10.59916000	-19.32825000
60.19999660	0.00000000	9.44266700	-19.00221000
60.39999658	0.00000000	7.94783400	-15.10212000
60.59999657	0.00000000	6.83439900	-8.54453700
60.79999656	0.00000000	6.79133800	-0.46751960
60.99999655	0.00000000	7.52952700	6.78518600
61.19999654	0.00000000	8.28001900	11.06053000
61.39999653	0.00000000	9.06742000	11.42962000
61.59999651	0.00000000	9.44266700	7.99089500
61.79999650	0.00000000	9.44266700	1.39640700
61.99999649	0.00000000	9.01820900	-6.68676100
62.19999648	0.00000000	7.86171200	-14.76993000
62.39999647	0.00000000	6.36687900	-20.48474000
62.59999645	0.00000000	5.21038300	-22.06570000
62.79999644	0.00000000	4.78592500	-19.42052000
62.99999643	0.00000000	4.83513700	-13.61343000
63.19999642	0.00000000	5.62869100	-5.94242000
63.39999641	0.00000000	7.52952700	1.80856300
63.59999639	0.00000000	9.44266700	7.62180000
63.79999638	0.00000000	11.02362000	11.10359000
63.99999637	0.00000000	12.13706000	11.01132000
64.19999636	0.00000000	12.13706000	6.87746000
64.39999635	0.00000000	10.97441000	0.37524600
64.59999634	0.00000000	9.06742000	-6.22539300
64.79999632	0.00000000	6.74212600	-12.07554000
64.99999631	0.00000000	4.87819900	-16.30167000
65.19999630	0.00000000	4.04773600	-17.83957000
65.39999629	0.00000000	4.45989200	-16.35089000
65.59999628	0.00000000	5.57947800	-12.53691000
65.79999626	0.00000000	7.52952700	-7.89247000
65.99999625	0.00000000	9.39345400	-3.20497000
66.19999624	0.00000000	10.59916000	1.02116100
66.39999623	0.00000000	10.93135000	3.76476400
66.59999622	0.00000000	10.18086000	4.60137700
66.79999620	0.00000000	8.28001900	4.22613100
66.99999619	0.00000000	6.36687900	2.69439000
67.19999618	0.00000000	4.83513700	0.37524600
67.39999617	0.00000000	4.09079700	-2.04232300
67.59999616	0.00000000	4.87819900	-5.15501900
67.79999615	0.00000000	6.79133800	-8.58759800
67.99999613	0.00000000	9.48572700	-10.96211000
68.19999612	0.00000000	12.13706000	-12.58612000
68.39999611	0.00000000	13.67495000	-13.65650000
68.59999610	0.00000000	13.63189000	-13.23819000
68.79999609	0.00000000	11.71875000	-10.91289000
68.99999607	0.00000000	8.23695900	-7.43110200
69.19999606	0.00000000	4.36761800	-3.15575800
69.39999605	0.00000000	0.55364170	1.11343500
69.59999604	0.00000000	-1.72244100	4.55831700
69.79999603	0.00000000	-1.35334600	6.50221400
69.99999601	0.00000000	0.97194880	6.09005900
70.19999600	0.00000000	5.29650500	3.76476400
70.39999599	0.00000000	11.02362000	-0.51058070
70.59999598	0.00000000	16.36934000	-5.89320800
70.79999597	0.00000000	19.48819000	-10.91289000
70.99999596	0.00000000	19.90650000	-14.76993000
71.19999594	0.00000000	17.95029000	-16.25861000
71.39999593	0.00000000	13.67495000	-14.76993000
71.59999592	0.00000000	7.90477300	-10.95595000
71.79999591	0.00000000	2.09153500	-6.35457700
71.99999590	0.00000000	-2.56520700	-2.04232300
72.19999588	0.00000000	-5.21653500	1.44562000
72.39999587	0.00000000	-4.84128900	3.71555100
72.59999586	0.00000000	-1.35334600	3.71555100
72.79999585	0.00000000	3.99852300	1.48868100
72.99999584	0.00000000	10.23007000	-1.58095500
73.19999582	0.00000000	15.63115000	-4.64443900
73.39999581	0.00000000	19.44513000	-7.01279500
73.59999580	0.00000000	20.23253000	-8.17544300
73.79999579	0.00000000	17.63041000	-8.54453700
73.99999578	0.00000000	13.76107000	-7.43110200
74.19999577	0.00000000	9.06742000	-5.61638700
74.39999575	0.00000000	4.09079700	-4.82898600
74.59999574	0.00000000	0.59670270	-4.77977300
74.79999573	0.00000000	-0.98425190	-5.19808000
74.99999572	0.00000000	-0.60900590	-6.31151500
75.19999571	0.00000000	1.67322800	-7.42495000
75.39999569	0.00000000	4.74286400	-7.80019600
75.59999568	0.00000000	7.86171200	-7.38188900
75.79999567	0.00000000	10.59916000	-5.80093500
75.99999566	0.00000000	12.55536000	-3.11269700
76.19999565	0.00000000	13.67495000	-0.09227362
76.39999563	0.00000000	13.25664000	2.22687000
76.59999562	0.00000000	11.06668000	2.97736200
76.79999561	0.00000000	8.79060000	2.14074800
76.99999560	0.00000000	7.57258800	-0.97194880
77.19999559	0.00000000	6.74212600	-5.89320800
77.39999558	0.00000000	6.41609200	-10.53765000
77.59999556	0.00000000	6.74212600	-14.03174000
77.79999555	0.00000000	7.43725300	-15.92642000
77.99999554	0.00000000	7.43725300	-15.14518000
78.19999553	0.00000000	6.69906400	-12.07554000
78.39999552	0.00000000	5.94857300	-7.38188900
78.59999550	0.00000000	5.21038300	-1.62401600
78.79999549	0.00000000	5.21038300	3.72170300
78.99999548	0.00000000	5.99163300	6.82824800
79.19999547	0.00000000	7.16043300	7.24655500
79.39999546	0.00000000	9.11048200	5.33956700
79.59999544	0.00000000	11.02362000	1.43946800
79.79999543	0.00000000	12.55536000	-3.53100400
79.99999542	0.00000000	13.29970000	-8.58759800
80.19999541	0.00000000	12.46924000	-12.45079000
80.39999540	0.00000000	10.23007000	-14.81299000
80.59999539	0.00000000	7.16043300	-15.14518000
80.79999537	0.00000000	4.83513700	-13.28125000
80.99999536	0.00000000	3.20497000	-9.79945900
81.19999535	0.00000000	2.13459600	-5.93626900
81.39999534	0.00000000	2.55290300	-2.04232300
81.59999533	0.00000000	4.78592500	1.07037400
81.79999531	0.00000000	7.48646600	3.02042300
81.99999530	0.00000000	9.86097400	3.80782500
82.19999529	0.00000000	12.13706000	3.02042300
82.39999528	0.00000000	13.25664000	1.11343500
82.59999527	0.00000000	12.55536000	-1.62401600
82.79999525	0.00000000	11.02362000	-4.73671200
82.99999524	0.00000000	9.06742000	-7.84940900
83.19999523	0.00000000	6.79133800	-10.58686000
83.39999522	0.00000000	5.25344500	-12.49385000
83.59999521	0.00000000	4.83513700	-13.28125000
83.79999520	0.00000000	5.16117100	-12.49385000
83.99999518	0.00000000	5.94857300	-10.53765000
84.19999517	0.00000000	6.69906400	-7.42495000
84.39999516	0.00000000	7.48646600	-3.57406500
84.59999515	0.00000000	7.86171200	-0.09227362
84.79999514	0.00000000	7.90477300	2.64517700
84.99999512	0.00000000	7.90477300	4.14000900
85.19999511	0.00000000	7.90477300	3.76476400
85.39999510	0.00000000	7.94783400	1.44562000
85.59999509	0.00000000	8.32308000	-2.04232300
85.79999508	0.00000000	9.06742000	-6.31151500
85.99999506	0.00000000	9.44266700	-10.53765000
86.19999505	0.00000000	9.44266700	-13.60728000
86.39999504	0.00000000	9.01820900	-14.76993000
86.59999503	0.00000000	7.90477300	-13.56422000
86.79999502	0.00000000	6.74212600	-10.11934000
86.99999501	0.00000000	5.94857300	-5.15501900
87.19999499	0.00000000	5.16117100	-0.51058070
87.39999498	0.00000000	4.83513700	3.02042300
87.59999497	0.00000000	5.21038300	5.24729300
87.79999496	0.00000000	6.36687900	4.82898600
87.99999495	0.00000000	7.90477300	1.43946800
88.19999493	0.00000000	9.44266700	-3.15575800
88.39999492	0.00000000	10.59916000	-7.80019600
88.59999491	0.00000000	10.97441000	-11.65723000
88.79999490	0.00000000	10.59916000	-13.56422000
88.99999489	0.00000000	9.44266700	-13.18898000
89.19999487	0.00000000	7.90477300	-10.49459000
89.39999486	0.00000000	6.36687900	-6.26845500
89.59999485	0.00000000	5.21038300	-1.66707700
89.79999484	0.00000000	4.83513700	2.18380900
89.99999483	0.00000000	5.16117100	4.09079700
90.19999482	0.00000000	5.94857300	3.71555100
90.39999480	0.00000000	6.74212600	1.02116100
90.59999479	0.00000000	7.90477300	-3.20497000
90.79999478	0.00000000	9.01820900	-7.80019600
90.99999477	0.00000000	9.44266700	-11.65723000
91.19999476	0.00000000	9.48572700	-13.56422000
91.39999474	0.00000000	9.44266700	-13.18898000
91.59999473	0.00000000	9.06742000	-10.45152000
91.79999472	0.00000000	8.32308000	-5.89320800
91.99999471	0.00000000	7.94783400	-0.92888770
92.19999470	0.00000000	7.90477300	2.51599400
92.39999468	0.00000000	7.90477300	3.71555100
92.59999467	0.00000000	7.86171200	2.55905500
92.79999466	0.00000000	7.48646600	-0.51058070
92.99999465	0.00000000	6.69906400	-4.73671200
93.19999464	0.00000000	5.94857300	-8.96284400
93.39999463	0.00000000	5.16117100	-12.03248000
93.59999461	0.00000000	4.83513700	-13.18898000
93.79999460	0.00000000	5.21038300	-12.03248000
93.99999459	0.00000000	6.36687900	-8.96284400
94.19999458	0.00000000	7.90477300	-4.73671200
94.39999457	0.00000000	9.48572700	-0.55364170
94.59999455	0.00000000	11.06668000	2.14074800
94.79999454	0.00000000	12.55536000	2.55905500
94.99999453	0.00000000	13.29970000	1.02116100
95.19999452	0.00000000	12.46924000	-2.08538400
95.39999451	0.00000000	10.18086000	-6.26845500
95.59999449	0.00000000	6.74212600	-10.07628000
95.79999448	0.00000000	3.67249000	-11.98327000
95.99999447	0.00000000	1.67322800	-11.65723000
96.19999446	0.00000000	0.55364170	-9.38115100
96.39999445	0.00000000	0.92888770	-6.31151500
96.59999444	0.00000000	2.87893700	-3.19881900
96.79999442	0.00000000	5.62869100	-0.51058070
96.99999441	0.00000000	9.48572700	0.97810030
97.19999440	0.00000000	13.29970000	0.64591530
97.39999439	0.00000000	15.63115000	-1.24877000
97.59999438	0.00000000	16.41855000	-3.53100400
97.79999436	0.00000000	15.21284000	-5.85014700
97.99999435	0.00000000	12.18012000	-7.38188900
98.19999434	0.00000000	8.28001900	-7.80019600
98.39999433	0.00000000	4.41067900	-7.47416300
98.59999432	0.00000000	0.92888770	-6.68676100
98.79999430	0.00000000	-0.98425190	-5.89320800
98.99999429	0.00000000	-1.02731300	-4.73671200
99.19999428	0.00000000	0.55364170	-3.62327700
99.39999427	0.00000000	3.62942900	-3.24803100
99.59999426	0.00000000	7.48646600	-3.57406500
99.79999425	0.00000000	10.97441000	-4.26919300
99.99999423	0.00000000	13.71801000	-4.26919300
100.19999422	0.00000000	15.25591000	-3.53100400
100.39999421	0.00000000	15.25591000	-2.78051200
100.59999420	0.00000000	13.71801000	-2.04232300
100.79999419	0.00000000	11.02362000	-2.04232300
100.99999417	0.00000000	7.90477300	-2.82357300
101.19999416	0.00000000	4.83513700	-3.99237200
101.39999415	0.00000000	2.50984200	-5.93626900
101.59999414	0.00000000	1.67322800	-7.80019600
101.79999413	0.00000000	1.67322800	-9.00590400
101.99999411	0.00000000	2.50984200	-9.33809000
102.19999410	0.00000000	4.78592500	-8.54453700
102.39999409	0.00000000	7.48646600	-6.22539300
102.59999408	0.00000000	9.81791200	-3.19881900
102.79999407	0.00000000	11.76181000	-0.46751960
102.99999406	0.00000000	12.55536000	1.43946800
103.19999404	0.00000000	12.55536000	2.18380900
103.39999403	0.00000000	11.76181000	1.02116100
103.59999402	0.00000000	9.86097400	-1.62401600
103.79999401	0.00000000	7.94783400	-4.73671200
103.99999400	0.00000000	6.32381900	-7.84940900
104.19999398	0.00000000	4.78592500	-10.49459000
104.39999397	0.00000000	3.67249000	-11.65723000
104.59999396	0.00000000	3.67249000	-10.86983000
104.79999395	0.00000000	4.78592500	-8.63681000
104.99999394	0.00000000	6.32381900	-5.53026500
105.19999392	0.00000000	7.86171200	-2.87278500
105.39999391	0.00000000	9.06742000	-0.87967510
105.59999390	0.00000000	9.81791200	-0.13533460
105.79999389	0.00000000	10.18086000	-0.46136810
105.99999388	0.00000000	9.39345400	-1.66707700
106.19999387	0.00000000	7.94783400	-3.57406500
106.39999385	0.00000000	6.79133800	-5.89320800
106.59999384	0.00000000	6.36687900	-7.75713500
106.79999383	0.00000000	6.32381900	-8.54453700
106.99999382	0.00000000	6.36687900	-7.80019600
107.19999381	0.00000000	6.79133800	-6.31151500
107.39999379	0.00000000	7.90477300	-4.73671200
107.59999378	0.00000000	9.01820900	-3.19881900
107.79999377	0.00000000	9.44266700	-2.08538400
107.99999376	0.00000000	9.44266700	-2.04232300
108.19999375	0.00000000	9.01820900	-2.82357300
108.39999374	0.00000000	7.86171200	-3.99237200
108.59999372	0.00000000	6.36687900	-5.89320800
108.79999371	0.00000000	5.21038300	-7.38188900
108.99999370	0.00000000	4.83513700	-7.80019600
109.19999369	0.00000000	5.21038300	-7.42495000
109.39999368	0.00000000	6.36687900	-6.26845500
109.59999366	0.00000000	7.86171200	-4.73671200
109.79999365	0.00000000	9.01820900	-3.19881900
109.99999364	0.00000000	9.44266700	-2.04232300
110.19999363	0.00000000	9.44266700	-1.66707700
110.39999362	0.00000000	9.06742000	-2.04232300
110.59999360	0.00000000	8.28001900	-3.19881900
110.79999359	0.00000000	7.48646600	-4.68750000
110.99999358	0.00000000	6.32381900	-5.89320800
111.19999357	0.00000000	5.21038300	-6.68676100
111.39999356	0.00000000	4.83513700	-7.42495000
111.59999355	0.00000000	5.16117100	-7.38188900
111.79999353	0.00000000	5.94857300	-6.31151500
111.99999352	0.00000000	6.69906400	-5.15501900
112.19999351	0.00000000	7.52952700	-4.36146600
112.39999350	0.00000000	8.28001900	-3.57406500
112.59999349	0.00000000	9.01820900	-3.19881900
112.79999347	0.00000000	9.01820900	-3.15575800
112.99999346	0.00000000	8.32308000	-3.15575800
113.19999345	0.00000000	7.90477300	-3.19881900
113.39999344	0.00000000	7.48646600	-3.57406500
113.59999343	0.00000000	6.74212600	-4.31840500
113.79999341	0.00000000	6.36687900	-4.69365100
113.99999340	0.00000000	6.36687900	-4.77977300
114.19999339	0.00000000	6.74212600	-5.15501900
114.39999338	0.00000000	7.48646600	-5.89320800
114.59999337	0.00000000	7.86171200	-6.26845500
114.79999336	0.00000000	7.90477300	-6.31151500
114.99999334	0.00000000	7.90477300	-6.31151500
115.19999333	0.00000000	7.90477300	-6.31151500
115.39999332	0.00000000	7.90477300	-6.26845500
115.59999331	0.00000000	7.90477300	-5.89320800
115.79999330	0.00000000	7.90477300	-5.11195900
115.99999328	0.00000000	7.86171200	-4.36146600
116.19999327	0.00000000	7.48646600	-3.57406500
116.39999326	0.00000000	6.74212600	-3.19881900
116.59999325	0.00000000	6.36687900	-3.15575800
116.79999324	0.00000000	6.32381900	-3.15575800
116.99999322	0.00000000	6.36687900	-3.19881900
117.19999321	0.00000000	6.74212600	-3.62327700
117.39999320	0.00000000	7.52952700	-4.73671200
117.59999319	0.00000000	8.28001900	-5.85014700
117.79999318	0.00000000	9.06742000	-6.31151500
117.99999317	0.00000000	9.44266700	-6.68676100
118.19999315	0.00000000	9.44266700	-7.05585600
118.39999314	0.00000000	9.06742000	-6.64370100
118.59999313	0.00000000	8.28001900	-5.93626900
118.79999312	0.00000000	7.48646600	-5.11195900
118.99999311	0.00000000	6.32381900	-4.36146600
119.19999309	0.00000000	5.21038300	-3.57406500
119.39999308	0.00000000	4.78592500	-3.19881900
119.59999307	0.00000000	4.78592500	-3.15575800
119.79999306	0.00000000	5.21038300	-3.15575800
119.99999305	0.00000000	6.36687900	-3.19881900
120.19999303	0.00000000	7.90477300	-3.57406500
120.39999302	0.00000000	9.44266700	-4.36146600
120.59999301	0.00000000	10.59916000	-5.06274600
120.79999300	0.00000000	10.97441000	-5.51796200
120.99999299	0.00000000	10.59916000	-5.53026500
121.19999298	0.00000000	9.44266700	-5.93626900
121.39999296	0.00000000	7.90477300	-6.26845500
121.59999295	0.00000000	6.36687900	-6.26845500
121.79999294	0.00000000	5.21038300	-5.89320800
121.99999293	0.00000000	4.78592500	-5.15501900
122.19999292	0.00000000	4.74286400	-4.73671200
122.39999290	0.00000000	4.78592500	-4.31840500
122.59999289	0.00000000	5.21038300	-3.57406500
122.79999288	0.00000000	6.32381900	-3.19881900
122.99999287	0.00000000	7.48646600	-3.15575800
123.19999286	0.00000000	8.28001900	-3.19881900
123.39999284	0.00000000	9.06742000	-3.57406500
123.59999283	0.00000000	9.44266700	-4.31840500
123.79999282	0.00000000	9.44266700	-4.73671200
123.99999281	0.00000000	9.06742000	-5.15501900
124.19999280	0.00000000	8.28001900	-5.89320800
124.39999279	0.00000000	7.52952700	-6.26845500
124.59999277	0.00000000	6.74212600	-6.26845500
124.79999276	0.00000000	6.32381900	-5.89320800
124.99999275	0.00000000	5.90551100	-5.15501900
125.19999274	0.00000000	5.16117100	-4.77977300
125.39999273	0.00000000	4.83513700	-4.69365100
125.59999271	0.00000000	5.21038300	-4.31840500
125.79999270	0.00000000	6.32381900	-3.57406500
125.99999269	0.00000000	7.43725300	-3.19881900
126.19999268	0.00000000	7.90477300	-3.15575800
126.39999267	0.00000000	8.32308000	-3.19881900
126.59999265	0.00000000	9.06742000	-3.57406500
126.79999264	0.00000000	9.39345400	-4.31840500
126.99999263	0.00000000	9.06742000	-4.69365100
127.19999262	0.00000000	8.28001900	-4.77977300
127.39999261	0.00000000	7.52952700	-5.11195900
127.59999260	0.00000000	6.69906400	-5.47490100
127.79999258	0.00000000	5.94857300	-5.11195900
127.99999257	0.00000000	5.21038300	-4.77977300
128.19999256	0.00000000	5.25344500	-4.73671200
128.39999255	0.00000000	6.32381900	-4.73671200
128.59999254	0.00000000	7.48646600	-4.69365100
128.79999252	0.00000000	8.28001900	-4.31840500
128.99999251	0.00000000	9.06742000	-3.62327700
129.19999250	0.00000000	9.44266700	-3.62327700
129.39999249	0.00000000	9.44266700	-4.31840500
129.59999248	0.00000000	9.01820900	-4.69365100
129.79999246	0.00000000	7.90477300	-4.73671200
129.99999245	0.00000000	6.74212600	-4.73671200
130.19999244	0.00000000	5.94857300	-4.73671200
130.39999243	0.00000000	5.21038300	-4.73671200
130.59999242	0.00000000	5.21038300	-4.73671200
130.79999241	0.00000000	5.94857300	-4.73671200
130.99999239	0.00000000	6.69906400	-4.73671200
131.19999238	0.00000000	7.52952700	-4.73671200
131.39999237	0.00000000	8.23695900	-4.73671200
131.59999236	0.00000000	8.64911400	-4.77977300
131.79999235	0.00000000	8.28001900	-5.15501900
131.99999233	0.00000000	7.90477300	-5.89320800
132.19999232	0.00000000	7.48646600	-6.26845500
132.39999231	0.00000000	6.74212600	-6.31151500
132.59999230	0.00000000	6.36687900	-6.26845500
132.79999229	0.00000000	6.32381900	-5.89320800
132.99999227	0.00000000	6.36687900	-5.11195900
133.19999226	0.00000000	6.74212600	-4.36146600
133.39999225	0.00000000	7.48646600	-3.57406500
133.59999224	0.00000000	7.86171200	-3.19881900
133.79999223	0.00000000	7.90477300	-3.15575800
133.99999222	0.00000000	7.90477300	-3.19881900
134.19999220	0.00000000	7.86171200	-3.62327700
134.39999219	0.00000000	7.48646600	-4.73671200
134.59999218	0.00000000	6.79133800	-5.85014700
134.79999217	0.00000000	6.79133800	-6.26845500
134.99999216	0.00000000	7.48646600	-6.31151500
135.19999214	0.00000000	7.86171200	-6.31151500
135.39999213	0.00000000	7.90477300	-6.26845500
135.59999212	0.00000000	7.90477300	-5.89320800
135.79999211	0.00000000	7.86171200	-5.15501900
135.99999210	0.00000000	7.48646600	-4.73671200
136.19999208	0.00000000	6.74212600	-4.31840500
136.39999207	0.00000000	6.36687900	-3.57406500
136.59999206	0.00000000	6.32381900	-3.19881900
136.79999205	0.00000000	6.32381900	-3.19881900
136.99999204	0.00000000	6.36687900	-3.57406500
137.19999203	0.00000000	6.74212600	-4.31840500
137.39999201	0.00000000	7.48646600	-4.73671200
137.59999200	0.00000000	7.90477300	-5.15501900
137.79999199	0.00000000	8.28001900	-5.89320800
137.99999198	0.00000000	8.64911400	-6.26845500
138.19999197	0.00000000	8.28001900	-6.31151500
138.39999195	0.00000000	7.90477300	-6.31151500
138.59999194	0.00000000	7.48646600	-6.26845500
138.79999193	0.00000000	6.74212600	-5.89320800
138.99999192	0.00000000	6.36687900	-5.11195900
139.19999191	0.00000000	6.32381900	-4.36146600
139.39999189	0.00000000	6.36687900	-3.57406500
139.59999188	0.00000000	6.74212600	-3.19881900
139.79999187	0.00000000	7.48646600	-3.15575800
139.99999186	0.00000000	7.86171200	-3.19881900
140.19999185	0.00000000	7.90477300	-3.62327700
140.39999184	0.00000000	7.90477300	-4.73671200
140.59999182	0.00000000	7.90477300	-5.85014700
140.79999181	0.00000000	7.90477300	-6.31151500
140.99999180	0.00000000	7.86171200	-6.68676100
141.19999179	0.00000000	7.48646600	-7.05585600
141.39999178	0.00000000	6.74212600	-6.64370100
141.59999176	0.00000000	6.36687900	-5.89320800
141.79999175	0.00000000	6.36687900	-4.73671200
141.99999174	0.00000000	6.74212600	-3.57406500
142.19999173	0.00000000	7.48646600	-2.82357300
142.39999172	0.00000000	7.86171200	-2.41141700
142.59999170	0.00000000	7.90477300	-2.78051200
142.79999169	0.00000000	7.90477300	-3.15575800
142.99999168	0.00000000	7.90477300	-3.62327700
143.19999167	0.00000000	7.86171200	-4.73671200
143.39999166	0.00000000	7.48646600	-5.85014700
143.59999165	0.00000000	6.74212600	-6.26845500
143.79999163	0.00000000	6.41609200	-6.31151500
143.99999162	0.00000000	6.74212600	-6.31151500
144.19999161	0.00000000	7.48646600	-6.26845500
144.39999160	0.00000000	7.86171200	-5.85014700
144.59999159	0.00000000	7.90477300	-4.73671200
144.79999157	0.00000000	7.90477300	-3.62327700
144.99999156	0.00000000	7.90477300	-3.19881900
145.19999155	0.00000000	7.90477300	-3.19881900
145.39999154	0.00000000	7.86171200	-3.57406500
145.59999153	0.00000000	7.48646600	-4.31840500
145.79999151	0.00000000	6.74212600	-4.73671200
145.99999150	0.00000000	6.36687900	-5.15501900
146.19999149	0.00000000	6.32381900	-5.89320800
146.39999148	0.00000000	6.32381900	-6.26845500
146.59999147	0.00000000	6.36687900	-6.31151500
146.79999146	0.00000000	6.74212600	-6.26845500
146.99999144	0.00000000	7.48646600	-5.89320800
147.19999143	0.00000000	7.86171200	-5.15501900
147.39999142	0.00000000	7.90477300	-4.73671200
147.59999141	0.00000000	7.90477300	-4.31840500
147.79999140	0.00000000	7.86171200	-3.62327700
147.99999138	0.00000000	7.48646600	-3.57406500
148.19999137	0.00000000	6.74212600	-3.94315900
148.39999136	0.00000000	6.36687900	-3.94931100
148.59999135	0.00000000	6.32381900	-4.36146600
148.79999134	0.00000000	6.32381900	-4.69365100
148.99999132	0.00000000	6.36687900	-4.77977300
149.19999131	0.00000000	6.74212600	-5.11195900
149.39999130	0.00000000	7.48646600	-5.51796200
149.59999129	0.00000000	7.86171200	-5.48105300
149.79999128	0.00000000	7.90477300	-5.51796200
149.99999127	0.00000000	7.90477300	-5.11195900
150.19999125	0.00000000	7.90477300	-4.77977300
150.39999124	0.00000000	7.86171200	-4.73671200
150.59999123	0.00000000	7.48646600	-4.69365100
150.79999122	0.00000000	6.74212600	-4.36146600
150.99999121	0.00000000	6.36687900	-3.99237200
151.19999119	0.00000000	6.32381900	-4.36146600
151.39999118	0.00000000	6.32381900	-4.69365100
151.59999117	0.00000000	6.32381900	-4.73671200
151.79999116	0.00000000	6.32381900	-4.77977300
151.99999115	0.00000000	6.32381900	-5.15501900
152.19999113	0.00000000	6.36687900	-5.85014700
152.39999112	0.00000000	6.74212600	-5.85014700
152.59999111	0.00000000	7.48646600	-5.15501900
152.79999110	0.00000000	7.86171200	-4.77977300
152.99999109	0.00000000	7.90477300	-4.73671200
153.19999108	0.00000000	7.90477300	-4.73671200
153.39999106	0.00000000	7.90477300	-4.73671200
153.59999105	0.00000000	7.86171200	-4.73671200
153.79999104	0.00000000	7.48646600	-4.73671200
153.99999103	0.00000000	6.74212600	-4.73671200
154.19999102	0.00000000	6.36687900	-4.73671200
154.39999100	0.00000000	6.32381900	-4.73671200
154.59999099	0.00000000	6.32381900	-4.73671200
154.79999098	0.00000000	6.32381900	-4.73671200
154.99999097	0.00000000	6.36687900	-4.73671200
155.19999096	0.00000000	6.74212600	-4.77977300
155.39999094	0.00000000	7.48646600	-5.11195900
155.59999093	0.00000000	7.86171200	-5.47490100
155.79999092	0.00000000	7.90477300	-5.11195900
155.99999091	0.00000000	7.90477300	-4.77977300
156.19999090	0.00000000	7.90477300	-4.73671200
156.39999089	0.00000000	7.86171200	-4.69365100
156.59999087	0.00000000	7.48646600	-4.31840500
156.79999086	0.00000000	6.74212600	-3.57406500
156.99999085	0.00000000	6.36687900	-3.19881900
157.19999084	0.00000000	6.32381900	-3.19881900
157.39999083	0.00000000	6.32381900	-3.57406500
157.59999081	0.00000000	6.32381900	-4.31840500
157.79999080	0.00000000	6.36687900	-4.69365100
157.99999079	0.00000000	6.74212600	-4.73671200
158.19999078	0.00000000	7.48646600	-4.77977300
158.39999077	0.00000000	7.86171200	-5.15501900
158.59999075	0.00000000	7.90477300	-5.85014700
158.79999074	0.00000000	7.90477300	-5.85014700
158.99999073	0.00000000	7.90477300	-5.15501900
159.19999072	0.00000000	7.86171200	-4.77977300
159.39999071	0.00000000	7.48646600	-4.69365100
159.59999070	0.00000000	6.74212600	-4.31840500
159.79999068	0.00000000	6.36687900	-3.57406500
159.99999067	0.00000000	6.32381900	-3.19881900
160.19999066	0.00000000	6.32381900	-3.19881900
160.39999065	0.00000000	6.32381900	-3.57406500
160.59999064	0.00000000	6.32381900	-4.31840500
160.79999062	0.00000000	6.32381900	-4.69365100
160.99999061	0.00000000	6.32381900	-4.77977300
161.19999060	0.00000000	6.36687900	-5.15501900
161.39999059	0.00000000	6.74212600	-5.85014700
161.59999058	0.00000000	7.48646600	-5.85014700
161.79999056	0.00000000	7.86171200	-5.15501900
161.99999055	0.00000000	7.90477300	-4.77977300
162.19999054	0.00000000	7.90477300	-4.73671200
162.39999053	0.00000000	7.90477300	-4.73671200
162.59999052	0.00000000	7.86171200	-4.73671200
162.79999051	0.00000000	7.48646600	-4.73671200
162.99999049	0.00000000	6.74212600	-4.73671200
163.19999048	0.00000000	6.36687900	-4.73671200
163.39999047	0.00000000	6.32381900	-4.73671200
163.59999046	0.00000000	6.32381900	-4.73671200
163.79999045	0.00000000	6.32381900	-4.73671200
163.99999043	0.00000000	6.32381900	-4.73671200
164.19999042	0.00000000	6.32381900	-4.73671200
164.39999041	0.00000000	6.36687900	-4.73671200
164.59999040	0.00000000	6.74212600	-4.73671200
164.79999039	0.00000000	7.48646600	-4.73671200
164.99999037	0.00000000	7.86171200	-4.73671200
165.19999036	0.00000000	7.90477300	-4.73671200
165.39999035	0.00000000	7.90477300	-4.73671200
165.59999034	0.00000000	7.86171200	-4.73671200
165.79999033	0.00000000	7.48646600	-4.73671200
165.99999032	0.00000000	6.74212600	-4.73671200
166.19999030	0.00000000	6.36687900	-4.73671200
166.39999029	0.00000000	6.32381900	-4.73671200
166.59999028	0.00000000	6.32381900	-4.73671200
166.79999027	0.00000000	6.32381900	-4.73671200
166.99999026	0.00000000	6.32381900	-4.73671200
167.19999024	0.00000000	6.36687900	-4.73671200
167.39999023	0.00000000	6.74212600	-4.73671200
167.59999022	0.00000000	7.48646600	-4.73671200
167.79999021	0.00000000	7.86171200	-4.73671200
167.99999020	0.00000000	7.90477300	-4.73671200
168.19999018	0.00000000	7.90477300	-4.73671200
168.39999017	0.00000000	7.86171200	-4.73671200
168.59999016	0.00000000	7.52952700	-4.73671200
168.79999015	0.00000000	7.11737200	-4.73671200
168.99999014	0.00000000	7.11122000	-4.73671200
169.19999013	0.00000000	6.69906400	-4.73671200
169.39999011	0.00000000	6.36687900	-4.73671200
169.59999010	0.00000000	6.32381900	-4.73671200
169.79999009	0.00000000	6.32381900	-4.73671200
169.99999008	0.00000000	6.32381900	-4.73671200
170.19999007	0.00000000	6.32381900	-4.73671200
170.39999005	0.00000000	6.32381900	-4.73671200
170.59999004	0.00000000	6.32381900	-4.73671200
170.79999003	0.00000000	6.32381900	-4.73671200
170.99999002	0.00000000	6.32381900	-4.73671200
171.19999001	0.00000000	6.32381900	-4.73671200
171.39998999	0.00000000	6.36687900	-4.73671200
171.59998998	0.00000000	6.69906400	-4.73671200
171.79998997	0.00000000	7.06815900	-4.73671200
171.99998996	0.00000000	6.69906400	-4.73671200
172.19998995	0.00000000	6.36687900	-4.73671200
172.39998994	0.00000000	6.32381900	-4.73671200
172.59998992	0.00000000	6.32381900	-4.73671200
172.79998991	0.00000000	6.32381900	-4.73671200
172.99998990	0.00000000	6.36687900	-4.73671200
173.19998989	0.00000000	6.69906400	-4.73671200
173.39998988	0.00000000	7.06815900	-4.73671200
173.59998986	0.00000000	6.74212600	-4.73671200
173.79998985	0.00000000	6.79133800	-4.73671200
173.99998984	0.00000000	7.43725300	-4.73671200
174.19998983	0.00000000	7.43725300	-4.73671200
174.39998982	0.00000000	6.79133800	-4.73671200
174.59998980	0.00000000	6.79133800	-4.73671200
174.79998979	0.00000000	7.43725300	-4.73671200
174.99998978	0.00000000	7.43725300	-4.73671200
175.19998977	0.00000000	6.74212600	-4.73671200
175.39998976	0.00000000	6.36687900	-4.73671200
175.59998975	0.00000000	6.32381900	-4.73671200
175.79998973	0.00000000	6.32381900	-4.73671200
175.99998972	0.00000000	6.32381900	-4.73671200
176.19998971	0.00000000	6.32381900	-4.73671200
176.39998970	0.00000000	6.32381900	-4.73671200
176.59998969	0.00000000	6.32381900	-4.73671200
176.79998967	0.00000000	6.32381900	-4.73671200
176.99998966	0.00000000	6.32381900	-4.73671200
177.19998965	0.00000000	6.32381900	-4.77977300
177.39998964	0.00000000	6.32381900	-5.11195900
177.59998963	0.00000000	6.32381900	-5.47490100
177.79998961	0.00000000	6.32381900	-5.11195900
177.99998960	0.00000000	6.32381900	-4.77977300
178.19998959	0.00000000	6.32381900	-4.73671200
178.39998958	0.00000000	6.32381900	-4.73671200
178.59998957	0.00000000	6.32381900	-4.73671200
178.79998956	0.00000000	6.32381900	-4.73671200
178.99998954	0.00000000	6.36687900	-4.73671200
179.19998953	0.00000000	6.69906400	-4.73671200
179.39998952	0.00000000	7.06815900	-4.73671200
179.59998951	0.00000000	6.69906400	-4.73671200
179.79998950	0.00000000	6.36687900	-4.73671200
179.99998948	0.00000000	6.36687900	-4.73671200
180.19998947	0.00000000	6.69906400	-4.73671200
180.39998946	0.00000000	7.06815900	-4.77977300
180.59998945	0.00000000	6.69906400	-5.11195900
180.79998944	0.00000000	6.36687900	-5.47490100
180.99998942	0.00000000	6.32381900	-5.11195900
181.19998941	0.00000000	6.32381900	-4.77977300
181.39998940	0.00000000	6.32381900	-4.73671200
181.59998939	0.00000000	6.32381900	-4.73671200
181.79998938	0.00000000	6.32381900	-4.73671200
181.99998937	0.00000000	6.32381900	-4.73671200
182.19998935	0.00000000	6.36687900	-4.73671200
182.39998934	0.00000000	6.69906400	-4.73671200
182.59998933	0.00000000	7.06815900	-4.73671200
182.79998932	0.00000000	6.69906400	-4.77977300
182.99998931	0.00000000	6.36687900	-5.15501900
183.19998929	0.00000000	6.32381900	-5.85014700
183.39998928	0.00000000	6.32381900	-5.85014700
183.59998927	0.00000000	6.32381900	-5.15501900
183.79998926	0.00000000	6.32381900	-4.77977300
183.99998925	0.00000000	6.32381900	-4.73671200
184.19998923	0.00000000	6.32381900	-4.73671200
184.39998922	0.00000000	6.32381900	-4.73671200
184.59998921	0.00000000	6.32381900	-4.73671200
184.79998920	0.00000000	6.32381900	-4.73671200
184.99998919	0.00000000	6.32381900	-4.73671200
185.19998918	0.00000000	6.32381900	-4.73671200
185.39998916	0.00000000	6.32381900	-4.73671200
185.59998915	0.00000000	6.36687900	-4.73671200
185.79998914	0.00000000	6.74212600	-4.77977300
185.99998913	0.00000000	7.48646600	-5.15501900
186.19998912	0.00000000	7.86171200	-5.89320800
186.39998910	0.00000000	7.86171200	-6.26845500
186.59998909	0.00000000	7.48646600	-6.26845500
186.79998908	0.00000000	6.74212600	-5.89320800
186.99998907	0.00000000	6.36687900	-5.15501900
187.19998906	0.00000000	6.32381900	-4.77977300
187.39998904	0.00000000	6.32381900	-4.73671200
187.59998903	0.00000000	6.32381900	-4.69365100
187.79998902	0.00000000	6.32381900	-4.36146600
187.99998901	0.00000000	6.32381900	-3.99237200
188.19998900	0.00000000	6.36687900	-4.36146600
188.39998899	0.00000000	6.74212600	-4.73671200
188.59998897	0.00000000	7.48646600	-5.15501900
188.79998896	0.00000000	7.81250000	-5.89320800
188.99998895	0.00000000	7.48646600	-6.26845500
189.19998894	0.00000000	6.74212600	-6.31151500
189.39998893	0.00000000	6.36687900	-6.26845500
189.59998891	0.00000000	6.32381900	-5.89320800
189.79998890	0.00000000	6.32381900	-5.15501900
189.99998889	0.00000000	6.32381900	-4.77977300
190.19998888	0.00000000	6.32381900	-4.73671200
190.39998887	0.00000000	6.32381900	-4.73671200
190.59998885	0.00000000	6.32381900	-4.73671200
190.79998884	0.00000000	6.32381900	-4.73671200
190.99998883	0.00000000	6.32381900	-4.73671200
191.19998882	0.00000000	6.32381900	-4.73671200
191.39998881	0.00000000	6.32381900	-4.73671200
191.59998880	0.00000000	6.36687900	-4.73671200
191.79998878	0.00000000	6.74212600	-4.73671200
191.99998877	0.00000000	7.43725300	-4.73671200
192.19998876	0.00000000	7.43725300	-4.73671200
192.39998875	0.00000000	6.79133800	-4.73671200
192.59998874	0.00000000	6.74212600	-4.73671200
192.79998872	0.00000000	7.06815900	-4.77977300
192.99998871	0.00000000	6.69906400	-5.11195900
193.19998870	0.00000000	6.36687900	-5.47490100
193.39998869	0.00000000	6.32381900	-5.11195900
193.59998868	0.00000000	6.32381900	-4.77977300
193.79998866	0.00000000	6.32381900	-4.73671200
193.99998865	0.00000000	6.32381900	-4.73671200
194.19998864	0.00000000	6.36687900	-4.73671200
194.39998863	0.00000000	6.69906400	-4.73671200
194.59998862	0.00000000	7.06815900	-4.73671200
194.79998861	0.00000000	6.69906400	-4.73671200
194.99998859	0.00000000	6.36687900	-4.73671200
195.19998858	0.00000000	6.32381900	-4.73671200
195.39998857	0.00000000	6.32381900	-4.73671200
195.59998856	0.00000000	6.32381900	-4.73671200
195.79998855	0.00000000	6.32381900	-4.77977300
195.99998853	0.00000000	6.32381900	-5.11195900
