Time	Channel A	Channel B	Channel C
(us)	(V)	(mV)	(mV)

-4.49999956	0.00000000	12.64764000	-3.15575800
-4.29999957	0.00000000	12.64764000	-3.15575800
-4.09999958	0.00000000	12.64764000	-3.15575800
-3.89999959	0.00000000	12.64764000	-3.15575800
-3.69999960	0.00000000	12.64764000	-3.15575800
-3.49999962	0.00000000	12.64764000	-3.15575800
-3.29999963	0.00000000	12.64764000	-3.15575800
-3.09999964	0.00000000	12.64764000	-3.15575800
-2.89999965	0.00000000	12.64764000	-3.19881900
-2.69999966	0.00000000	12.64764000	-3.53100400
-2.49999968	0.00000000	12.64764000	-3.90009800
-2.29999969	0.00000000	12.64764000	-3.53100400
-2.09999970	0.00000000	12.64764000	-3.19881900
-1.89999971	0.00000000	12.64764000	-3.15575800
-1.69999972	0.00000000	12.64764000	-3.15575800
-1.49999973	0.00000000	12.64764000	-3.15575800
-1.29999975	0.00000000	12.64764000	-3.15575800
-1.09999976	0.00000000	12.64764000	-3.15575800
-0.89999977	0.00000000	12.64764000	-3.15575800
-0.69999978	0.00000000	12.64764000	-3.15575800
-0.49999979	0.00000000	12.64764000	-3.15575800
-0.29999981	0.31803640	12.64764000	-3.15575800
-0.09999982	0.63668800	12.64764000	-3.15575800
0.10000017	0.95533960	12.64764000	-3.15575800
0.30000016	0.95533960	12.64764000	-3.15575800
0.50000015	0.79601380	12.64764000	-3.15575800
0.70000013	0.31803640	12.64764000	-3.15575800
0.90000012	-0.47736220	12.64764000	-3.15575800
1.10000011	-1.59264300	12.64764000	-3.15575800
1.30000010	-2.38927200	12.64764000	-3.15575800
1.50000009	-2.70792300	12.64764000	-3.15575800
1.70000008	-2.38927200	12.64764000	-3.15575800
1.90000006	-1.27399100	12.64764000	-3.15575800
2.10000005	0.63668800	12.64764000	-3.15575800
2.30000004	2.86724900	12.64764000	-3.15575800
2.50000003	4.45989200	12.64764000	-3.15575800
2.70000002	5.41584600	12.64764000	-3.15575800
2.90000000	4.77854300	12.64764000	-3.19881900
3.09999999	2.86724900	12.64764000	-3.53100400
3.29999998	-0.31803640	12.64764000	-3.90009800
3.49999997	-3.66326300	12.64764000	-3.53100400
3.69999996	-6.53112700	12.64764000	-3.19881900
3.89999994	-7.96444400	12.64764000	-3.15575800
4.09999993	-7.32714100	12.64764000	-3.11269700
4.29999992	-4.77854300	12.64764000	-2.78051200
4.49999991	-0.79601380	12.64764000	-2.41141700
4.69999990	3.66326300	12.64764000	-2.78051200
4.89999989	7.32714100	12.64764000	-3.11269700
5.09999987	9.39837600	12.64764000	-3.19881900
5.29999986	8.92039900	12.64764000	-3.57406500
5.49999985	6.37180100	12.64764000	-4.31840500
5.69999984	2.07062000	12.64764000	-4.64443900
5.89999983	-2.54859700	12.64764000	-4.31840500
6.09999981	-6.69045300	12.64764000	-3.57406500
6.29999980	-9.07972400	12.64764000	-3.19881900
6.49999979	-9.23905000	12.64764000	-3.15575800
6.69999978	-7.00848900	12.64764000	-3.15575800
6.89999977	-3.18590100	12.64764000	-3.15575800
7.09999975	1.11466500	12.64764000	-3.15575800
7.29999974	4.93786900	12.64764000	-3.15575800
7.49999973	7.32714100	12.64764000	-3.15575800
7.69999972	7.64579200	12.64764000	-3.15575800
7.89999971	6.21247500	12.64764000	-3.19881900
8.09999970	3.34522600	12.64764000	-3.53100400
8.29999968	0.00000000	12.64764000	-3.90009800
8.49999967	-3.02657500	12.64764000	-3.53100400
8.69999966	-4.77854300	12.64764000	-3.19881900
8.89999965	-5.25652100	12.64764000	-3.15575800
9.09999964	-4.30056600	12.64764000	-3.15575800
9.29999962	-2.54859700	12.64764000	-3.15575800
9.49999961	-0.47736220	12.64764000	-3.15575800
9.69999960	1.11466500	12.64764000	-3.15575800
9.89999959	2.22994600	12.64764000	-3.15575800
10.09999958	2.54859700	12.64764000	-3.15575800
10.29999956	2.22994600	12.64764000	-3.15575800
10.49999955	1.43331700	12.64764000	-3.15575800
10.69999954	0.47736220	12.64764000	-3.15575800
10.89999953	-0.31803640	12.64764000	-3.15575800
11.09999952	-0.79601380	12.64764000	-3.15575800
11.29999951	-0.95533960	12.64764000	-3.15575800
11.49999949	-0.95533960	12.64764000	-3.15575800
11.69999948	-0.79601380	12.64764000	-3.15575800
11.89999947	-0.31803640	12.64764000	-3.15575800
12.09999946	-0.15871060	12.64764000	-3.15575800
12.29999945	-0.15871060	12.64764000	-3.15575800
12.49999943	0.00000000	12.64764000	-3.15575800
12.69999942	0.00000000	12.64764000	-3.15575800
12.89999941	0.00000000	12.64764000	-3.15575800
13.09999940	0.00000000	12.64764000	-3.15575800
13.29999939	0.00000000	12.64764000	-3.15575800
13.49999937	0.00000000	12.64764000	-3.15575800
13.69999936	0.00000000	12.64764000	-3.15575800
13.89999935	0.00000000	12.64764000	-3.15575800
14.09999934	-0.15871060	12.64764000	-3.15575800
14.29999933	-0.15871060	12.64764000	-3.15575800
14.49999932	-0.15871060	12.64764000	-3.15575800
14.69999930	0.00000000	12.64764000	-3.15575800
14.89999929	0.00000000	12.64764000	-3.15575800
15.09999928	0.00000000	12.64764000	-3.15575800
15.29999927	0.00000000	12.64764000	-3.15575800
15.49999926	0.00000000	12.64764000	-3.15575800
15.69999924	0.00000000	12.64764000	-3.15575800
15.89999923	0.00000000	12.64764000	-3.15575800
16.09999922	0.00000000	12.64764000	-3.15575800
16.29999921	0.00000000	12.64764000	-3.15575800
16.49999920	0.00000000	12.69070000	-3.15575800
16.69999919	0.00000000	13.06594000	-3.15575800
16.89999917	0.00000000	13.81028000	-3.15575800
17.09999916	0.00000000	14.18553000	-3.15575800
17.29999915	0.00000000	14.22859000	-3.15575800
17.49999914	0.00000000	14.22859000	-3.15575800
17.69999913	0.00000000	14.18553000	-3.15575800
17.89999911	0.00000000	13.76107000	-3.15575800
18.09999910	0.00000000	12.60458000	-3.15575800
18.29999909	0.00000000	11.06668000	-3.15575800
18.49999908	0.00000000	9.48572700	-3.15575800
18.69999907	0.00000000	7.99704600	-3.15575800
18.89999905	-0.15871060	7.20964500	-3.15575800
19.09999904	0.00000000	7.62180000	-3.15575800
19.29999903	0.00000000	8.83366100	-3.15575800
19.49999902	0.00000000	11.57726000	-3.15575800
19.69999901	0.00000000	15.39124000	-3.15575800
19.89999900	0.00000000	18.92839000	-3.15575800
20.09999898	0.00000000	21.99803000	-3.15575800
20.29999897	0.00000000	23.85581000	-3.15575800
20.49999896	0.00000000	23.02534000	-3.15575800
20.69999895	0.00000000	19.53125000	-3.15575800
20.89999894	0.00000000	13.67495000	-3.11269700
21.09999892	0.00000000	6.32381900	-2.78051200
21.29999891	0.00000000	-0.98425190	-2.41141700
21.49999890	0.00000000	-6.32997000	-2.78051200
21.69999889	0.00000000	-7.77559000	-3.11269700
21.89999888	0.00000000	-4.28764700	-3.19881900
22.09999886	0.00000000	3.89394600	-3.53100400
22.29999885	0.00000000	15.11442000	-3.94315900
22.49999884	0.00000000	27.48524000	-3.90625000
22.69999883	0.00000000	37.86294000	-3.94315900
22.89999882	0.00000000	43.59005000	-3.53100400
23.09999881	0.00000000	42.75344000	-3.15575800
23.29999879	0.00000000	34.47958000	-2.73745100
23.49999878	0.00000000	19.81422000	-1.99311000
23.69999877	0.00000000	1.30413400	-1.61786400
23.89999876	0.00000000	-15.63730000	-1.57480300
24.09999875	0.00000000	-27.22072000	-1.61786400
24.29999873	0.00000000	-30.57333000	-2.04232300
24.49999872	0.00000000	-23.59744000	-3.19881900
24.69999871	0.00000000	-7.73252900	-4.73671200
24.89999870	0.00000000	13.53346000	-6.31151500
25.09999869	0.00000000	35.90674000	-7.84940900
25.29999867	0.00000000	53.63558000	-8.96284400
25.49999866	0.00000000	62.52460000	-8.91978400
25.69999865	0.00000000	60.52534000	-7.38188900
25.89999864	0.00000000	47.31176000	-4.64443900
26.09999863	0.00000000	25.35064000	-1.15649600
26.29999862	0.00000000	-0.09842519	2.73745100
26.49999860	0.00000000	-22.47785000	6.13312000
26.69999859	0.00000000	-36.80487000	8.03395600
26.89999858	0.00000000	-39.88066000	7.20349400
27.09999857	0.00000000	-31.04084000	3.72170300
27.29999856	0.00000000	-12.51845000	-2.12844500
27.49999854	0.00000000	11.06668000	-9.47342500
27.69999853	0.00000000	34.65797000	-16.76919000
27.89999852	0.00000000	53.17421000	-22.15797000
28.09999851	0.00000000	62.10630000	-24.02190000
28.29999850	0.00000000	59.82406000	-21.64739000
28.49999848	0.00000000	47.53936000	-14.63459000
28.69999847	0.00000000	28.18651000	-4.18307100
28.89999846	0.00000000	6.55142700	7.75713500
29.09999845	0.00000000	-13.17052000	18.53469000
29.29999844	0.00000000	-26.33489000	25.04306000
29.49999843	0.00000000	-30.29035000	25.78740000
29.69999841	0.00000000	-25.30758000	19.93110000
29.89999840	0.00000000	-12.56767000	8.36614100
30.09999839	0.00000000	4.78592500	-6.36072800
30.29999838	0.00000000	22.56398000	-21.41363000
30.49999837	0.00000000	36.93405000	-33.72293000
30.69999835	0.00000000	45.12795000	-39.86220000
30.89999834	0.00000000	46.37672000	-38.33046000
31.09999833	0.00000000	40.93873000	-29.40452000
31.29999832	0.00000000	30.13656000	-14.67766000
31.49999831	0.00000000	16.22785000	3.06963600
31.69999829	0.00000000	2.68823800	20.02337000
31.89999828	0.00000000	-7.82480200	31.96973000
32.09999827	0.00000000	-13.63804000	36.28814000
32.29999826	0.00000000	-13.68110000	32.43110000
32.49999825	0.00000000	-8.28617100	21.60433000
32.69999824	0.00000000	0.97194880	5.71481200
32.89999822	0.00000000	12.18012000	-12.07554000
33.09999821	0.00000000	22.60704000	-28.24803000
33.29999820	0.00000000	30.00123000	-39.06865000
33.49999819	0.00000000	33.12008000	-41.81841000
33.69999818	0.00000000	31.58218000	-36.84178000
33.89999816	0.00000000	25.81201000	-25.22145000
34.09999815	0.00000000	17.34744000	-9.38115100
34.29999814	0.00000000	8.50147600	7.20349400
34.49999813	0.00000000	1.53174200	21.13681000
34.69999812	0.00000000	-1.96235200	29.22613000
34.89999810	0.00000000	-1.63016700	30.05659000
35.09999809	0.00000000	2.17765700	23.51132000
35.29999808	0.00000000	7.94783400	11.57111000
35.49999807	0.00000000	14.13632000	-3.11269700
35.69999806	0.00000000	19.53125000	-17.37820000
35.89999805	0.00000000	22.60704000	-27.78666000
36.09999803	0.00000000	22.60704000	-32.05585000
36.29999802	0.00000000	19.53125000	-29.40452000
36.49999801	0.00000000	14.22859000	-20.95226000
36.69999800	0.00000000	8.83366100	-9.00590400
36.89999799	0.00000000	4.97047200	3.67249000
37.09999797	0.00000000	3.02042300	13.61959000
37.29999796	0.00000000	3.80782500	17.88878000
37.49999795	0.00000000	6.83439900	15.66191000
37.69999794	0.00000000	11.10974000	8.40920300
37.89999793	0.00000000	15.71727000	-1.57480300
38.09999791	0.00000000	19.58046000	-11.52190000
38.29999790	0.00000000	21.53666000	-18.44242000
38.49999789	0.00000000	21.53666000	-20.35556000
38.69999788	0.00000000	19.58046000	-16.95374000
38.89999787	0.00000000	15.71727000	-9.29502900
39.09999786	0.00000000	11.10974000	-0.13533460
39.29999784	0.00000000	6.83439900	7.94783400
39.49999783	0.00000000	3.75861200	12.54921000
39.69999782	0.00000000	2.55290300	12.50615000
39.89999781	0.00000000	3.29724400	7.48646600
40.09999780	0.00000000	5.25344500	-1.66707700
40.29999778	0.00000000	8.41535400	-11.61417000
40.49999777	0.00000000	12.64764000	-19.28519000
40.69999776	0.00000000	16.87992000	-22.76083000
40.89999775	0.00000000	19.99877000	-20.81693000
41.09999774	0.00000000	21.57972000	-14.30241000
41.29999772	0.00000000	21.57972000	-4.69365100
41.49999771	0.00000000	19.99877000	5.25344500
41.69999770	0.00000000	16.92298000	12.59227000
41.89999769	0.00000000	13.02288000	15.66191000
42.09999768	0.00000000	9.15354300	13.79798000
42.29999767	0.00000000	5.67175200	7.67101300
42.49999765	0.00000000	3.75861200	-0.41830710
42.69999764	0.00000000	3.71555100	-8.91978400
42.89999763	0.00000000	5.25344500	-15.79724000
43.09999762	0.00000000	7.94783400	-18.90994000
43.29999761	0.00000000	11.02362000	-17.83957000
43.49999759	0.00000000	13.76107000	-13.65650000
43.69999758	0.00000000	15.71727000	-7.84940900
43.89999757	0.00000000	16.87992000	-1.66707700
44.09999756	0.00000000	16.92298000	3.72170300
44.29999755	0.00000000	16.22785000	6.82824800
44.49999753	0.00000000	15.80955000	7.20349400
44.69999752	0.00000000	15.39124000	4.96432100
44.89999751	0.00000000	14.64690000	0.79355310
45.09999750	0.00000000	14.22859000	-3.06348400
45.29999749	0.00000000	13.71801000	-6.22539300
45.49999748	0.00000000	12.18012000	-8.54453700
45.69999746	0.00000000	9.86097400	-9.33809000
45.89999745	0.00000000	7.52952700	-8.96284400
46.09999744	0.00000000	5.16117100	-7.38188900
46.29999743	0.00000000	3.29724400	-4.73671200
46.49999742	0.00000000	2.60211600	-2.04232300
46.69999740	0.00000000	4.18307100	-0.09227362
46.89999739	0.00000000	8.08316900	1.06422200
47.09999738	0.00000000	13.48425000	1.06422200
47.29999737	0.00000000	19.66658000	-0.09227362
47.49999736	0.00000000	24.64936000	-1.99311000
47.69999734	0.00000000	27.34990000	-4.31840500
47.89999733	0.00000000	26.88238000	-6.26845500
48.09999732	0.00000000	22.60704000	-7.80019600
48.29999731	0.00000000	15.29897000	-8.58759800
48.49999730	0.00000000	6.83439900	-8.17544300
48.69999729	0.00000000	-0.51673230	-7.01279500
48.89999727	0.00000000	-5.16732200	-4.64443900
49.09999726	0.00000000	-6.28690900	-1.62401600
49.29999725	0.00000000	-3.12500000	1.11343500
49.49999724	0.00000000	4.18307100	2.97736200
49.69999723	0.00000000	13.81028000	3.38951800
49.89999721	0.00000000	23.02534000	1.81471400
50.09999720	0.00000000	29.62598000	-0.83661410
50.29999719	0.00000000	31.90822000	-4.36146600
50.49999718	0.00000000	29.58292000	-7.80019600
50.69999717	0.00000000	22.65010000	-10.49459000
50.89999715	0.00000000	13.11516000	-11.65723000
51.09999714	0.00000000	4.22613100	-10.86983000
51.29999713	0.00000000	-2.00541300	-8.54453700
51.49999712	0.00000000	-4.70595500	-4.69365100
51.69999711	0.00000000	-3.12500000	-0.46751960
51.89999710	0.00000000	2.64517700	3.02042300
52.09999708	0.00000000	11.02362000	5.29650500
52.29999707	0.00000000	19.06988000	5.24729300
52.49999706	0.00000000	24.13878000	2.64517700
52.69999705	0.00000000	25.71973000	-1.20570900
52.89999704	0.00000000	23.76353000	-5.06274600
53.09999702	0.00000000	18.41781000	-8.54453700
53.29999701	0.00000000	11.53420000	-10.45152000
53.49999700	0.00000000	5.33956700	-10.49459000
53.69999699	0.00000000	1.10728300	-8.96284400
53.89999698	0.00000000	-0.00615157	-6.26845500
54.09999696	0.00000000	2.64517700	-3.24803100
54.29999695	0.00000000	7.99704600	-0.92888770
54.49999694	0.00000000	14.13632000	-0.13533460
54.69999693	0.00000000	19.53125000	-0.46136810
54.89999692	0.00000000	22.60704000	-1.62401600
55.09999691	0.00000000	22.60704000	-3.15575800
55.29999689	0.00000000	19.58046000	-4.68750000
55.49999688	0.00000000	14.56078000	-5.75787400
55.69999687	0.00000000	9.20275500	-5.38262700
55.89999686	0.00000000	4.55831700	-3.53100400
56.09999685	0.00000000	2.26993100	-1.62401600
56.29999683	0.00000000	2.60211600	-0.09227362
56.49999682	0.00000000	5.29650500	0.65206690
56.69999681	0.00000000	9.52879000	-0.17839570
56.89999680	0.00000000	14.13632000	-2.46063000
57.09999679	0.00000000	17.99951000	-5.93626900
57.29999677	0.00000000	19.90650000	-9.33809000
57.49999676	0.00000000	19.58046000	-11.61417000
57.69999675	0.00000000	17.29823000	-11.61417000
57.89999674	0.00000000	14.22859000	-9.29502900
58.09999673	0.00000000	11.10974000	-5.43184000
58.29999672	0.00000000	8.41535400	-0.37524600
58.49999670	0.00000000	6.87746000	4.55831700
58.69999669	0.00000000	6.87746000	7.99089500
58.89999668	0.00000000	8.37229300	8.31692900
59.09999667	0.00000000	10.64838000	5.29650500
59.29999666	0.00000000	12.60458000	-0.13533460
59.49999664	0.00000000	14.13632000	-6.68676100
59.69999663	0.00000000	14.92372000	-13.18898000
59.89999662	0.00000000	14.56078000	-17.37205000
60.09999661	0.00000000	13.81028000	-17.79035000
60.29999660	0.00000000	12.64764000	-14.72687000
60.49999658	0.00000000	11.53420000	-8.91978400
60.69999657	0.00000000	11.15896000	-1.58095500
60.89999656	0.00000000	11.48499000	5.71481200
61.09999655	0.00000000	12.22933000	11.10359000
61.29999654	0.00000000	12.64764000	13.01058000
61.49999653	0.00000000	13.02288000	11.06053000
61.69999651	0.00000000	13.39198000	5.29650500
61.89999650	0.00000000	12.97982000	-2.78051200
62.09999649	0.00000000	12.22933000	-10.86983000
62.29999648	0.00000000	11.02362000	-17.42126000
62.49999647	0.00000000	9.52879000	-20.48474000
62.69999645	0.00000000	8.41535400	-19.37131000
62.89999644	0.00000000	8.41535400	-14.76993000
63.09999643	0.00000000	9.52879000	-7.80019600
63.29999642	0.00000000	11.06668000	-0.09227362
63.49999641	0.00000000	12.64764000	6.82824800
63.69999639	0.00000000	14.18553000	11.06053000
63.89999638	0.00000000	15.34203000	11.47884000
64.09999637	0.00000000	15.67421000	8.45226300
64.29999636	0.00000000	14.92372000	3.06963600
64.49999635	0.00000000	13.02288000	-3.15575800
64.69999634	0.00000000	11.10974000	-9.33809000
64.89999632	0.00000000	9.52879000	-14.35162000
65.09999631	0.00000000	8.37229300	-16.67692000
65.29999630	0.00000000	8.04010800	-16.35089000
65.49999629	0.00000000	8.79060000	-13.61343000
65.69999628	0.00000000	10.69144000	-9.00590400
65.89999626	0.00000000	12.60458000	-3.62327700
66.09999625	0.00000000	14.13632000	1.02116100
66.29999624	0.00000000	14.88066000	4.18307100
66.49999623	0.00000000	14.13632000	5.75787400
66.69999622	0.00000000	12.64764000	5.80093500
66.89999620	0.00000000	11.06668000	4.64443900
67.09999619	0.00000000	9.52879000	2.69439000
67.29999618	0.00000000	8.45841400	-0.04306102
67.49999617	0.00000000	8.83366100	-3.15575800
67.69999616	0.00000000	10.73450000	-6.31151500
67.89999615	0.00000000	13.06594000	-9.38115100
68.09999613	0.00000000	15.76649000	-11.70029000
68.29999612	0.00000000	17.99951000	-12.49385000
68.49999611	0.00000000	18.37475000	-12.11860000
68.69999610	0.00000000	16.83686000	-10.49459000
68.89999609	0.00000000	13.76107000	-7.38188900
69.09999607	0.00000000	9.86097400	-3.15575800
69.29999606	0.00000000	6.04084600	1.11343500
69.49999605	0.00000000	2.97736200	4.60137700
69.69999604	0.00000000	2.26993100	6.92052100
69.89999603	0.00000000	4.13385800	7.24655500
70.09999601	0.00000000	8.04010800	5.33956700
70.29999600	0.00000000	13.06594000	1.43946800
70.49999599	0.00000000	18.46087000	-3.53100400
70.69999598	0.00000000	22.65010000	-8.58759800
70.89999597	0.00000000	24.23105000	-12.40773000
71.09999596	0.00000000	23.06841000	-14.35162000
71.29999594	0.00000000	19.58046000	-13.56422000
71.49999593	0.00000000	14.13632000	-10.53765000
71.69999592	0.00000000	7.99704600	-6.31151500
71.89999591	0.00000000	2.55290300	-2.04232300
72.09999590	0.00000000	-0.89197830	1.44562000
72.29999588	0.00000000	-1.63016700	3.76476400
72.49999587	0.00000000	1.06422200	4.18307100
72.69999586	0.00000000	6.41609200	3.02042300
72.89999585	0.00000000	12.55536000	0.69512790
73.09999584	0.00000000	17.99951000	-2.73745100
73.29999582	0.00000000	21.53666000	-5.75787400
73.49999581	0.00000000	23.06841000	-7.33882900
73.69999580	0.00000000	22.27485000	-7.38188900
73.89999579	0.00000000	18.83612000	-6.26845500
74.09999578	0.00000000	14.22859000	-4.77977300
74.29999577	0.00000000	9.57800100	-3.62327700
74.49999575	0.00000000	5.71481200	-3.24803100
74.69999574	0.00000000	3.71555100	-3.62327700
74.89999573	0.00000000	3.34030500	-4.73671200
75.09999572	0.00000000	4.50910400	-5.85014700
75.29999571	0.00000000	7.57258800	-6.26845500
75.49999569	0.00000000	11.02362000	-6.21924200
75.69999568	0.00000000	14.13632000	-5.38262700
75.89999567	0.00000000	16.46161000	-3.06348400
76.09999566	0.00000000	17.21210000	-0.04306102
76.29999565	0.00000000	16.50467000	2.64517700
76.49999563	0.00000000	14.60384000	4.14000900
76.69999562	0.00000000	12.73991000	3.71555100
76.89999561	0.00000000	11.53420000	1.02116100
77.09999560	0.00000000	11.10974000	-3.20497000
77.29999559	0.00000000	11.06668000	-7.84940900
77.49999558	0.00000000	11.06668000	-12.07554000
77.69999556	0.00000000	11.06668000	-14.76993000
77.89999555	0.00000000	11.02362000	-15.09596000
78.09999554	0.00000000	10.64838000	-12.77067000
78.29999553	0.00000000	9.90403500	-7.80019600
78.49999552	0.00000000	9.52879000	-2.04232300
78.69999550	0.00000000	9.52879000	3.02042300
78.89999549	0.00000000	9.95324800	6.87746000
79.09999548	0.00000000	11.15896000	8.40920300
79.29999547	0.00000000	13.06594000	7.29576700
79.49999546	0.00000000	15.34203000	4.18307100
79.69999544	0.00000000	16.87992000	-0.46136810
79.89999543	0.00000000	17.29823000	-5.85014700
80.09999542	0.00000000	16.87992000	-10.49459000
80.29999541	0.00000000	15.29897000	-13.60728000
80.49999540	0.00000000	12.64764000	-14.72687000
80.69999539	0.00000000	9.95324800	-13.23819000
80.89999537	0.00000000	7.99704600	-9.79945900
81.09999536	0.00000000	6.83439900	-5.93626900
81.29999535	0.00000000	6.87746000	-1.99311000
81.49999534	0.00000000	8.37229300	1.44562000
81.69999533	0.00000000	10.69144000	3.80782500
81.89999531	0.00000000	13.02288000	4.60137700
82.09999530	0.00000000	15.34203000	4.22613100
82.29999529	0.00000000	16.83686000	2.64517700
82.49999528	0.00000000	16.87992000	-0.04306102
82.69999527	0.00000000	15.71727000	-3.15575800
82.89999525	0.00000000	13.81028000	-6.26845500
83.09999524	0.00000000	11.53420000	-8.96284400
83.29999523	0.00000000	9.99630800	-10.53765000
83.49999522	0.00000000	9.52879000	-10.95595000
83.69999521	0.00000000	9.48572700	-10.53765000
83.89999520	0.00000000	9.52879000	-8.96284400
84.09999518	0.00000000	9.90403500	-6.26845500
84.29999517	0.00000000	10.69144000	-3.15575800
84.49999516	0.00000000	11.44193000	0.00000000
84.69999515	0.00000000	12.18012000	3.06348400
84.89999514	0.00000000	12.22933000	5.33956700
85.09999512	0.00000000	11.90330000	5.71481200
85.29999511	0.00000000	12.27239000	4.13385800
85.49999510	0.00000000	12.60458000	0.64591530
85.69999509	0.00000000	12.69070000	-4.31840500
85.89999508	0.00000000	13.02288000	-8.91978400
86.09999506	0.00000000	13.39198000	-12.07554000
86.29999505	0.00000000	12.97982000	-13.61343000
86.49999504	0.00000000	12.22933000	-13.18898000
86.69999503	0.00000000	11.06668000	-10.49459000
86.89999502	0.00000000	9.90403500	-6.26845500
87.09999501	0.00000000	9.15354300	-1.62401600
87.29999499	0.00000000	8.79060000	2.60211600
87.49999498	0.00000000	9.52879000	5.29650500
87.69999497	0.00000000	10.64838000	5.67175200
87.89999496	0.00000000	11.53420000	3.76476400
88.09999495	0.00000000	13.06594000	-0.09227362
88.29999493	0.00000000	14.92372000	-4.69365100
88.49999492	0.00000000	15.67421000	-8.96284400
88.69999491	0.00000000	15.34203000	-12.03248000
88.89999490	0.00000000	14.18553000	-13.14591000
89.09999489	0.00000000	12.64764000	-11.61417000
89.29999487	0.00000000	11.06668000	-7.80019600
89.49999486	0.00000000	9.52879000	-3.20497000
89.69999485	0.00000000	8.41535400	1.07037400
89.89999484	0.00000000	8.41535400	4.13385800
90.09999483	0.00000000	9.48572700	5.25344500
90.29999482	0.00000000	10.64838000	3.71555100
90.49999480	0.00000000	11.44193000	-0.09227362
90.69999479	0.00000000	12.22933000	-4.69365100
90.89999478	0.00000000	12.60458000	-8.96284400
91.09999477	0.00000000	12.64764000	-11.98942000
91.29999476	0.00000000	12.64764000	-12.72761000
91.49999474	0.00000000	12.64764000	-10.40846000
91.69999473	0.00000000	12.60458000	-5.89320800
91.89999472	0.00000000	12.22933000	-0.87967510
92.09999471	0.00000000	11.53420000	2.97736200
92.29999470	0.00000000	11.48499000	5.29650500
92.49999468	0.00000000	11.81102000	5.24729300
92.69999467	0.00000000	11.44193000	2.60211600
92.89999466	0.00000000	11.06668000	-1.62401600
93.09999465	0.00000000	10.64838000	-6.21924200
93.29999464	0.00000000	9.86097400	-10.07628000
93.49999463	0.00000000	9.15354300	-11.98327000
93.69999461	0.00000000	8.79060000	-11.61417000
93.89999460	0.00000000	9.57800100	-8.91978400
94.09999459	0.00000000	11.10974000	-4.73671200
94.29999458	0.00000000	13.06594000	-0.51058070
94.49999457	0.00000000	15.34203000	2.55905500
94.69999455	0.00000000	16.87992000	3.71555100
94.89999454	0.00000000	17.25517000	2.55905500
95.09999453	0.00000000	16.50467000	-0.46751960
95.29999452	0.00000000	14.51156000	-4.31840500
95.49999451	0.00000000	11.85408000	-7.75713500
95.69999449	0.00000000	8.74138700	-10.07628000
95.89999448	0.00000000	6.41609200	-10.45152000
96.09999447	0.00000000	4.83513700	-8.96284400
96.29999446	0.00000000	4.18307100	-6.26845500
96.49999445	0.00000000	5.71481200	-3.19881900
96.69999444	0.00000000	9.15354300	-0.51058070
96.89999442	0.00000000	12.97982000	1.06422200
97.09999441	0.00000000	16.50467000	1.43946800
97.29999440	0.00000000	18.83612000	0.64591530
97.49999439	0.00000000	19.99877000	-1.62401600
97.69999438	0.00000000	19.58046000	-4.26919300
97.89999436	0.00000000	17.25517000	-6.22539300
98.09999435	0.00000000	13.81028000	-7.38188900
98.29999434	0.00000000	9.90403500	-7.38188900
98.49999433	0.00000000	6.45915300	-6.26845500
98.69999432	0.00000000	4.09079700	-4.77977300
98.89999430	0.00000000	3.34030500	-3.62327700
99.09999429	0.00000000	4.09079700	-3.19881900
99.29999428	0.00000000	6.45915300	-3.15575800
99.49999427	0.00000000	9.90403500	-3.15575800
99.69999426	0.00000000	13.76107000	-3.15575800
99.89999425	0.00000000	16.87992000	-3.11269700
100.09999423	0.00000000	18.83612000	-2.73745100
100.29999422	0.00000000	19.58046000	-1.99311000
100.49999421	0.00000000	18.41781000	-1.57480300
100.69999420	0.00000000	15.76649000	-1.24877000
100.89999419	0.00000000	12.64764000	-1.29798200
101.09999417	0.00000000	9.52879000	-2.82972400
101.29999416	0.00000000	6.83439900	-4.68750000
101.49999415	0.00000000	5.25344500	-6.31151500
101.69999414	0.00000000	4.87819900	-7.80019600
101.89999413	0.00000000	5.62869100	-8.54453700
102.09999411	0.00000000	7.57258800	-7.75713500
102.29999410	0.00000000	9.90403500	-5.85014700
102.49999409	0.00000000	12.60458000	-3.15575800
102.69999408	0.00000000	14.92372000	-0.46751960
102.89999407	0.00000000	16.09252000	1.48868100
103.09999406	0.00000000	16.50467000	2.60211600
103.29999404	0.00000000	15.71727000	2.22687000
103.49999403	0.00000000	14.18553000	0.28297240
103.69999402	0.00000000	12.22933000	-2.41141700
103.89999401	0.00000000	9.95324800	-5.89320800
104.09999400	0.00000000	8.41535400	-8.87057000
104.29999398	0.00000000	7.94783400	-10.11934000
104.49999397	0.00000000	7.94783400	-9.75639700
104.69999396	0.00000000	8.37229300	-8.54453700
104.89999395	0.00000000	9.52879000	-5.85014700
105.09999394	0.00000000	11.06668000	-2.46063000
105.29999392	0.00000000	12.60458000	-0.13533460
105.49999391	0.00000000	13.76107000	1.06422200
105.69999390	0.00000000	14.13632000	1.06422200
105.89999389	0.00000000	13.76107000	-0.09227362
106.09999388	0.00000000	12.64764000	-1.99311000
106.29999387	0.00000000	11.48499000	-4.31840500
106.49999385	0.00000000	10.69144000	-6.22539300
106.69999384	0.00000000	9.95324800	-7.38188900
106.89999383	0.00000000	9.95324800	-7.33882900
107.09999382	0.00000000	10.69144000	-5.89320800
107.29999381	0.00000000	11.44193000	-3.94931100
107.49999379	0.00000000	12.27239000	-2.40526600
107.69999378	0.00000000	12.97982000	-0.87967510
107.89999377	0.00000000	13.34276000	-0.51058070
108.09999376	0.00000000	12.60458000	-1.24877000
108.29999375	0.00000000	11.48499000	-2.41141700
108.49999374	0.00000000	10.69144000	-4.31840500
108.69999372	0.00000000	9.90403500	-5.80093500
108.89999371	0.00000000	9.52879000	-6.26845500
109.09999370	0.00000000	9.52879000	-6.26845500
109.29999369	0.00000000	9.95324800	-5.80093500
109.49999368	0.00000000	11.06668000	-4.31840500
109.69999366	0.00000000	12.22933000	-2.41141700
109.89999365	0.00000000	13.02288000	-1.24877000
110.09999364	0.00000000	13.76107000	-0.46136810
110.29999363	0.00000000	13.71801000	-0.51058070
110.49999362	0.00000000	12.64764000	-1.62401600
110.69999360	0.00000000	11.48499000	-3.15575800
110.89999359	0.00000000	10.69144000	-4.68750000
111.09999358	0.00000000	9.90403500	-5.85014700
111.29999357	0.00000000	9.52879000	-6.26845500
111.49999356	0.00000000	9.52879000	-6.26845500
111.69999355	0.00000000	9.90403500	-5.89320800
111.89999353	0.00000000	10.69144000	-5.11195900
112.09999352	0.00000000	11.44193000	-4.36146600
112.29999351	0.00000000	12.22933000	-3.53100400
112.49999350	0.00000000	12.60458000	-2.82357300
112.69999349	0.00000000	12.60458000	-2.41141700
112.89999347	0.00000000	12.22933000	-2.78051200
113.09999346	0.00000000	11.48499000	-3.11269700
113.29999345	0.00000000	11.10974000	-3.15575800
113.49999344	0.00000000	11.06668000	-3.15575800
113.69999343	0.00000000	11.06668000	-3.19881900
113.89999341	0.00000000	11.06668000	-3.57406500
114.09999340	0.00000000	11.06668000	-4.31840500
114.29999339	0.00000000	11.06668000	-4.69365100
114.49999338	0.00000000	11.06668000	-4.73671200
114.69999337	0.00000000	11.06668000	-4.73671200
114.89999336	0.00000000	11.06668000	-4.73671200
115.09999334	0.00000000	11.10974000	-4.73671200
115.29999333	0.00000000	11.44193000	-4.73671200
115.49999332	0.00000000	11.81102000	-4.69365100
115.69999331	0.00000000	11.44193000	-4.31840500
115.89999330	0.00000000	11.10974000	-3.53100400
116.09999328	0.00000000	11.02362000	-2.78051200
116.29999327	0.00000000	10.69144000	-1.99311000
116.49999326	0.00000000	10.32234000	-1.61786400
116.69999325	0.00000000	10.69144000	-1.61786400
116.89999324	0.00000000	11.02362000	-1.99311000
117.09999322	0.00000000	11.06668000	-2.78051200
117.29999321	0.00000000	11.10974000	-3.53100400
117.49999320	0.00000000	11.48499000	-4.36146600
117.69999319	0.00000000	12.27239000	-5.11195900
117.89999318	0.00000000	12.97982000	-5.89320800
118.09999317	0.00000000	13.39198000	-6.21924200
118.29999315	0.00000000	12.97982000	-5.89320800
118.49999314	0.00000000	12.27239000	-5.11195900
118.69999313	0.00000000	11.44193000	-4.36146600
118.89999312	0.00000000	10.64838000	-3.53100400
119.09999311	0.00000000	9.48572700	-2.78051200
119.29999309	0.00000000	8.37229300	-1.99311000
119.49999308	0.00000000	8.04010800	-1.61786400
119.69999307	0.00000000	8.74138700	-1.61786400
119.89999306	0.00000000	10.27313000	-1.99311000
120.09999305	0.00000000	11.44193000	-2.73745100
120.29999303	0.00000000	12.64764000	-3.15575800
120.49999302	0.00000000	13.76107000	-3.57406500
120.69999301	0.00000000	14.18553000	-4.31840500
120.89999300	0.00000000	14.18553000	-4.69365100
121.09999299	0.00000000	13.76107000	-4.73671200
121.29999298	0.00000000	12.60458000	-4.73671200
121.49999296	0.00000000	11.10974000	-4.73671200
121.69999295	0.00000000	9.90403500	-4.69365100
121.89999294	0.00000000	9.11048200	-4.31840500
122.09999293	0.00000000	8.37229300	-3.57406500
122.29999292	0.00000000	8.37229300	-3.19881900
122.49999290	0.00000000	9.11048200	-3.11269700
122.69999289	0.00000000	9.90403500	-2.78051200
122.89999288	0.00000000	11.06668000	-2.41141700
123.09999287	0.00000000	12.22933000	-2.78051200
123.29999286	0.00000000	12.97982000	-3.11269700
123.49999284	0.00000000	13.39198000	-3.19881900
123.69999283	0.00000000	13.02288000	-3.57406500
123.89999282	0.00000000	12.69070000	-4.31840500
124.09999281	0.00000000	12.60458000	-4.69365100
124.29999280	0.00000000	12.22933000	-4.73671200
124.49999279	0.00000000	11.44193000	-4.73671200
124.69999277	0.00000000	10.69144000	-4.73671200
124.89999276	0.00000000	9.90403500	-4.69365100
125.09999275	0.00000000	9.52879000	-4.31840500
125.29999274	0.00000000	9.48572700	-3.57406500
125.49999273	0.00000000	9.52879000	-3.15575800
125.69999271	0.00000000	9.95324800	-2.78051200
125.89999270	0.00000000	11.06668000	-2.41141700
126.09999269	0.00000000	12.18012000	-2.78051200
126.29999268	0.00000000	12.60458000	-3.11269700
126.49999267	0.00000000	12.69070000	-3.15575800
126.69999265	0.00000000	13.02288000	-3.19881900
126.89999264	0.00000000	13.34276000	-3.57406500
127.09999263	0.00000000	12.55536000	-4.31840500
127.29999262	0.00000000	11.10974000	-4.69365100
127.49999261	0.00000000	9.95324800	-4.73671200
127.69999260	0.00000000	9.52879000	-4.73671200
127.89999258	0.00000000	9.48572700	-4.69365100
128.09999257	0.00000000	9.52879000	-4.31840500
128.29999256	0.00000000	9.95324800	-3.57406500
128.49999255	0.00000000	11.06668000	-3.19881900
128.69999254	0.00000000	12.18012000	-3.15575800
128.89999252	0.00000000	12.64764000	-3.15575800
129.09999251	0.00000000	13.02288000	-3.15575800
129.29999250	0.00000000	13.34276000	-3.19881900
129.49999249	0.00000000	12.60458000	-3.57406500
129.69999248	0.00000000	11.48499000	-4.31840500
129.89999246	0.00000000	10.69144000	-4.69365100
130.09999245	0.00000000	9.90403500	-4.73671200
130.29999244	0.00000000	9.52879000	-4.69365100
130.49999243	0.00000000	9.52879000	-4.31840500
130.69999242	0.00000000	9.95324800	-3.57406500
130.89999241	0.00000000	11.06668000	-3.19881900
131.09999239	0.00000000	12.18012000	-3.15575800
131.29999238	0.00000000	12.60458000	-3.15575800
131.49999237	0.00000000	12.64764000	-3.19881900
131.69999236	0.00000000	12.60458000	-3.57406500
131.89999235	0.00000000	12.22933000	-4.31840500
132.09999233	0.00000000	11.48499000	-4.69365100
132.29999232	0.00000000	11.06668000	-4.73671200
132.49999231	0.00000000	10.64838000	-4.73671200
132.69999230	0.00000000	9.95324800	-4.69365100
132.89999229	0.00000000	9.95324800	-4.31840500
133.09999227	0.00000000	10.64838000	-3.53100400
133.29999226	0.00000000	11.02362000	-2.78051200
133.49999225	0.00000000	11.06668000	-1.99311000
133.69999224	0.00000000	11.06668000	-1.66707700
133.89999223	0.00000000	11.06668000	-1.99311000
134.09999222	0.00000000	11.06668000	-2.78051200
134.29999220	0.00000000	11.06668000	-3.53100400
134.49999219	0.00000000	11.06668000	-4.31840500
134.69999218	0.00000000	11.06668000	-4.73671200
134.89999217	0.00000000	11.06668000	-5.15501900
135.09999216	0.00000000	11.06668000	-5.85014700
135.29999214	0.00000000	11.10974000	-5.85014700
135.49999213	0.00000000	11.44193000	-5.11195900
135.69999212	0.00000000	11.81102000	-4.36146600
135.89999211	0.00000000	11.44193000	-3.57406500
136.09999210	0.00000000	11.06668000	-3.15575800
136.29999208	0.00000000	10.64838000	-2.73745100
136.49999207	0.00000000	9.90403500	-1.99311000
136.69999206	0.00000000	9.52879000	-1.66707700
136.89999205	0.00000000	9.52879000	-1.99311000
137.09999204	0.00000000	9.90403500	-2.78051200
137.29999203	0.00000000	10.69144000	-3.53100400
137.49999201	0.00000000	11.44193000	-4.31840500
137.69999200	0.00000000	12.22933000	-4.69365100
137.89999199	0.00000000	12.60458000	-4.77977300
138.09999198	0.00000000	12.60458000	-5.11195900
138.29999197	0.00000000	12.22933000	-5.47490100
138.49999195	0.00000000	11.44193000	-5.11195900
138.69999194	0.00000000	10.69144000	-4.73671200
138.89999193	0.00000000	9.90403500	-4.31840500
139.09999192	0.00000000	9.52879000	-3.57406500
139.29999191	0.00000000	9.52879000	-3.15575800
139.49999189	0.00000000	9.90403500	-2.73745100
139.69999188	0.00000000	10.64838000	-2.04232300
139.89999187	0.00000000	11.06668000	-2.04232300
140.09999186	0.00000000	11.48499000	-2.78051200
140.29999185	0.00000000	12.22933000	-3.53100400
140.49999184	0.00000000	12.55536000	-4.36146600
140.69999182	0.00000000	12.22933000	-5.11195900
140.89999181	0.00000000	11.48499000	-5.89320800
141.09999180	0.00000000	11.06668000	-6.21924200
141.29999179	0.00000000	10.64838000	-5.89320800
141.49999178	0.00000000	9.95324800	-5.11195900
141.69999176	0.00000000	9.95324800	-4.36146600
141.89999175	0.00000000	10.64838000	-3.53100400
142.09999174	0.00000000	11.02362000	-2.78051200
142.29999173	0.00000000	11.06668000	-1.99311000
142.49999172	0.00000000	11.06668000	-1.66707700
142.69999170	0.00000000	11.06668000	-1.99311000
142.89999169	0.00000000	11.06668000	-2.78051200
143.09999168	0.00000000	11.06668000	-3.53100400
143.29999167	0.00000000	11.06668000	-4.36146600
143.49999166	0.00000000	11.06668000	-5.11195900
143.69999165	0.00000000	11.06668000	-5.85014700
143.89999163	0.00000000	11.06668000	-5.85014700
144.09999162	0.00000000	11.06668000	-5.15501900
144.29999161	0.00000000	11.06668000	-4.73671200
144.49999160	0.00000000	11.06668000	-4.31840500
144.69999159	0.00000000	11.10974000	-3.53100400
144.89999157	0.00000000	11.44193000	-2.78051200
145.09999156	0.00000000	11.81102000	-2.04232300
145.29999155	0.00000000	11.44193000	-2.04232300
145.49999154	0.00000000	11.06668000	-2.78051200
145.69999153	0.00000000	10.64838000	-3.53100400
145.89999151	0.00000000	9.90403500	-4.31840500
146.09999150	0.00000000	9.52879000	-4.69365100
146.29999149	0.00000000	9.52879000	-4.73671200
146.49999148	0.00000000	9.90403500	-4.73671200
146.69999147	0.00000000	10.69144000	-4.73671200
146.89999146	0.00000000	11.39887000	-4.73671200
147.09999144	0.00000000	11.81102000	-4.69365100
147.29999143	0.00000000	11.44193000	-4.31840500
147.49999142	0.00000000	11.10974000	-3.57406500
147.69999141	0.00000000	11.06668000	-3.19881900
147.89999140	0.00000000	11.06668000	-3.15575800
148.09999138	0.00000000	11.02362000	-3.15575800
148.29999137	0.00000000	10.64838000	-3.15575800
148.49999136	0.00000000	9.95324800	-3.15575800
148.69999135	0.00000000	9.95324800	-3.19881900
148.89999134	0.00000000	10.64838000	-3.57406500
149.09999132	0.00000000	11.02362000	-4.31840500
149.29999131	0.00000000	11.06668000	-4.69365100
149.49999130	0.00000000	11.06668000	-4.73671200
149.69999129	0.00000000	11.06668000	-4.73671200
149.89999128	0.00000000	11.06668000	-4.69365100
150.09999127	0.00000000	11.06668000	-4.31840500
150.29999125	0.00000000	11.06668000	-3.57406500
150.49999124	0.00000000	11.06668000	-3.19881900
150.69999123	0.00000000	11.02362000	-3.15575800
150.89999122	0.00000000	10.69144000	-3.15575800
151.09999121	0.00000000	10.32234000	-3.15575800
151.29999119	0.00000000	10.64838000	-3.15575800
151.49999118	0.00000000	10.64838000	-3.15575800
151.69999117	0.00000000	10.32234000	-3.19881900
151.89999116	0.00000000	10.69144000	-3.57406500
152.09999115	0.00000000	11.02362000	-4.31840500
152.29999113	0.00000000	11.06668000	-4.69365100
152.49999112	0.00000000	11.06668000	-4.73671200
152.69999111	0.00000000	11.06668000	-4.73671200
152.89999110	0.00000000	11.06668000	-4.69365100
153.09999109	0.00000000	11.06668000	-4.31840500
153.29999108	0.00000000	11.06668000	-3.57406500
153.49999106	0.00000000	11.06668000	-3.19881900
153.69999105	0.00000000	11.02362000	-3.15575800
153.89999104	0.00000000	10.64838000	-3.15575800
154.09999103	0.00000000	9.90403500	-3.15575800
154.29999102	0.00000000	9.52879000	-3.15575800
154.49999100	0.00000000	9.48572700	-3.15575800
154.69999099	0.00000000	9.48572700	-3.19881900
154.89999098	0.00000000	9.52879000	-3.57406500
155.09999097	0.00000000	9.90403500	-4.31840500
155.29999096	0.00000000	10.64838000	-4.69365100
155.49999094	0.00000000	11.02362000	-4.69365100
155.69999093	0.00000000	11.06668000	-4.36146600
155.89999092	0.00000000	11.06668000	-3.99237200
156.09999091	0.00000000	11.06668000	-4.31840500
156.29999090	0.00000000	11.06668000	-4.26919300
156.49999089	0.00000000	11.02362000	-3.57406500
156.69999087	0.00000000	10.64838000	-3.19881900
156.89999086	0.00000000	9.90403500	-3.15575800
157.09999085	0.00000000	9.48572700	-3.15575800
157.29999084	0.00000000	9.11048200	-3.15575800
157.49999083	0.00000000	8.79060000	-3.15575800
157.69999081	0.00000000	9.52879000	-3.19881900
157.89999080	0.00000000	10.59916000	-3.57406500
158.09999079	0.00000000	11.02362000	-4.31840500
158.29999078	0.00000000	11.06668000	-4.69365100
158.49999077	0.00000000	11.10974000	-4.73671200
158.69999075	0.00000000	11.44193000	-4.73671200
158.89999074	0.00000000	11.81102000	-4.69365100
159.09999073	0.00000000	11.44193000	-4.31840500
159.29999072	0.00000000	11.10974000	-3.57406500
159.49999071	0.00000000	11.06668000	-3.19881900
159.69999070	0.00000000	11.02362000	-3.15575800
159.89999068	0.00000000	10.64838000	-3.15575800
160.09999067	0.00000000	9.95324800	-3.15575800
160.29999066	0.00000000	9.95324800	-3.19881900
160.49999065	0.00000000	10.59916000	-3.57406500
160.69999064	0.00000000	10.59916000	-4.31840500
160.89999062	0.00000000	9.95324800	-4.69365100
161.09999061	0.00000000	9.95324800	-4.73671200
161.29999060	0.00000000	10.64838000	-4.73671200
161.49999059	0.00000000	11.02362000	-4.73671200
161.69999058	0.00000000	11.06668000	-4.73671200
161.89999056	0.00000000	11.06668000	-4.69365100
162.09999055	0.00000000	11.06668000	-4.31840500
162.29999054	0.00000000	11.06668000	-3.57406500
162.49999053	0.00000000	11.06668000	-3.19881900
162.69999052	0.00000000	11.06668000	-3.15575800
162.89999051	0.00000000	11.06668000	-3.15575800
163.09999049	0.00000000	11.02362000	-3.15575800
163.29999048	0.00000000	10.64838000	-3.19881900
163.49999047	0.00000000	9.90403500	-3.57406500
163.69999046	0.00000000	9.52879000	-4.31840500
163.89999045	0.00000000	9.48572700	-4.69365100
164.09999043	0.00000000	9.52879000	-4.73671200
164.29999042	0.00000000	9.90403500	-4.73671200
164.49999041	0.00000000	10.64838000	-4.73671200
164.69999040	0.00000000	11.02362000	-4.73671200
164.89999039	0.00000000	11.06668000	-4.73671200
165.09999037	0.00000000	11.06668000	-4.73671200
165.29999036	0.00000000	11.06668000	-4.69365100
165.49999035	0.00000000	11.06668000	-4.31840500
165.69999034	0.00000000	11.06668000	-3.62327700
165.89999033	0.00000000	11.02362000	-3.57406500
166.09999032	0.00000000	10.64838000	-3.90009800
166.29999030	0.00000000	9.90403500	-3.53100400
166.49999029	0.00000000	9.52879000	-3.19881900
166.69999028	0.00000000	9.48572700	-3.19881900
166.89999027	0.00000000	9.52879000	-3.57406500
167.09999026	0.00000000	9.90403500	-4.31840500
167.29999024	0.00000000	10.64838000	-4.69365100
167.49999023	0.00000000	11.02362000	-4.73671200
167.69999022	0.00000000	11.06668000	-4.73671200
167.89999021	0.00000000	11.06668000	-4.73671200
168.09999020	0.00000000	11.06668000	-4.69365100
168.29999018	0.00000000	11.06668000	-4.31840500
168.49999017	0.00000000	11.06668000	-3.62327700
168.69999016	0.00000000	11.06668000	-3.62327700
168.89999015	0.00000000	11.06668000	-4.31840500
169.09999014	0.00000000	11.06668000	-4.69365100
169.29999013	0.00000000	11.06668000	-4.73671200
169.49999011	0.00000000	11.02362000	-4.73671200
169.69999010	0.00000000	10.64838000	-4.69365100
169.89999009	0.00000000	9.90403500	-4.31840500
170.09999008	0.00000000	9.57800100	-3.57406500
170.29999007	0.00000000	9.90403500	-3.19881900
170.49999005	0.00000000	10.59916000	-3.19881900
170.69999004	0.00000000	10.64838000	-3.53100400
170.89999003	0.00000000	10.32234000	-3.94315900
171.09999002	0.00000000	10.69144000	-3.94931100
171.29999001	0.00000000	11.02362000	-4.36146600
171.49998999	0.00000000	11.02362000	-4.64443900
171.69998998	0.00000000	10.69144000	-4.36146600
171.89998997	0.00000000	10.32234000	-3.99237200
172.09998996	0.00000000	10.69144000	-4.36146600
172.29998995	0.00000000	11.02362000	-4.69365100
172.49998994	0.00000000	11.06668000	-4.73671200
172.69998992	0.00000000	11.06668000	-4.69365100
172.89998991	0.00000000	11.06668000	-4.31840500
173.09998990	0.00000000	11.06668000	-3.57406500
173.29998989	0.00000000	11.06668000	-3.24803100
173.49998988	0.00000000	11.06668000	-3.53100400
173.69998986	0.00000000	11.06668000	-3.90009800
173.89998985	0.00000000	11.06668000	-3.57406500
174.09998984	0.00000000	11.06668000	-3.62327700
174.29998983	0.00000000	11.06668000	-4.26919300
174.49998982	0.00000000	11.06668000	-4.31840500
174.69998980	0.00000000	11.06668000	-3.99237200
174.89998979	0.00000000	11.06668000	-4.31840500
175.09998978	0.00000000	11.06668000	-4.26919300
175.29998977	0.00000000	11.06668000	-3.57406500
175.49998976	0.00000000	11.06668000	-3.19881900
175.69998975	0.00000000	11.06668000	-3.15575800
175.89998973	0.00000000	11.02362000	-3.19881900
176.09998972	0.00000000	10.69144000	-3.53100400
176.29998971	0.00000000	10.32234000	-3.90009800
176.49998970	0.00000000	10.69144000	-3.53100400
176.69998969	0.00000000	11.02362000	-3.19881900
176.89998967	0.00000000	11.02362000	-3.19881900
177.09998966	0.00000000	10.69144000	-3.57406500
177.29998965	0.00000000	10.32234000	-4.31840500
177.49998964	0.00000000	10.69144000	-4.69365100
177.69998963	0.00000000	11.02362000	-4.69365100
177.89998961	0.00000000	11.06668000	-4.36146600
178.09998960	0.00000000	11.06668000	-3.94931100
178.29998959	0.00000000	11.02362000	-3.98622000
178.49998958	0.00000000	10.69144000	-3.90625000
178.69998957	0.00000000	10.32234000	-3.94315900
178.89998956	0.00000000	10.69144000	-3.53100400
179.09998954	0.00000000	11.02362000	-3.24803100
179.29998953	0.00000000	11.06668000	-3.57406500
179.49998952	0.00000000	11.06668000	-4.31840500
179.69998951	0.00000000	11.06668000	-4.69365100
179.89998950	0.00000000	11.06668000	-4.73671200
180.09998948	0.00000000	11.06668000	-4.73671200
180.29998947	0.00000000	11.06668000	-4.73671200
180.49998946	0.00000000	11.02362000	-4.73671200
180.69998945	0.00000000	10.64838000	-4.69365100
180.89998944	0.00000000	9.95324800	-4.31840500
181.09998942	0.00000000	9.95324800	-3.57406500
181.29998941	0.00000000	10.59916000	-3.19881900
181.49998940	0.00000000	10.64838000	-3.15575800
181.69998939	0.00000000	10.32234000	-3.15575800
181.89998938	0.00000000	10.69144000	-3.15575800
182.09998937	0.00000000	11.02362000	-3.19881900
182.29998935	0.00000000	11.06668000	-3.57406500
182.49998934	0.00000000	11.06668000	-4.31840500
182.69998933	0.00000000	11.06668000	-4.69365100
182.89998932	0.00000000	11.06668000	-4.73671200
183.09998931	0.00000000	11.02362000	-4.73671200
183.29998929	0.00000000	10.69144000	-4.73671200
183.49998928	0.00000000	10.27928000	-4.73671200
183.69998927	0.00000000	10.31619000	-4.73671200
183.89998926	0.00000000	10.27928000	-4.69365100
184.09998925	0.00000000	10.69144000	-4.31840500
184.29998923	0.00000000	10.97441000	-3.57406500
184.49998922	0.00000000	10.69144000	-3.19881900
184.69998921	0.00000000	10.32234000	-3.15575800
184.89998920	0.00000000	10.64838000	-3.15575800
185.09998919	0.00000000	10.64838000	-3.15575800
185.29998918	0.00000000	10.32234000	-3.15575800
185.49998916	0.00000000	10.69144000	-3.19881900
185.69998915	0.00000000	10.97441000	-3.57406500
185.89998914	0.00000000	10.69144000	-4.31840500
186.09998913	0.00000000	10.32234000	-4.69365100
186.29998912	0.00000000	10.69144000	-4.73671200
186.49998910	0.00000000	11.02362000	-4.73671200
186.69998909	0.00000000	11.06668000	-4.69365100
186.89998908	0.00000000	11.02362000	-4.31840500
187.09998907	0.00000000	10.69144000	-3.57406500
187.29998906	0.00000000	10.27928000	-3.19881900
187.49998904	0.00000000	10.27313000	-3.15575800
187.69998903	0.00000000	9.86097400	-3.15575800
187.89998902	0.00000000	9.52879000	-3.15575800
188.09998901	0.00000000	9.52879000	-3.19881900
188.29998900	0.00000000	9.90403500	-3.57406500
188.49998899	0.00000000	10.64838000	-4.31840500
188.69998897	0.00000000	11.02362000	-4.69365100
188.89998896	0.00000000	11.06668000	-4.73671200
189.09998895	0.00000000	11.06668000	-4.73671200
189.29998894	0.00000000	11.06668000	-4.73671200
189.49998893	0.00000000	11.06668000	-4.73671200
189.69998891	0.00000000	11.06668000	-4.73671200
189.89998890	0.00000000	11.02362000	-4.73671200
190.09998889	0.00000000	10.64838000	-4.73671200
190.29998888	0.00000000	9.90403500	-4.69365100
190.49998887	0.00000000	9.52879000	-4.31840500
190.69998885	0.00000000	9.48572700	-3.57406500
190.89998884	0.00000000	9.52879000	-3.19881900
191.09998883	0.00000000	9.90403500	-3.15575800
191.29998882	0.00000000	10.64838000	-3.19881900
191.49998881	0.00000000	11.02362000	-3.57406500
191.69998880	0.00000000	11.06668000	-4.31840500
191.89998878	0.00000000	11.06668000	-4.69365100
192.09998877	0.00000000	11.06668000	-4.73671200
192.29998876	0.00000000	11.06668000	-4.73671200
192.49998875	0.00000000	11.06668000	-4.73671200
192.69998874	0.00000000	11.02362000	-4.73671200
192.89998872	0.00000000	10.69144000	-4.69365100
193.09998871	0.00000000	10.27928000	-4.36146600
193.29998870	0.00000000	10.27313000	-3.99237200
193.49998869	0.00000000	9.90403500	-4.31840500
193.69998868	0.00000000	9.90403500	-4.26919300
193.89998866	0.00000000	10.27313000	-3.57406500
194.09998865	0.00000000	10.27928000	-3.19881900
194.29998864	0.00000000	10.69144000	-3.15575800
194.49998863	0.00000000	11.02362000	-3.15575800
194.69998862	0.00000000	11.06668000	-3.15575800
194.89998861	0.00000000	11.06668000	-3.19881900
195.09998859	0.00000000	11.06668000	-3.57406500
195.29998858	0.00000000	11.06668000	-4.31840500
195.49998857	0.00000000	11.02362000	-4.69365100
195.69998856	0.00000000	10.64838000	-4.73671200
195.89998855	0.00000000	9.90403500	-4.73671200
196.09998853	0.00000000	9.52879000	-4.73671200
