Time	Channel A	Channel B	Channel C
(us)	(V)	(mV)	(mV)

-4.49999956	0.00000000	-91.28937000	-39.43159000
-4.29999957	0.00000000	-90.92027000	-39.47465000
-4.09999958	0.00000000	-90.95718000	-39.43159000
-3.89999959	0.00000000	-90.92027000	-39.09941000
-3.69999960	0.00000000	-91.33242000	-38.73031000
-3.49999962	0.00000000	-91.66460000	-39.09941000
-3.29999963	0.00000000	-91.66460000	-39.43159000
-3.09999964	0.00000000	-91.33242000	-39.47465000
-2.89999965	0.00000000	-90.92027000	-39.47465000
-2.69999966	0.00000000	-90.95718000	-39.47465000
-2.49999968	0.00000000	-90.92027000	-39.47465000
-2.29999969	0.00000000	-91.28937000	-39.47465000
-2.09999970	0.00000000	-91.28937000	-39.47465000
-1.89999971	0.00000000	-90.92027000	-39.47465000
-1.69999972	0.00000000	-90.95718000	-39.47465000
-1.49999973	0.00000000	-90.92027000	-39.47465000
-1.29999975	0.00000000	-91.33242000	-39.47465000
-1.09999976	0.00000000	-91.66460000	-39.47465000
-0.89999977	0.00000000	-91.70767000	-39.47465000
-0.69999978	0.00000000	-91.70767000	-39.47465000
-0.49999979	0.00000000	-91.70767000	-39.47465000
-0.29999981	0.31803640	-91.70767000	-39.47465000
-0.09999982	0.63668800	-91.70767000	-39.47465000
0.10000017	0.95533960	-91.70767000	-39.47465000
0.30000016	0.95533960	-91.70767000	-39.47465000
0.50000015	0.63668800	-91.70767000	-39.47465000
0.70000013	0.00000000	-91.70767000	-39.47465000
0.90000012	-0.79601380	-91.70767000	-39.47465000
1.10000011	-1.75196900	-91.70767000	-39.47465000
1.30000010	-2.54859700	-91.70767000	-39.43159000
1.50000009	-2.86724900	-91.70767000	-39.09941000
1.70000008	-2.22994600	-91.70767000	-38.73031000
1.90000006	-0.79601380	-91.70767000	-39.09941000
2.10000005	1.11466500	-91.70767000	-39.43159000
2.30000004	3.18590100	-91.70767000	-39.47465000
2.50000003	4.77854300	-91.70767000	-39.47465000
2.70000002	5.25652100	-91.70767000	-39.47465000
2.90000000	4.45989200	-91.70767000	-39.47465000
3.09999999	2.07062000	-91.70767000	-39.47465000
3.29999998	-1.11466500	-91.70767000	-39.47465000
3.49999997	-4.45989200	-91.66460000	-39.43159000
3.69999996	-7.00848900	-91.33242000	-39.09941000
3.89999994	-8.12377000	-90.96333000	-38.68725000
4.09999993	-7.00848900	-91.28937000	-38.68110000
4.29999992	-3.98191400	-91.28937000	-38.26894000
4.49999991	0.15871060	-90.96333000	-37.93676000
4.69999990	4.45989200	-91.33242000	-37.93676000
4.89999989	7.96444400	-91.66460000	-38.31200000
5.09999987	9.39837600	-91.70767000	-39.05635000
5.29999986	8.60174700	-91.70767000	-39.43159000
5.49999985	5.57517200	-91.70767000	-39.47465000
5.69999984	1.11466500	-91.70767000	-39.47465000
5.89999983	-3.82258900	-91.70767000	-39.47465000
6.09999981	-7.64579200	-91.70767000	-39.43159000
6.29999980	-9.39837600	-91.66460000	-39.05635000
6.49999979	-8.92039900	-91.28937000	-38.31200000
6.69999978	-6.37180100	-90.59423000	-37.93676000
6.89999977	-2.22994600	-90.54502000	-37.89370000
7.09999975	2.22994600	-90.91412000	-37.89370000
7.29999974	5.73449800	-90.92027000	-37.93676000
7.49999973	7.48646600	-91.33242000	-38.26894000
7.69999972	7.48646600	-91.61539000	-38.68110000
7.89999971	5.41584600	-91.33242000	-38.68725000
8.09999970	2.38927200	-90.96333000	-39.09941000
8.29999968	-0.79601380	-91.33242000	-39.38238000
8.49999967	-3.50393700	-91.66460000	-39.09941000
8.69999966	-5.09719500	-91.70767000	-38.73031000
8.89999965	-5.09719500	-91.70767000	-39.09941000
9.09999964	-3.98191400	-91.70767000	-39.38238000
9.29999962	-2.07062000	-91.66460000	-39.09941000
9.49999961	-0.15871060	-91.33242000	-38.73031000
9.69999960	1.43331700	-90.96333000	-39.05635000
9.89999959	2.38927200	-91.33242000	-39.05635000
10.09999958	2.54859700	-91.66460000	-38.73031000
10.29999956	1.91129400	-91.70767000	-39.09941000
10.49999955	1.11466500	-91.70767000	-39.43159000
10.69999954	0.31803640	-91.70767000	-39.47465000
10.89999953	-0.47736220	-91.70767000	-39.47465000
11.09999952	-0.79601380	-91.66460000	-39.47465000
11.29999951	-1.11466500	-91.33242000	-39.47465000
11.49999949	-0.95533960	-90.96333000	-39.47465000
11.69999948	-0.63668800	-91.33242000	-39.47465000
11.89999947	-0.31803640	-91.66460000	-39.47465000
12.09999946	-0.15871060	-91.70767000	-39.47465000
12.29999945	-0.15871060	-91.70767000	-39.47465000
12.49999943	-0.15871060	-91.70767000	-39.47465000
12.69999942	0.00000000	-91.70767000	-39.47465000
12.89999941	0.00000000	-91.70767000	-39.47465000
13.09999940	0.00000000	-91.70767000	-39.47465000
13.29999939	0.00000000	-91.70767000	-39.47465000
13.49999937	0.00000000	-91.70767000	-39.47465000
13.69999936	0.00000000	-91.70767000	-39.47465000
13.89999935	-0.15871060	-91.70767000	-39.47465000
14.09999934	-0.15871060	-91.70767000	-39.47465000
14.29999933	-0.15871060	-91.70767000	-39.47465000
14.49999932	-0.15871060	-91.70767000	-39.47465000
14.69999930	0.00000000	-91.70767000	-39.47465000
14.89999929	0.00000000	-91.70767000	-39.47465000
15.09999928	0.00000000	-91.70767000	-39.47465000
15.29999927	0.00000000	-91.70767000	-39.47465000
15.49999926	0.00000000	-91.70767000	-39.47465000
15.69999924	0.00000000	-91.70767000	-39.47465000
15.89999923	0.00000000	-91.70767000	-39.47465000
16.09999922	-0.15871060	-91.70767000	-39.47465000
16.29999921	-0.15871060	-91.70767000	-39.47465000
16.49999920	-0.15871060	-91.66460000	-39.47465000
16.69999919	-0.15871060	-91.28937000	-39.47465000
16.89999917	-0.15871060	-90.54502000	-39.47465000
17.09999916	-0.15871060	-90.16978000	-39.47465000
17.29999915	0.00000000	-90.12672000	-39.47465000
17.49999914	0.00000000	-90.12672000	-39.47465000
17.69999913	0.00000000	-90.16978000	-39.47465000
17.89999911	0.00000000	-90.59423000	-39.47465000
18.09999910	0.00000000	-91.75073000	-39.47465000
18.29999909	0.00000000	-93.28863000	-39.47465000
18.49999908	0.00000000	-94.86958000	-39.47465000
18.69999907	-0.15871060	-96.35826000	-39.47465000
18.89999905	0.00000000	-97.10260000	-39.47465000
19.09999904	-0.15871060	-96.31520000	-39.47465000
19.29999903	0.00000000	-94.35899000	-39.47465000
19.49999902	0.00000000	-91.19709000	-39.47465000
19.69999901	0.00000000	-86.96481000	-39.47465000
19.89999900	0.00000000	-82.77559000	-39.47465000
20.09999898	0.00000000	-80.08120000	-39.43159000
20.29999897	0.00000000	-79.74902000	-39.09941000
20.49999896	0.00000000	-82.08046000	-38.73031000
20.69999895	-0.15871060	-87.19242000	-39.09941000
20.89999894	0.00000000	-94.13139000	-39.43159000
21.09999892	-0.15871060	-101.89470000	-39.47465000
21.29999891	0.00000000	-108.41530000	-39.47465000
21.49999890	0.00000000	-112.22930000	-39.47465000
21.69999889	0.00000000	-111.71870000	-39.47465000
21.89999888	0.00000000	-105.85630000	-39.47465000
22.09999886	0.00000000	-95.43552000	-39.47465000
22.29999885	0.00000000	-82.64025000	-39.47465000
22.49999884	0.00000000	-70.34940000	-39.47465000
22.69999883	0.00000000	-61.47268000	-39.43159000
22.89999882	0.00000000	-58.85212000	-39.05635000
23.09999881	0.00000000	-63.18897000	-38.31200000
23.29999879	-0.15871060	-74.90772000	-37.89370000
23.49999878	0.00000000	-92.21825000	-37.47539000
23.69999877	-0.15871060	-110.73450000	-36.78026000
23.89999876	0.00000000	-125.76890000	-36.82332000
24.09999875	0.00000000	-133.82140000	-37.89370000
24.29999873	0.00000000	-132.19120000	-39.05635000
24.49999872	0.00000000	-120.60780000	-39.89296000
24.69999871	0.00000000	-101.62400000	-41.09867000
24.89999870	0.00000000	-79.23843000	-42.58735000
25.09999869	0.00000000	-58.39690000	-43.74385000
25.29999867	0.00000000	-44.57431000	-44.11909000
25.49999866	0.00000000	-41.08636000	-43.70079000
25.69999865	0.00000000	-49.27411000	-42.07677000
25.89999864	-0.15871060	-67.42126000	-38.96407000
26.09999863	0.00000000	-91.75073000	-34.73794000
26.29999862	0.00000000	-116.41850000	-30.55487000
26.49999860	0.00000000	-135.35310000	-27.86048000
26.69999859	0.00000000	-144.28520000	-27.52830000
26.89999858	0.00000000	-141.54160000	-29.85974000
27.09999857	0.00000000	-127.62670000	-34.91634000
27.29999856	0.00000000	-105.25340000	-41.51698000
27.49999854	-0.15871060	-80.21653000	-48.90501000
27.69999853	-0.15871060	-58.53223000	-55.78247000
27.89999852	0.00000000	-44.94955000	-59.92249000
28.09999851	0.00000000	-41.83070000	-59.50418000
28.29999850	0.00000000	-49.55708000	-54.06619000
28.49999848	0.00000000	-66.49237000	-44.82037000
28.69999847	0.00000000	-88.12745000	-33.57529000
28.89999846	0.00000000	-109.39340000	-22.74852000
29.09999845	0.00000000	-126.04580000	-14.29011000
29.29999844	0.00000000	-134.19660000	-10.52534000
29.49999843	-0.15871060	-132.79400000	-13.26279000
29.69999841	0.00000000	-123.11760000	-22.18873000
29.89999840	0.00000000	-107.66490000	-35.70989000
30.09999839	0.00000000	-89.52386000	-51.13189000
30.29999838	0.00000000	-73.28371000	-64.60999000
30.49999837	0.00000000	-62.34621000	-73.16068000
30.69999835	0.00000000	-58.02165000	-75.06767000
30.89999834	0.00000000	-60.72219000	-69.95570000
31.09999833	0.00000000	-69.56815000	-57.92323000
31.29999832	0.00000000	-82.31422000	-41.00639000
31.49999831	0.00000000	-95.89690000	-23.62820000
31.69999829	0.00000000	-107.86170000	-9.68872900
31.89999828	0.00000000	-115.66810000	-1.61171300
32.09999827	0.00000000	-117.63040000	-1.61171300
32.29999826	0.00000000	-114.59770000	-9.68872900
32.49999825	-0.15871060	-106.83440000	-23.58514000
32.69999824	0.00000000	-96.45053000	-40.63730000
32.89999822	0.00000000	-85.98056000	-57.27116000
33.09999821	0.00000000	-77.47293000	-70.37401000
33.29999820	0.00000000	-72.81618000	-76.91928000
33.49999819	0.00000000	-72.77312000	-75.06767000
33.69999818	0.00000000	-76.96235000	-66.19094000
33.89999816	0.00000000	-83.93823000	-52.24532000
34.09999815	0.00000000	-92.03986000	-35.61762000
34.29999814	0.00000000	-99.76008000	-20.23253000
34.49999813	0.00000000	-104.74290000	-9.36884800
34.69999812	-0.15871060	-105.99160000	-5.50565900
34.89999810	0.00000000	-103.67250000	-8.90132800
35.09999809	0.00000000	-98.68356000	-18.56545000
35.29999808	0.00000000	-92.17519000	-32.08661000
35.49999807	0.00000000	-86.40501000	-46.72736000
35.69999806	0.00000000	-82.86786000	-59.03666000
35.89999805	0.00000000	-81.70521000	-65.63730000
36.09999803	0.00000000	-83.28617000	-65.72342000
36.29999802	0.00000000	-87.47539000	-59.92249000
36.49999801	0.00000000	-92.82111000	-49.50787000
36.69999800	0.00000000	-97.43479000	-36.86639000
36.89999799	0.00000000	-100.13530000	-25.71973000
37.09999797	0.00000000	-100.17840000	-19.16216000
37.29999796	-0.15871060	-97.85310000	-18.33169000
37.49999795	-0.15871060	-94.03297000	-23.34522000
37.69999794	0.00000000	-89.38238000	-32.46186000
37.89999793	0.00000000	-85.51919000	-42.81496000
38.09999791	0.00000000	-82.81864000	-50.91043000
38.29999790	0.00000000	-82.08046000	-55.13656000
38.49999789	0.00000000	-83.98129000	-54.34301000
38.69999788	0.00000000	-87.43233000	-48.21604000
38.89999787	0.00000000	-91.70767000	-39.09941000
39.09999786	-0.15871060	-95.98302000	-29.90280000
39.29999784	0.00000000	-99.43405000	-23.76353000
39.49999783	0.00000000	-101.38410000	-22.23179000
39.69999782	0.00000000	-101.01500000	-25.67667000
39.89999781	0.00000000	-99.10187000	-33.33538000
40.09999780	0.00000000	-95.93995000	-42.53814000
40.29999778	0.00000000	-91.70767000	-51.03962000
40.49999777	0.00000000	-87.43233000	-56.76057000
40.69999776	0.00000000	-83.93823000	-57.87401000
40.89999775	0.00000000	-81.66215000	-53.64788000
41.09999774	0.00000000	-81.66215000	-45.23868000
41.29999772	0.00000000	-83.93823000	-35.24852000
41.49999771	0.00000000	-87.38312000	-26.41486000
41.69999770	0.00000000	-91.28937000	-21.02608000
41.89999769	0.00000000	-94.82652000	-20.65084000
42.09999768	0.00000000	-97.94537000	-25.20915000
42.29999767	0.00000000	-100.22150000	-33.24926000
42.49999765	0.00000000	-100.59670000	-42.07677000
42.69999764	0.00000000	-99.10187000	-49.42175000
42.89999763	0.00000000	-96.40748000	-53.69094000
43.09999762	0.00000000	-93.33169000	-54.10925000
43.29999761	0.00000000	-90.59423000	-51.08883000
43.49999759	0.00000000	-88.63803000	-45.70005000
43.69999758	0.00000000	-87.47539000	-39.56693000
43.89999757	0.00000000	-87.47539000	-34.12894000
44.09999756	0.00000000	-88.54576000	-30.64099000
44.29999755	0.00000000	-89.65919000	-29.48450000
44.49999753	0.00000000	-90.08366000	-30.97318000
44.69999752	0.00000000	-90.12672000	-34.40575000
44.89999751	0.00000000	-90.12672000	-38.26894000
45.09999750	0.00000000	-90.16978000	-42.16904000
45.29999749	0.00000000	-90.63730000	-45.18947000
45.49999748	0.00000000	-92.21825000	-46.39517000
45.69999746	0.00000000	-94.91264000	-45.70005000
45.89999745	0.00000000	-97.98843000	-44.16830000
46.09999744	0.00000000	-100.68900000	-42.16904000
46.29999743	-0.15871060	-102.17770000	-39.47465000
46.49999742	0.00000000	-101.71630000	-36.82332000
46.69999740	0.00000000	-98.59743000	-35.29158000
46.89999739	0.00000000	-93.19635000	-35.24852000
47.09999738	0.00000000	-87.00787000	-36.36196000
47.29999737	0.00000000	-81.19463000	-37.93676000
47.49999736	0.00000000	-77.05462000	-39.89296000
47.69999734	0.00000000	-76.31028000	-42.21210000
47.89999733	0.00000000	-79.79207000	-44.11909000
48.09999732	0.00000000	-86.35580000	-45.23868000
48.29999731	0.00000000	-94.86958000	-44.86343000
48.49999730	0.00000000	-103.34030000	-42.96260000
48.69999729	0.00000000	-109.48570000	-40.63730000
48.89999727	0.00000000	-111.76180000	-37.85064000
49.09999726	0.00000000	-109.06740000	-34.82406000
49.29999725	0.00000000	-102.13460000	-32.54798000
49.49999724	0.00000000	-92.87032000	-32.17273000
49.69999723	0.00000000	-83.19389000	-33.66756000
49.89999721	0.00000000	-75.55979000	-36.40502000
50.09999720	0.00000000	-72.07800000	-39.89296000
50.29999719	0.00000000	-73.97884000	-43.70079000
50.49999718	-0.15871060	-80.12425000	-46.39517000
50.69999717	-0.15871060	-89.01328000	-47.18872000
50.89999715	0.00000000	-98.59743000	-46.43824000
51.09999714	0.00000000	-105.90550000	-44.07603000
51.29999713	0.00000000	-109.02440000	-40.58809000
51.49999712	0.00000000	-107.52950000	-36.36196000
51.69999711	0.00000000	-102.13460000	-32.54798000
51.89999710	0.00000000	-94.40822000	-30.59793000
52.09999708	0.00000000	-85.98056000	-30.55487000
52.29999707	0.00000000	-79.47218000	-32.12967000
52.49999706	0.00000000	-77.14075000	-35.19931000
52.69999705	0.00000000	-79.01083000	-39.05635000
52.89999704	0.00000000	-84.39960000	-42.54429000
53.09999702	-0.15871060	-91.66460000	-45.23868000
53.29999701	0.00000000	-98.59743000	-46.35211000
53.49999700	0.00000000	-103.24800000	-45.23868000
53.69999699	0.00000000	-104.78590000	-42.58735000
53.89999698	0.00000000	-102.82970000	-39.51771000
54.09999696	0.00000000	-97.47784000	-36.82332000
54.29999695	0.00000000	-90.59423000	-35.29158000
54.49999694	0.00000000	-84.44881000	-35.24852000
54.69999693	0.00000000	-80.59178000	-36.36196000
54.89999692	0.00000000	-80.21653000	-37.89370000
55.09999691	0.00000000	-83.24310000	-39.43159000
55.29999689	0.00000000	-88.58882000	-40.58809000
55.49999688	0.00000000	-94.40206000	-40.96333000
55.69999687	0.00000000	-99.39098000	-40.58809000
55.89999686	0.00000000	-102.45450000	-39.43159000
56.09999685	0.00000000	-102.09150000	-37.93676000
56.29999683	0.00000000	-99.10187000	-36.82332000
56.49999682	0.00000000	-94.82652000	-36.86639000
56.69999681	0.00000000	-90.16978000	-38.40428000
56.89999680	0.00000000	-85.93749000	-41.09867000
57.09999679	0.00000000	-83.28617000	-44.11909000
57.29999677	0.00000000	-83.28617000	-46.39517000
57.49999676	0.00000000	-85.89443000	-46.77042000
57.69999675	0.00000000	-89.70841000	-45.23868000
57.89999674	0.00000000	-93.24557000	-42.07677000
58.09999673	0.00000000	-96.35826000	-37.47539000
58.29999672	0.00000000	-98.64050000	-32.54798000
58.49999670	0.00000000	-99.01575000	-29.48450000
58.69999669	0.00000000	-97.52091000	-29.06619000
58.89999668	0.00000000	-94.82652000	-31.01624000
59.09999667	0.00000000	-91.79995000	-35.29158000
59.29999666	0.00000000	-89.47465000	-41.05561000
59.49999664	0.00000000	-88.63803000	-46.85654000
59.69999663	0.00000000	-88.63803000	-51.41486000
59.89999662	0.00000000	-89.43159000	-53.31570000
60.09999661	0.00000000	-91.28937000	-51.37180000
60.29999660	0.00000000	-92.82111000	-46.39517000
60.49999658	0.00000000	-93.62081000	-39.47465000
60.69999657	0.00000000	-94.03297000	-32.54798000
60.89999656	0.00000000	-93.62081000	-27.52830000
61.09999655	0.00000000	-92.91338000	-25.20915000
61.29999654	0.00000000	-92.12598000	-26.41486000
61.49999653	0.00000000	-91.75073000	-31.01624000
61.69999651	0.00000000	-91.75073000	-37.98597000
61.89999650	0.00000000	-92.12598000	-45.65698000
62.09999649	0.00000000	-92.91338000	-52.20226000
62.29999648	0.00000000	-93.66387000	-55.64714000
62.49999647	0.00000000	-94.45127000	-55.32111000
62.69999645	0.00000000	-94.77731000	-51.46407000
62.89999644	0.00000000	-94.40206000	-45.28174000
63.09999643	0.00000000	-93.28863000	-37.94291000
63.29999642	0.00000000	-92.12598000	-31.01624000
63.49999641	0.00000000	-91.33242000	-26.37180000
63.69999639	0.00000000	-90.54502000	-24.84006000
63.89999638	0.00000000	-90.16978000	-26.74705000
64.09999637	0.00000000	-90.21899000	-31.75443000
64.29999636	0.00000000	-90.96333000	-38.26894000
64.49999635	0.00000000	-92.45201000	-44.86343000
64.69999634	0.00000000	-93.24557000	-49.88312000
64.89999632	0.00000000	-93.70693000	-52.62057000
65.09999631	0.00000000	-94.40206000	-52.62057000
65.29999630	0.00000000	-94.35899000	-49.97539000
65.49999629	0.00000000	-93.24557000	-45.70005000
65.69999628	0.00000000	-91.75073000	-40.68036000
65.89999626	0.00000000	-90.63730000	-35.66683000
66.09999625	0.00000000	-90.59423000	-32.12967000
66.29999624	0.00000000	-91.37549000	-30.13656000
66.49999623	0.00000000	-92.50123000	-29.39222000
66.69999622	-0.15871060	-94.03297000	-30.55487000
66.89999620	0.00000000	-94.77731000	-33.20005000
67.09999619	0.00000000	-94.77731000	-36.31274000
67.29999618	0.00000000	-93.98376000	-39.47465000
67.49999617	0.00000000	-92.03986000	-42.58735000
67.69999616	0.00000000	-89.79453000	-45.32480000
67.89999615	0.00000000	-87.85063000	-47.23179000
68.09999613	0.00000000	-87.10014000	-48.06225000
68.29999612	-0.15871060	-87.47539000	-47.60704000
68.49999611	0.00000000	-89.05634000	-46.06299000
68.69999610	0.00000000	-91.79995000	-42.91338000
68.89999609	0.00000000	-95.24483000	-39.05635000
69.09999607	0.00000000	-98.73277000	-34.78100000
69.29999606	0.00000000	-100.97190000	-30.97318000
69.49999605	0.00000000	-101.38410000	-29.01698000
69.69999604	0.00000000	-99.39098000	-29.01698000
69.89999603	-0.15871060	-95.56471000	-30.97318000
70.09999601	0.00000000	-90.50197000	-34.83022000
70.29999600	0.00000000	-85.51919000	-39.47465000
70.49999599	0.00000000	-81.70521000	-44.16830000
70.69999598	-0.15871060	-80.54256000	-48.35138000
70.89999597	0.00000000	-82.40034000	-50.67052000
71.09999596	0.00000000	-85.89443000	-50.25836000
71.29999594	0.00000000	-90.63730000	-47.60088000
71.49999593	0.00000000	-96.40748000	-42.96260000
71.69999592	0.00000000	-101.75930000	-37.98597000
71.89999591	0.00000000	-104.83510000	-33.71063000
72.09999590	0.00000000	-104.87820000	-31.01624000
72.29999588	0.00000000	-102.17770000	-30.59793000
72.49999587	0.00000000	-97.57012000	-32.08661000
72.69999586	0.00000000	-92.12598000	-34.78100000
72.89999585	0.00000000	-87.10014000	-37.89370000
73.09999584	0.00000000	-83.24310000	-40.96333000
73.29999582	0.00000000	-81.70521000	-43.28247000
73.49999581	0.00000000	-82.81864000	-44.07603000
73.69999580	0.00000000	-85.89443000	-43.74385000
73.89999579	0.00000000	-90.16978000	-42.58735000
74.09999578	0.00000000	-94.77731000	-41.05561000
74.29999577	-0.15871060	-98.64050000	-39.56693000
74.49999575	0.00000000	-100.59670000	-38.82259000
74.69999574	0.00000000	-100.64590000	-39.56693000
74.89999573	0.00000000	-99.10187000	-41.00639000
75.09999572	0.00000000	-96.40748000	-42.11983000
75.29999571	0.00000000	-93.33169000	-42.11983000
75.49999569	0.00000000	-90.59423000	-40.96333000
75.69999568	0.00000000	-88.68110000	-39.05635000
75.89999567	0.00000000	-87.89370000	-36.73105000
76.09999566	0.00000000	-88.63803000	-34.82406000
76.29999565	0.00000000	-90.12672000	-33.66756000
76.49999563	0.00000000	-91.66460000	-33.75369000
76.69999562	0.00000000	-92.82111000	-35.66683000
76.89999561	0.00000000	-93.24557000	-39.14247000
77.09999560	0.00000000	-93.28863000	-43.00566000
77.29999559	0.00000000	-93.28863000	-46.85654000
77.49999558	0.00000000	-93.28863000	-49.50787000
77.69999556	0.00000000	-93.33169000	-49.88312000
77.89999555	0.00000000	-93.70693000	-47.93307000
78.09999554	0.00000000	-94.45127000	-43.70079000
78.29999553	0.00000000	-94.82652000	-38.36122000
78.49999552	0.00000000	-94.86958000	-33.71063000
78.69999550	0.00000000	-94.77731000	-30.55487000
78.89999549	0.00000000	-93.98376000	-29.06619000
79.09999548	0.00000000	-92.08292000	-29.85974000
79.29999547	0.00000000	-90.16978000	-33.29232000
79.49999546	0.00000000	-88.58882000	-37.85064000
79.69999544	0.00000000	-87.51845000	-42.16904000
79.89999543	0.00000000	-87.89370000	-45.65698000
80.09999542	0.00000000	-89.79453000	-48.01919000
80.29999541	-0.15871060	-92.12598000	-48.76968000
80.49999540	0.00000000	-94.82652000	-47.97613000
80.69999539	0.00000000	-97.10260000	-45.28174000
80.89999537	0.00000000	-97.89616000	-41.47392000
81.09999536	0.00000000	-97.52091000	-37.98597000
81.29999535	0.00000000	-95.93995000	-35.19931000
81.49999534	0.00000000	-93.28863000	-33.24926000
81.69999533	0.00000000	-90.59423000	-32.08661000
81.89999531	0.00000000	-88.63803000	-32.08661000
82.09999530	0.00000000	-87.47539000	-33.24926000
82.29999529	0.00000000	-87.47539000	-35.19931000
82.49999528	0.00000000	-88.63803000	-37.89370000
82.69999527	0.00000000	-90.54502000	-40.63730000
82.89999525	0.00000000	-92.87032000	-43.00566000
83.09999524	0.00000000	-94.77731000	-45.32480000
83.29999523	0.00000000	-95.93995000	-46.81348000
83.49999522	0.00000000	-95.93995000	-46.81348000
83.69999521	0.00000000	-94.82652000	-45.23868000
83.89999520	0.00000000	-93.33169000	-42.16904000
84.09999518	0.00000000	-92.17519000	-38.31200000
84.29999517	0.00000000	-91.75073000	-34.82406000
84.49999516	0.00000000	-91.70767000	-32.08661000
84.69999515	0.00000000	-91.70767000	-30.55487000
84.89999514	0.00000000	-91.70767000	-30.59793000
85.09999512	0.00000000	-91.70767000	-32.50492000
85.29999511	-0.15871060	-91.70767000	-35.98671000
85.49999510	0.00000000	-91.66460000	-39.84990000
85.69999509	0.00000000	-91.33242000	-43.79306000
85.89999508	0.00000000	-90.96333000	-47.18872000
86.09999506	0.00000000	-91.37549000	-49.08956000
86.29999505	0.00000000	-92.08292000	-48.30832000
86.49999504	0.00000000	-92.91338000	-45.28174000
86.69999503	0.00000000	-93.66387000	-41.00639000
86.89999502	0.00000000	-94.45127000	-36.40502000
87.09999501	0.00000000	-94.77731000	-32.54798000
87.29999499	0.00000000	-94.40206000	-30.59793000
87.49999498	0.00000000	-93.28863000	-30.59793000
87.69999497	0.00000000	-92.12598000	-32.59719000
87.89999496	0.00000000	-91.33242000	-36.82332000
88.09999495	0.00000000	-90.54502000	-42.11983000
88.29999493	0.00000000	-90.16978000	-46.39517000
88.49999492	0.00000000	-90.16978000	-48.72047000
88.69999491	0.00000000	-90.59423000	-49.08956000
88.89999490	0.00000000	-91.75073000	-46.77042000
89.09999489	0.00000000	-93.24557000	-42.53814000
89.29999487	0.00000000	-94.40206000	-37.56152000
89.49999486	0.00000000	-94.82652000	-32.97244000
89.69999485	0.00000000	-94.82652000	-30.64099000
89.89999484	0.00000000	-94.40206000	-30.59793000
90.09999483	0.00000000	-93.28863000	-32.59719000
90.29999482	-0.15871060	-92.17519000	-36.82332000
90.49999480	0.00000000	-91.75073000	-42.16289000
90.69999479	0.00000000	-91.70767000	-46.77042000
90.89999478	0.00000000	-91.70767000	-49.46481000
91.09999477	0.00000000	-91.70767000	-49.46481000
91.29999476	0.00000000	-91.75073000	-46.77042000
91.49999474	0.00000000	-92.08292000	-42.16289000
91.69999473	0.00000000	-92.45201000	-36.82332000
91.89999472	0.00000000	-92.08292000	-32.59719000
92.09999471	0.00000000	-91.75073000	-30.64099000
92.29999470	0.00000000	-91.75073000	-30.97318000
92.49999468	0.00000000	-92.12598000	-33.33538000
92.69999467	0.00000000	-92.91338000	-37.19857000
92.89999466	0.00000000	-93.70693000	-42.16289000
93.09999465	0.00000000	-94.86958000	-46.35211000
93.29999464	0.00000000	-95.93995000	-48.30216000
93.49999463	0.00000000	-95.98302000	-47.93307000
93.69999461	0.00000000	-95.20176000	-45.23868000
93.89999460	0.00000000	-94.03297000	-41.05561000
94.09999459	0.00000000	-92.08292000	-36.82332000
94.29999458	0.00000000	-90.16978000	-33.75369000
94.49999457	0.00000000	-88.58882000	-32.59719000
94.69999455	0.00000000	-87.47539000	-33.71063000
94.89999454	0.00000000	-87.51845000	-36.40502000
95.09999453	-0.15871060	-89.09940000	-39.89296000
95.29999452	0.00000000	-92.12598000	-43.70079000
95.49999451	0.00000000	-95.61392000	-46.35211000
95.69999449	0.00000000	-98.32061000	-46.77042000
95.89999448	0.00000000	-100.27070000	-45.23868000
96.09999447	0.00000000	-100.59670000	-42.21210000
96.29999446	0.00000000	-99.05880000	-38.77953000
96.49999445	0.00000000	-95.98302000	-36.40502000
96.69999444	-0.15871060	-92.12598000	-34.82406000
96.89999442	0.00000000	-88.58882000	-34.12894000
97.09999441	0.00000000	-85.51919000	-35.24852000
97.29999440	0.00000000	-83.66141000	-37.47539000
97.49999439	-0.15871060	-84.39960000	-39.43159000
97.69999438	0.00000000	-87.05708000	-41.00639000
97.89999436	0.00000000	-90.59423000	-42.16904000
98.09999435	0.00000000	-94.82652000	-42.53814000
98.29999434	0.00000000	-98.68356000	-42.16904000
98.49999433	0.00000000	-101.02120000	-41.00639000
98.69999432	0.00000000	-101.80860000	-39.51771000
98.89999430	0.00000000	-100.59670000	-38.36122000
99.09999429	0.00000000	-97.57012000	-37.93676000
99.29999428	0.00000000	-93.70693000	-37.89370000
99.49999427	0.00000000	-90.16978000	-37.89370000
99.69999426	0.00000000	-87.05708000	-37.85064000
99.89999425	0.00000000	-84.77485000	-37.47539000
100.09999423	0.00000000	-84.39960000	-36.73105000
100.29999422	-0.15871060	-85.89443000	-36.35580000
100.49999421	0.00000000	-88.63803000	-36.40502000
100.69999420	0.00000000	-92.08292000	-37.14936000
100.89999419	0.00000000	-95.56471000	-38.72416000
101.09999417	0.00000000	-97.89616000	-40.26821000
101.29999416	0.00000000	-99.10187000	-42.21210000
101.49999415	0.00000000	-99.10187000	-43.65773000
101.69999414	0.00000000	-97.93922000	-43.70079000
101.89999413	0.00000000	-96.03223000	-42.54429000
102.09999411	0.00000000	-93.66387000	-40.58809000
102.29999410	0.00000000	-91.33242000	-37.89370000
102.49999409	0.00000000	-89.01328000	-35.24852000
102.69999408	0.00000000	-87.51845000	-33.66756000
102.89999407	0.00000000	-87.47539000	-33.29232000
103.09999406	0.00000000	-88.58882000	-34.08588000
103.29999404	0.00000000	-90.16978000	-36.40502000
103.49999403	0.00000000	-92.08292000	-39.47465000
103.69999402	0.00000000	-94.03297000	-42.58735000
103.89999401	0.00000000	-95.20176000	-45.23868000
104.09999400	0.00000000	-96.03223000	-46.39517000
104.29999398	0.00000000	-96.35826000	-45.65698000
104.49999397	0.00000000	-95.98302000	-43.75000000
104.69999396	-0.15871060	-94.82652000	-41.00639000
104.89999395	-0.15871060	-93.28863000	-37.94291000
105.09999394	0.00000000	-91.75073000	-35.29158000
105.29999392	0.00000000	-90.59423000	-34.12894000
105.49999391	0.00000000	-90.21899000	-34.87328000
105.69999390	0.00000000	-90.59423000	-36.73105000
105.89999389	0.00000000	-91.75073000	-39.09941000
106.09999388	0.00000000	-93.24557000	-41.38164000
106.29999387	0.00000000	-94.40206000	-43.33169000
106.49999385	0.00000000	-94.82652000	-44.07603000
106.69999384	0.00000000	-94.82652000	-43.74385000
106.89999383	0.00000000	-94.40206000	-42.54429000
107.09999382	0.00000000	-93.28863000	-40.63730000
107.29999381	0.00000000	-92.17519000	-38.36122000
107.49999379	0.00000000	-91.75073000	-36.82332000
107.69999378	0.00000000	-91.70767000	-36.40502000
107.89999377	0.00000000	-91.75073000	-36.78026000
108.09999376	0.00000000	-92.17519000	-37.98597000
108.29999375	0.00000000	-93.28863000	-39.84990000
108.49999374	0.00000000	-94.40206000	-41.75073000
108.69999372	-0.15871060	-94.82652000	-42.53814000
108.89999371	0.00000000	-94.82652000	-42.58735000
109.09999370	0.00000000	-94.45127000	-42.11983000
109.29999369	0.00000000	-93.66387000	-40.58809000
109.49999368	0.00000000	-92.87032000	-38.36122000
109.69999366	0.00000000	-91.70767000	-36.82332000
109.89999365	0.00000000	-90.63730000	-36.35580000
110.09999364	0.00000000	-90.59423000	-36.35580000
110.29999363	0.00000000	-91.33242000	-36.78026000
110.49999362	0.00000000	-92.08292000	-37.93676000
110.69999360	-0.15871060	-92.91338000	-39.47465000
110.89999359	0.00000000	-93.66387000	-41.00639000
111.09999358	-0.15871060	-94.45127000	-42.16904000
111.29999357	0.00000000	-94.77731000	-42.53814000
111.49999356	0.00000000	-94.45127000	-42.21210000
111.69999355	-0.15871060	-93.70693000	-41.43085000
111.89999353	0.00000000	-93.33169000	-40.63730000
112.09999352	0.00000000	-93.24557000	-39.47465000
112.29999351	0.00000000	-92.87032000	-38.31200000
112.49999350	0.00000000	-92.12598000	-37.56152000
112.69999349	0.00000000	-91.75073000	-37.14936000
112.89999347	0.00000000	-91.70767000	-37.51845000
113.09999346	0.00000000	-91.70767000	-37.89370000
113.29999345	0.00000000	-91.75073000	-38.31200000
113.49999344	0.00000000	-92.12598000	-39.05635000
113.69999343	0.00000000	-92.87032000	-39.43159000
113.89999341	-0.15871060	-93.24557000	-39.51771000
114.09999340	0.00000000	-93.28863000	-39.89296000
114.29999339	0.00000000	-93.28863000	-40.63730000
114.49999338	0.00000000	-93.28863000	-41.01255000
114.69999337	0.00000000	-93.28863000	-41.05561000
114.89999336	0.00000000	-93.28863000	-41.05561000
115.09999334	0.00000000	-93.28863000	-41.01255000
115.29999333	0.00000000	-93.24557000	-40.58809000
115.49999332	0.00000000	-92.87032000	-39.47465000
115.69999331	0.00000000	-92.17519000	-38.36122000
115.89999330	0.00000000	-92.17519000	-37.89370000
116.09999328	0.00000000	-92.87032000	-37.47539000
116.29999327	-0.15871060	-93.24557000	-36.78026000
116.49999326	0.00000000	-93.28863000	-36.78026000
116.69999325	0.00000000	-93.28863000	-37.51845000
116.89999324	0.00000000	-93.28863000	-38.31200000
117.09999322	0.00000000	-93.24557000	-39.47465000
117.29999321	0.00000000	-92.87032000	-40.63730000
117.49999320	0.00000000	-92.12598000	-41.43085000
117.69999319	0.00000000	-91.70767000	-42.16904000
117.89999318	0.00000000	-91.33242000	-42.16904000
118.09999317	0.00000000	-90.96333000	-41.43085000
118.29999315	0.00000000	-91.37549000	-40.63730000
118.49999314	0.00000000	-92.12598000	-39.47465000
118.69999313	-0.15871060	-93.28863000	-38.36122000
118.89999312	0.00000000	-94.45127000	-37.93676000
119.09999311	0.00000000	-95.20176000	-37.89370000
119.29999309	0.00000000	-95.61392000	-37.89370000
119.49999308	0.00000000	-95.20176000	-37.93676000
119.69999307	0.00000000	-94.45127000	-38.31200000
119.89999306	0.00000000	-93.24557000	-39.05635000
120.09999305	0.00000000	-91.75073000	-39.47465000
120.29999303	-0.15871060	-90.59423000	-39.89296000
120.49999302	0.00000000	-90.16978000	-40.63730000
120.69999301	0.00000000	-90.16978000	-40.96333000
120.89999300	0.00000000	-90.59423000	-40.68036000
121.09999299	0.00000000	-91.75073000	-40.26821000
121.29999298	0.00000000	-93.28863000	-40.30511000
121.49999296	-0.15871060	-94.82652000	-40.22515000
121.69999295	0.00000000	-95.98302000	-40.26205000
121.89999294	0.00000000	-96.35826000	-39.84990000
122.09999293	0.00000000	-96.03223000	-39.51771000
122.29999292	0.00000000	-95.24483000	-39.47465000
122.49999290	0.00000000	-94.45127000	-39.47465000
122.69999289	0.00000000	-93.28863000	-39.47465000
122.89999288	0.00000000	-92.12598000	-39.47465000
123.09999287	0.00000000	-91.33242000	-39.47465000
123.29999286	0.00000000	-90.59423000	-39.47465000
123.49999284	0.00000000	-90.59423000	-39.51771000
123.69999283	-0.15871060	-91.28937000	-39.89296000
123.89999282	0.00000000	-91.70767000	-40.63730000
124.09999281	0.00000000	-92.17519000	-41.01255000
124.29999280	0.00000000	-93.28863000	-41.05561000
124.49999279	0.00000000	-94.40206000	-41.05561000
124.69999277	0.00000000	-94.82652000	-41.01255000
124.89999276	0.00000000	-94.86958000	-40.63730000
125.09999275	0.00000000	-94.86958000	-39.89296000
125.29999274	0.00000000	-94.82652000	-39.47465000
125.49999273	0.00000000	-94.40206000	-39.05635000
125.69999271	0.00000000	-93.28863000	-38.31200000
125.89999270	0.00000000	-92.12598000	-37.98597000
126.09999269	0.00000000	-91.33242000	-38.31200000
126.29999268	0.00000000	-90.59423000	-39.05635000
126.49999267	0.00000000	-90.59423000	-39.47465000
126.69999265	-0.15871060	-91.33242000	-39.89296000
126.89999264	0.00000000	-92.12598000	-40.63730000
127.09999263	0.00000000	-93.28863000	-41.01255000
127.29999262	0.00000000	-94.45127000	-41.05561000
127.49999261	0.00000000	-95.20176000	-41.01255000
127.69999260	0.00000000	-95.61392000	-40.63730000
127.89999258	0.00000000	-95.20176000	-39.84990000
128.09999257	0.00000000	-94.49434000	-39.09941000
128.29999256	0.00000000	-93.62081000	-38.31200000
128.49999255	0.00000000	-92.49507000	-37.93676000
128.69999254	0.00000000	-91.01255000	-37.93676000
128.89999252	0.00000000	-90.63730000	-38.31200000
129.09999251	0.00000000	-91.33242000	-39.05635000
129.29999250	0.00000000	-92.08292000	-39.43159000
129.49999249	0.00000000	-92.91338000	-39.47465000
129.69999248	0.00000000	-93.66387000	-39.47465000
129.89999246	0.00000000	-94.45127000	-39.47465000
130.09999245	0.00000000	-94.82652000	-39.47465000
130.29999244	0.00000000	-94.82652000	-39.47465000
130.49999243	0.00000000	-94.45127000	-39.43159000
130.69999242	0.00000000	-93.66387000	-39.05635000
130.89999241	0.00000000	-92.91338000	-38.36122000
131.09999239	-0.15871060	-92.08292000	-38.31200000
131.29999238	0.00000000	-91.37549000	-38.68110000
131.49999237	0.00000000	-90.96333000	-38.73031000
131.69999236	0.00000000	-91.37549000	-39.51771000
131.89999235	0.00000000	-92.08292000	-40.58809000
132.09999233	0.00000000	-92.87032000	-41.01255000
132.29999232	0.00000000	-93.24557000	-41.01255000
132.49999231	0.00000000	-93.28863000	-40.63730000
132.69999230	0.00000000	-93.28863000	-39.84990000
132.89999229	0.00000000	-93.28863000	-39.09941000
133.09999227	0.00000000	-93.28863000	-38.31200000
133.29999226	0.00000000	-93.28863000	-37.93676000
133.49999225	0.00000000	-93.28863000	-37.89370000
133.69999224	0.00000000	-93.28863000	-37.93676000
133.89999223	0.00000000	-93.28863000	-38.31200000
134.09999222	0.00000000	-93.28863000	-39.09941000
134.29999220	0.00000000	-93.24557000	-39.84990000
134.49999219	0.00000000	-92.91338000	-40.63730000
134.69999218	0.00000000	-92.50123000	-41.01255000
134.89999217	0.00000000	-92.49507000	-41.05561000
135.09999216	0.00000000	-92.08292000	-41.01255000
135.29999214	0.00000000	-91.79995000	-40.63730000
135.49999213	0.00000000	-92.12598000	-39.89296000
135.69999212	0.00000000	-92.91338000	-39.47465000
135.89999211	0.00000000	-93.66387000	-39.05635000
136.09999210	0.00000000	-94.45127000	-38.31200000
136.29999208	0.00000000	-94.82652000	-37.93676000
136.49999207	0.00000000	-94.82652000	-37.93676000
136.69999206	0.00000000	-94.45127000	-38.31200000
136.89999205	0.00000000	-93.66387000	-39.09941000
137.09999204	0.00000000	-92.91338000	-39.84990000
137.29999203	0.00000000	-92.12598000	-40.63730000
137.49999201	0.00000000	-91.75073000	-41.01255000
137.69999200	0.00000000	-91.75073000	-41.05561000
137.89999199	0.00000000	-92.12598000	-41.05561000
138.09999198	0.00000000	-92.87032000	-41.05561000
138.29999197	0.00000000	-93.28863000	-41.01255000
138.49999195	0.00000000	-93.70693000	-40.63730000
138.69999194	0.00000000	-94.45127000	-39.84990000
138.89999193	0.00000000	-94.77731000	-39.09941000
139.09999192	-0.15871060	-94.45127000	-38.31200000
139.29999191	0.00000000	-93.70693000	-37.93676000
139.49999189	0.00000000	-93.33169000	-37.93676000
139.69999188	0.00000000	-93.28863000	-38.31200000
139.89999187	0.00000000	-93.24557000	-39.05635000
140.09999186	0.00000000	-92.87032000	-39.47465000
140.29999185	0.00000000	-92.17519000	-39.89296000
140.49999184	0.00000000	-92.17519000	-40.63730000
140.69999182	0.00000000	-92.87032000	-41.01255000
140.89999181	0.00000000	-93.24557000	-41.05561000
141.09999180	0.00000000	-93.28863000	-41.01255000
141.29999179	0.00000000	-93.28863000	-40.63730000
141.49999178	0.00000000	-93.28863000	-39.84990000
141.69999176	0.00000000	-93.28863000	-39.09941000
141.89999175	0.00000000	-93.28863000	-38.31200000
142.09999174	0.00000000	-93.28863000	-37.93676000
142.29999173	0.00000000	-93.28863000	-37.89370000
142.49999172	0.00000000	-93.28863000	-37.93676000
142.69999170	0.00000000	-93.28863000	-38.31200000
142.89999169	0.00000000	-93.28863000	-39.09941000
143.09999168	0.00000000	-93.28863000	-39.84990000
143.29999167	0.00000000	-93.28863000	-40.63730000
143.49999166	0.00000000	-93.28863000	-40.96333000
143.69999165	0.00000000	-93.28863000	-40.63730000
143.89999163	0.00000000	-93.28863000	-39.84990000
144.09999162	0.00000000	-93.28863000	-39.09941000
144.29999161	0.00000000	-93.24557000	-38.31200000
144.49999160	0.00000000	-92.87032000	-37.93676000
144.69999159	0.00000000	-92.17519000	-37.89370000
144.89999157	0.00000000	-92.17519000	-37.89370000
145.09999156	0.00000000	-92.87032000	-37.93676000
145.29999155	0.00000000	-93.24557000	-38.31200000
145.49999154	-0.15871060	-93.28863000	-39.05635000
145.69999153	0.00000000	-93.28863000	-39.43159000
145.89999151	-0.15871060	-93.28863000	-39.51771000
146.09999150	0.00000000	-93.28863000	-39.89296000
146.29999149	0.00000000	-93.28863000	-40.58809000
146.49999148	0.00000000	-93.24557000	-40.58809000
146.69999147	0.00000000	-92.87032000	-39.84990000
146.89999146	0.00000000	-92.12598000	-39.09941000
147.09999144	0.00000000	-91.79995000	-38.31200000
147.29999143	0.00000000	-92.12598000	-37.93676000
147.49999142	0.00000000	-92.87032000	-37.89370000
147.69999141	0.00000000	-93.24557000	-37.89370000
147.89999140	0.00000000	-93.28863000	-37.93676000
148.09999138	0.00000000	-93.28863000	-38.31200000
148.29999137	0.00000000	-93.28863000	-39.05635000
148.49999136	0.00000000	-93.28863000	-39.47465000
148.69999135	0.00000000	-93.28863000	-39.84990000
148.89999134	0.00000000	-93.28863000	-40.21899000
149.09999132	0.00000000	-93.28863000	-39.84990000
149.29999131	0.00000000	-93.24557000	-39.51771000
149.49999130	0.00000000	-92.91338000	-39.47465000
149.69999129	0.00000000	-92.54428000	-39.47465000
149.89999128	0.00000000	-92.91338000	-39.47465000
150.09999127	0.00000000	-93.24557000	-39.43159000
150.29999125	0.00000000	-93.28863000	-39.09941000
150.49999124	0.00000000	-93.28863000	-38.73031000
150.69999123	0.00000000	-93.33169000	-39.09941000
150.89999122	0.00000000	-93.66387000	-39.43159000
151.09999121	0.00000000	-94.07603000	-39.47465000
151.29999119	0.00000000	-93.99606000	-39.47465000
151.49999118	0.00000000	-93.74384000	-39.47465000
151.69999117	0.00000000	-93.29478000	-39.47465000
151.89999116	0.00000000	-93.65772000	-39.51771000
152.09999115	0.00000000	-93.24557000	-39.84990000
152.29999113	0.00000000	-92.54428000	-40.21899000
152.49999112	0.00000000	-92.49507000	-39.84990000
152.69999111	0.00000000	-92.12598000	-39.51771000
152.89999110	0.00000000	-92.17519000	-39.47465000
153.09999109	0.00000000	-92.87032000	-39.47465000
153.29999108	0.00000000	-93.28863000	-39.47465000
153.49999106	0.00000000	-93.70693000	-39.47465000
153.69999105	0.00000000	-94.45127000	-39.47465000
153.89999104	0.00000000	-94.82652000	-39.47465000
154.09999103	0.00000000	-94.86958000	-39.47465000
154.29999102	-0.15871060	-94.86958000	-39.47465000
154.49999100	0.00000000	-94.82652000	-39.47465000
154.69999099	0.00000000	-94.45127000	-39.47465000
154.89999098	0.00000000	-93.66387000	-39.47465000
155.09999097	0.00000000	-92.91338000	-39.47465000
155.29999096	0.00000000	-92.12598000	-39.47465000
155.49999094	0.00000000	-91.75073000	-39.47465000
155.69999093	0.00000000	-91.75073000	-39.47465000
155.89999092	0.00000000	-92.17519000	-39.47465000
156.09999091	0.00000000	-93.28863000	-39.47465000
156.29999090	0.00000000	-94.35899000	-39.43159000
156.49999089	0.00000000	-94.45127000	-39.09941000
156.69999087	0.00000000	-94.12524000	-38.73031000
156.89999086	0.00000000	-94.49434000	-39.09941000
157.09999085	0.00000000	-94.82652000	-39.43159000
157.29999084	0.00000000	-94.82652000	-39.47465000
157.49999083	0.00000000	-94.45127000	-39.47465000
157.69999081	0.00000000	-93.70693000	-39.51771000
157.89999080	0.00000000	-93.33169000	-39.89296000
158.09999079	0.00000000	-93.28863000	-40.58809000
158.29999078	0.00000000	-93.28863000	-40.58809000
158.49999077	0.00000000	-93.28863000	-39.89296000
158.69999075	0.00000000	-93.28863000	-39.51771000
158.89999074	0.00000000	-93.28863000	-39.43159000
159.09999073	0.00000000	-93.28863000	-39.05635000
159.29999072	0.00000000	-93.28863000	-38.31200000
159.49999071	0.00000000	-93.28863000	-37.93676000
159.69999070	0.00000000	-93.28863000	-37.89370000
159.89999068	0.00000000	-93.33169000	-37.89370000
160.09999067	0.00000000	-93.62081000	-37.89370000
160.29999066	0.00000000	-93.65772000	-37.98597000
160.49999065	0.00000000	-92.91953000	-38.68725000
160.69999064	0.00000000	-92.91338000	-39.79454000
160.89999062	0.00000000	-92.87032000	-39.75763000
161.09999061	0.00000000	-92.50123000	-39.14247000
161.29999060	0.00000000	-92.53813000	-38.73031000
161.49999059	0.00000000	-92.50123000	-39.05635000
161.69999058	0.00000000	-92.91338000	-39.00713000
161.89999056	0.00000000	-93.24557000	-38.31200000
162.09999055	0.00000000	-93.28863000	-37.93676000
162.29999054	0.00000000	-93.28863000	-37.89370000
162.49999053	0.00000000	-93.28863000	-37.89370000
162.69999052	0.00000000	-93.28863000	-37.89370000
162.89999051	0.00000000	-93.28863000	-37.89370000
163.09999049	0.00000000	-93.28863000	-37.93676000
163.29999048	0.00000000	-93.28863000	-38.31200000
163.49999047	0.00000000	-93.28863000	-39.05635000
163.69999046	0.00000000	-93.28863000	-39.43159000
163.89999045	0.00000000	-93.28863000	-39.47465000
164.09999043	0.00000000	-93.28863000	-39.47465000
164.29999042	0.00000000	-93.24557000	-39.47465000
164.49999041	0.00000000	-92.87032000	-39.47465000
164.69999040	0.00000000	-92.12598000	-39.47465000
164.89999039	0.00000000	-91.79995000	-39.47465000
165.09999037	0.00000000	-92.12598000	-39.47465000
165.29999036	0.00000000	-92.87032000	-39.47465000
165.49999035	0.00000000	-93.24557000	-39.47465000
165.69999034	0.00000000	-93.33169000	-39.47465000
165.89999033	0.00000000	-93.70693000	-39.47465000
166.09999032	0.00000000	-94.45127000	-39.47465000
166.29999030	0.00000000	-94.77731000	-39.47465000
166.49999029	0.00000000	-94.45127000	-39.47465000
166.69999028	0.00000000	-93.70693000	-39.47465000
166.89999027	0.00000000	-93.33169000	-39.51771000
167.09999026	-0.15871060	-93.28863000	-39.84990000
167.29999024	0.00000000	-93.24557000	-40.21899000
167.49999023	0.00000000	-92.91338000	-39.84990000
167.69999022	0.00000000	-92.54428000	-39.51771000
167.89999021	-0.15871060	-92.91338000	-39.47465000
168.09999020	0.00000000	-93.24557000	-39.51771000
168.29999018	0.00000000	-93.28863000	-39.84990000
168.49999017	0.00000000	-93.28863000	-40.21899000
168.69999016	-0.15871060	-93.28863000	-39.84990000
168.89999015	0.00000000	-93.28863000	-39.51771000
169.09999014	0.00000000	-93.28863000	-39.47465000
169.29999013	0.00000000	-93.28863000	-39.47465000
169.49999011	0.00000000	-93.28863000	-39.47465000
169.69999010	0.00000000	-93.28863000	-39.47465000
169.89999009	0.00000000	-93.28863000	-39.47465000
170.09999008	0.00000000	-93.28863000	-39.47465000
170.29999007	0.00000000	-93.28863000	-39.47465000
170.49999005	0.00000000	-93.28863000	-39.47465000
170.69999004	0.00000000	-93.28863000	-39.47465000
170.89999003	0.00000000	-93.28863000	-39.47465000
171.09999002	0.00000000	-93.28863000	-39.47465000
171.29999001	0.00000000	-93.28863000	-39.47465000
171.49998999	0.00000000	-93.28863000	-39.47465000
171.69998998	0.00000000	-93.28863000	-39.47465000
171.89998997	0.00000000	-93.28863000	-39.47465000
172.09998996	0.00000000	-93.28863000	-39.47465000
172.29998995	0.00000000	-93.28863000	-39.47465000
172.49998994	0.00000000	-93.28863000	-39.47465000
172.69998992	0.00000000	-93.28863000	-39.47465000
172.89998991	0.00000000	-93.28863000	-39.47465000
173.09998990	0.00000000	-93.28863000	-39.47465000
173.29998989	0.00000000	-93.28863000	-39.47465000
173.49998988	0.00000000	-93.28863000	-39.47465000
173.69998986	0.00000000	-93.28863000	-39.47465000
173.89998985	0.00000000	-93.28863000	-39.47465000
174.09998984	0.00000000	-93.28863000	-39.47465000
174.29998983	0.00000000	-93.28863000	-39.47465000
174.49998982	0.00000000	-93.28863000	-39.47465000
174.69998980	-0.15871060	-93.28863000	-39.47465000
174.89998979	0.00000000	-93.28863000	-39.47465000
175.09998978	0.00000000	-93.28863000	-39.47465000
175.29998977	0.00000000	-93.28863000	-39.47465000
175.49998976	0.00000000	-93.28863000	-39.47465000
175.69998975	0.00000000	-93.28863000	-39.43159000
175.89998973	0.00000000	-93.28863000	-39.09941000
176.09998972	0.00000000	-93.28863000	-38.73031000
176.29998971	-0.15871060	-93.28863000	-39.05635000
176.49998970	0.00000000	-93.28863000	-39.05635000
176.69998969	0.00000000	-93.28863000	-38.73031000
176.89998967	0.00000000	-93.28863000	-39.09941000
177.09998966	0.00000000	-93.28863000	-39.43159000
177.29998965	0.00000000	-93.28863000	-39.47465000
177.49998964	0.00000000	-93.28863000	-39.47465000
177.69998963	0.00000000	-93.28863000	-39.47465000
177.89998961	0.00000000	-93.28863000	-39.47465000
178.09998960	0.00000000	-93.28863000	-39.47465000
178.29998959	0.00000000	-93.28863000	-39.47465000
178.49998958	0.00000000	-93.28863000	-39.47465000
178.69998957	0.00000000	-93.28863000	-39.47465000
178.89998956	0.00000000	-93.28863000	-39.47465000
179.09998954	0.00000000	-93.28863000	-39.47465000
179.29998953	0.00000000	-93.28863000	-39.47465000
179.49998952	0.00000000	-93.28863000	-39.47465000
179.69998951	0.00000000	-93.28863000	-39.47465000
179.89998950	0.00000000	-93.28863000	-39.47465000
180.09998948	0.00000000	-93.28863000	-39.47465000
180.29998947	0.00000000	-93.28863000	-39.47465000
180.49998946	0.00000000	-93.28863000	-39.47465000
180.69998945	0.00000000	-93.28863000	-39.47465000
180.89998944	0.00000000	-93.28863000	-39.47465000
181.09998942	0.00000000	-93.28863000	-39.47465000
181.29998941	0.00000000	-93.28863000	-39.47465000
181.49998940	0.00000000	-93.28863000	-39.47465000
181.69998939	0.00000000	-93.28863000	-39.43159000
181.89998938	0.00000000	-93.28863000	-39.09941000
182.09998937	0.00000000	-93.28863000	-38.73031000
182.29998935	0.00000000	-93.28863000	-39.09941000
182.49998934	0.00000000	-93.28863000	-39.43159000
182.69998933	0.00000000	-93.28863000	-39.47465000
182.89998932	0.00000000	-93.28863000	-39.47465000
183.09998931	0.00000000	-93.28863000	-39.47465000
183.29998929	0.00000000	-93.28863000	-39.47465000
183.49998928	0.00000000	-93.28863000	-39.47465000
183.69998927	0.00000000	-93.33169000	-39.47465000
183.89998926	0.00000000	-93.66387000	-39.47465000
184.09998925	0.00000000	-94.03297000	-39.47465000
184.29998923	0.00000000	-93.66387000	-39.47465000
184.49998922	0.00000000	-93.33169000	-39.47465000
184.69998921	0.00000000	-93.28863000	-39.47465000
184.89998920	0.00000000	-93.28863000	-39.47465000
185.09998919	0.00000000	-93.28863000	-39.47465000
185.29998918	0.00000000	-93.28863000	-39.47465000
185.49998916	0.00000000	-93.28863000	-39.47465000
185.69998915	0.00000000	-93.28863000	-39.51771000
185.89998914	0.00000000	-93.28863000	-39.84990000
186.09998913	0.00000000	-93.28863000	-40.26205000
186.29998912	0.00000000	-93.28863000	-40.22515000
186.49998910	0.00000000	-93.28863000	-40.26205000
186.69998909	0.00000000	-93.33169000	-39.84990000
186.89998908	0.00000000	-93.66387000	-39.51771000
187.09998907	0.00000000	-94.03297000	-39.43159000
187.29998906	0.00000000	-93.66387000	-39.09941000
187.49998904	-0.15871060	-93.33169000	-38.68725000
187.69998903	0.00000000	-93.28863000	-38.72416000
187.89998902	0.00000000	-93.28863000	-38.68725000
188.09998901	0.00000000	-93.28863000	-39.09941000
188.29998900	0.00000000	-93.28863000	-39.43159000
188.49998899	0.00000000	-93.28863000	-39.47465000
188.69998897	0.00000000	-93.28863000	-39.47465000
188.89998896	0.00000000	-93.28863000	-39.47465000
189.09998895	0.00000000	-93.28863000	-39.47465000
189.29998894	0.00000000	-93.28863000	-39.47465000
189.49998893	0.00000000	-93.28863000	-39.47465000
189.69998891	0.00000000	-93.28863000	-39.47465000
189.89998890	0.00000000	-93.28863000	-39.47465000
190.09998889	0.00000000	-93.28863000	-39.47465000
190.29998888	0.00000000	-93.28863000	-39.47465000
190.49998887	0.00000000	-93.28863000	-39.47465000
190.69998885	0.00000000	-93.28863000	-39.43159000
190.89998884	0.00000000	-93.28863000	-39.05635000
191.09998883	0.00000000	-93.28863000	-38.36122000
191.29998882	0.00000000	-93.24557000	-38.40428000
191.49998881	0.00000000	-92.91338000	-39.43159000
191.69998880	0.00000000	-92.54428000	-40.16978000
191.89998878	0.00000000	-92.91338000	-39.84990000
192.09998877	0.00000000	-93.28863000	-39.51771000
192.29998876	0.00000000	-93.70693000	-39.47465000
192.49998875	0.00000000	-94.35899000	-39.43159000
192.69998874	0.00000000	-94.07603000	-39.09941000
192.89998872	0.00000000	-93.34399000	-38.73031000
193.09998871	0.00000000	-93.70078000	-39.09941000
193.29998870	0.00000000	-93.62081000	-39.43159000
193.49998869	0.00000000	-93.33169000	-39.43159000
193.69998868	0.00000000	-93.28863000	-39.05635000
193.89998866	0.00000000	-93.28863000	-38.36122000
194.09998865	0.00000000	-93.28863000	-38.36122000
194.29998864	0.00000000	-93.28863000	-39.05635000
194.49998863	0.00000000	-93.28863000	-39.43159000
194.69998862	0.00000000	-93.28863000	-39.47465000
194.89998861	0.00000000	-93.28863000	-39.47465000
195.09998859	0.00000000	-93.28863000	-39.47465000
195.29998858	0.00000000	-93.33169000	-39.47465000
195.49998857	0.00000000	-93.66387000	-39.47465000
195.69998856	0.00000000	-94.03297000	-39.47465000
195.89998855	0.00000000	-93.66387000	-39.47465000
196.09998853	0.00000000	-93.33169000	-39.47465000
