Time	Channel A	Channel B	Channel C
(us)	(V)	(mV)	(mV)

-4.49999956	0.00000000	15.80955000	11.46653000
-4.29999957	0.00000000	15.80955000	12.21087000
-4.09999958	0.00000000	15.80955000	12.53691000
-3.89999959	0.00000000	15.80955000	12.25394000
-3.69999960	0.00000000	15.85261000	11.88484000
-3.49999962	0.00000000	16.18479000	12.21087000
-3.29999963	0.00000000	16.59695000	12.21087000
-3.09999964	0.00000000	16.60310000	11.84178000
-2.89999965	0.00000000	16.97219000	11.87869000
-2.69999966	0.00000000	16.92298000	11.84178000
-2.49999968	0.00000000	16.27707000	12.25394000
-2.29999969	0.00000000	16.22785000	12.58612000
-2.09999970	0.00000000	16.55389000	12.62918000
-1.89999971	0.00000000	16.22785000	12.62918000
-1.69999972	0.00000000	16.22785000	12.62918000
-1.49999973	0.00000000	16.59695000	12.62918000
-1.29999975	0.00000000	16.60310000	12.62918000
-1.09999976	0.00000000	17.01525000	12.62918000
-0.89999977	0.00000000	17.29823000	12.62918000
-0.69999978	0.00000000	17.01525000	12.62918000
-0.49999979	0.00000000	16.64616000	12.62918000
-0.29999981	0.31803640	17.01525000	12.62918000
-0.09999982	0.63668800	17.34744000	12.58612000
0.10000017	0.95533960	17.34744000	12.25394000
0.30000016	0.95533960	17.01525000	11.84178000
0.50000015	0.79601380	16.64616000	11.83563000
0.70000013	0.31803640	16.97219000	11.42347000
0.90000012	-0.63668800	16.92298000	11.09129000
1.10000011	-1.59264300	16.27707000	11.09129000
1.30000010	-2.38927200	16.27707000	11.46653000
1.50000009	-2.86724900	16.97219000	12.21087000
1.70000008	-2.38927200	17.34744000	12.58612000
1.90000006	-1.27399100	17.39050000	12.62918000
2.10000005	0.63668800	17.39050000	12.62918000
2.30000004	2.86724900	17.34744000	12.58612000
2.50000003	4.61921700	16.97219000	12.21087000
2.70000002	5.25652100	16.22785000	11.46653000
2.90000000	4.77854300	15.85261000	11.09129000
3.09999999	2.70792300	15.80955000	11.04823000
3.29999998	-0.31803640	15.80955000	11.04823000
3.49999997	-3.82258900	15.85261000	11.09129000
3.69999996	-6.53112700	16.22785000	11.46653000
3.89999994	-7.96444400	16.97219000	12.21087000
4.09999993	-7.32714100	17.34744000	12.58612000
4.29999992	-4.77854300	17.39050000	12.62918000
4.49999991	-0.79601380	17.39050000	12.62918000
4.69999990	3.66326300	17.39050000	12.58612000
4.89999989	7.32714100	17.39050000	12.21087000
5.09999987	9.23905000	17.34744000	11.46653000
5.29999986	8.92039900	16.97219000	11.09129000
5.49999985	6.37180100	16.22785000	11.04823000
5.69999984	2.07062000	15.85261000	11.04823000
5.89999983	-2.70792300	15.85261000	11.04823000
6.09999981	-6.84916400	16.22785000	11.09129000
6.29999980	-9.23905000	16.97219000	11.46653000
6.49999979	-9.23905000	17.34744000	12.21087000
6.69999978	-7.00848900	17.39050000	12.58612000
6.89999977	-3.18590100	17.39050000	12.62918000
7.09999975	1.27399100	17.39050000	12.62918000
7.29999974	5.09719500	17.39050000	12.58612000
7.49999973	7.32714100	17.39050000	12.21087000
7.69999972	7.64579200	17.39050000	11.46653000
7.89999971	6.05315000	17.39050000	11.09129000
8.09999970	3.18590100	17.39050000	11.04823000
8.29999968	-0.15871060	17.39050000	11.04823000
8.49999967	-3.02657500	17.39050000	11.09129000
8.69999966	-4.77854300	17.39050000	11.46653000
8.89999965	-5.25652100	17.39050000	12.21087000
9.09999964	-4.30056600	17.39050000	12.58612000
9.29999962	-2.54859700	17.39050000	12.62918000
9.49999961	-0.47736220	17.39050000	12.62918000
9.69999960	1.11466500	17.39050000	12.62918000
9.89999959	2.22994600	17.39050000	12.62918000
10.09999958	2.54859700	17.39050000	12.62918000
10.29999956	2.07062000	17.39050000	12.62918000
10.49999955	1.27399100	17.39050000	12.62918000
10.69999954	0.47736220	17.39050000	12.62918000
10.89999953	-0.31803640	17.39050000	12.62918000
11.09999952	-0.79601380	17.39050000	12.62918000
11.29999951	-0.95533960	17.39050000	12.62918000
11.49999949	-0.95533960	17.39050000	12.62918000
11.69999948	-0.79601380	17.39050000	12.62918000
11.89999947	-0.47736220	17.39050000	12.62918000
12.09999946	-0.15871060	17.39050000	12.62918000
12.29999945	-0.15871060	17.39050000	12.62918000
12.49999943	-0.15871060	17.39050000	12.62918000
12.69999942	0.00000000	17.39050000	12.62918000
12.89999941	0.00000000	17.39050000	12.62918000
13.09999940	0.00000000	17.39050000	12.62918000
13.29999939	0.00000000	17.39050000	12.62918000
13.49999937	0.00000000	17.39050000	12.62918000
13.69999936	0.00000000	17.39050000	12.62918000
13.89999935	0.00000000	17.39050000	12.62918000
14.09999934	-0.15871060	17.39050000	12.62918000
14.29999933	-0.15871060	17.39050000	12.62918000
14.49999932	-0.15871060	17.39050000	12.62918000
14.69999930	-0.15871060	17.39050000	12.62918000
14.89999929	0.00000000	17.39050000	12.62918000
15.09999928	0.00000000	17.39050000	12.62918000
15.29999927	0.00000000	17.39050000	12.62918000
15.49999926	0.00000000	17.39050000	12.62918000
15.69999924	0.00000000	17.39050000	12.62918000
15.89999923	0.00000000	17.39050000	12.62918000
16.09999922	0.00000000	17.39050000	12.62918000
16.29999921	-0.15871060	17.39050000	12.62918000
16.49999920	-0.15871060	17.43356000	12.62918000
16.69999919	-0.15871060	17.80881000	12.62918000
16.89999917	0.00000000	18.55315000	12.62918000
17.09999916	0.00000000	18.92839000	12.62918000
17.29999915	0.00000000	18.97145000	12.62918000
17.49999914	0.00000000	18.97145000	12.62918000
17.69999913	0.00000000	18.92839000	12.62918000
17.89999911	0.00000000	18.55315000	12.62918000
18.09999910	0.00000000	17.72268000	12.58612000
18.29999909	0.00000000	16.55389000	12.21087000
18.49999908	0.00000000	14.64690000	11.46653000
18.69999907	0.00000000	13.11516000	11.09129000
18.89999905	0.00000000	12.31545000	11.04823000
19.09999904	-0.15871060	11.99557000	11.04823000
19.29999903	0.00000000	13.24434000	11.04823000
19.49999902	0.00000000	16.27707000	11.09129000
19.69999901	0.00000000	20.17716000	11.42347000
19.89999900	0.00000000	24.04650000	11.83563000
20.09999898	0.00000000	27.48524000	11.79872000
20.29999897	0.00000000	28.97392000	11.87869000
20.49999896	0.00000000	27.76821000	11.79872000
20.69999895	0.00000000	23.85581000	11.87869000
20.89999894	0.00000000	17.25517000	11.84178000
21.09999892	0.00000000	9.57800100	12.25394000
21.29999891	0.00000000	2.60211600	12.58612000
21.49999890	0.00000000	-2.00541300	12.62918000
21.69999889	0.00000000	-3.08193900	12.62918000
21.89999888	0.00000000	0.54749010	12.62918000
22.09999886	0.00000000	9.43651600	12.62918000
22.29999885	0.00000000	21.75812000	12.62918000
22.49999884	0.00000000	34.14124000	12.62918000
22.69999883	0.00000000	44.19291000	12.62918000
22.89999882	0.00000000	49.49557000	12.67224000
23.09999881	-0.15871060	47.82234000	13.04749000
23.29999879	0.00000000	38.51501000	13.79183000
23.49999878	0.00000000	23.02534000	14.16708000
23.69999877	0.00000000	4.92125900	14.21014000
23.89999876	0.00000000	-11.68184000	14.21014000
24.09999875	0.00000000	-22.43479000	14.16708000
24.29999873	0.00000000	-24.71087000	13.74262000
24.49999872	0.00000000	-17.26747000	12.58612000
24.69999871	0.00000000	-0.99040350	11.04823000
24.89999870	0.00000000	21.01993000	9.51648500
25.09999869	0.00000000	43.72539000	8.35998900
25.29999867	0.00000000	61.07898000	7.98474400
25.49999866	0.00000000	68.80536000	8.35998900
25.69999865	0.00000000	65.31742000	9.60875900
25.89999864	0.00000000	50.94119000	11.93405000
26.09999863	0.00000000	28.55561000	15.45891000
26.29999862	0.00000000	3.06348400	19.27288000
26.49999860	0.00000000	-19.27288000	22.71161000
26.69999859	0.00000000	-33.18159000	24.20029000
26.89999858	0.00000000	-35.13779000	23.04380000
27.09999857	0.00000000	-25.12918000	19.50664000
27.29999856	0.00000000	-5.77632800	13.65650000
27.49999854	0.00000000	18.92839000	6.31766700
27.69999853	0.00000000	43.21481000	-0.97810030
27.89999852	0.00000000	61.03592000	-6.32381900
28.09999851	0.00000000	68.80536000	-7.81250000
28.29999850	0.00000000	65.36047000	-4.69980300
28.49999848	0.00000000	51.45177000	2.68823800
28.69999847	0.00000000	30.64714000	13.13976000
28.89999846	0.00000000	7.85556000	24.75394000
29.09999845	0.00000000	-11.45423000	35.11934000
29.29999844	0.00000000	-23.17298000	41.62155000
29.49999843	0.00000000	-25.54749000	41.94759000
29.69999841	0.00000000	-18.98376000	35.72219000
29.89999840	0.00000000	-4.70595500	23.68971000
30.09999839	0.00000000	13.81028000	7.94168200
30.29999838	0.00000000	31.95743000	-7.48646600
30.49999837	0.00000000	45.95841000	-18.73154000
30.69999835	0.00000000	52.98351000	-24.11417000
30.89999834	0.00000000	52.65748000	-22.07185000
31.09999833	0.00000000	45.30634000	-12.03863000
31.29999832	0.00000000	32.60334000	3.75246000
31.49999831	0.00000000	17.94414000	21.54897000
31.69999829	0.00000000	4.73671200	37.76451000
31.89999828	0.00000000	-4.61368100	48.96038000
32.09999827	0.00000000	-8.89517700	52.44832000
32.29999826	0.00000000	-7.35728300	47.80388000
32.49999825	0.00000000	-0.42445860	35.81446000
32.69999824	0.00000000	9.99630800	18.85458000
32.89999822	0.00000000	21.57972000	1.06422200
33.09999821	0.00000000	31.58218000	-14.03789000
33.29999820	0.00000000	37.44463000	-23.69586000
33.49999819	0.00000000	38.28740000	-25.60285000
33.69999818	0.00000000	34.83636000	-19.46973000
33.89999816	0.00000000	27.90354000	-6.69291300
34.09999815	0.00000000	19.43897000	9.84867000
34.29999814	0.00000000	11.71260000	26.47638000
34.49999813	0.00000000	6.27460600	39.25935000
34.69999812	0.00000000	4.31840500	46.22293000
34.89999810	0.00000000	5.85014700	45.84769000
35.09999809	0.00000000	10.45768000	38.13976000
35.29999808	0.00000000	16.97219000	25.44906000
35.49999807	0.00000000	23.11762000	10.40231000
35.69999806	0.00000000	27.39296000	-3.11884800
35.89999805	0.00000000	28.93085000	-12.37082000
36.09999803	0.00000000	27.39296000	-15.47121000
36.29999802	0.00000000	23.20374000	-11.30044000
36.49999801	0.00000000	17.85802000	-2.09153500
36.69999800	0.00000000	13.20128000	9.89173200
36.89999799	0.00000000	10.13164000	22.15797000
37.09999797	-0.15871060	9.34424200	30.98548000
37.29999796	0.00000000	11.29429000	34.09818000
37.49999795	0.00000000	15.11442000	31.07775000
37.69999794	0.00000000	20.13410000	23.03765000
37.89999793	0.00000000	24.69857000	12.72146000
38.09999791	0.00000000	27.43602000	3.14960600
38.29999790	0.00000000	27.86048000	-2.65748000
38.49999789	0.00000000	26.32259000	-3.45103300
38.69999788	0.00000000	23.20374000	0.41215550
38.89999787	0.00000000	18.97145000	8.44611200
39.09999786	0.00000000	14.73917000	17.97490000
39.29999784	0.00000000	11.62032000	25.63976000
39.49999783	0.00000000	10.03937000	29.45374000
39.69999782	0.00000000	10.03937000	27.91584000
39.89999781	0.00000000	11.57726000	21.41363000
40.09999780	0.00000000	14.27165000	12.21087000
40.29999778	0.00000000	17.43356000	2.63902500
40.49999777	0.00000000	20.92766000	-4.23228400
40.69999776	0.00000000	24.40945000	-6.18848400
40.89999775	0.00000000	26.69783000	-3.11884800
41.09999774	0.00000000	27.52830000	4.21998000
41.29999772	0.00000000	26.74089000	14.16708000
41.49999771	0.00000000	24.78469000	23.73892000
41.69999770	0.00000000	21.66585000	29.91511000
41.89999769	-0.15871060	17.80881000	31.53912000
42.09999768	0.00000000	14.36393000	28.80167000
42.29999767	0.00000000	11.99557000	22.29331000
42.49999765	0.00000000	11.20202000	13.46580000
42.69999764	0.00000000	11.57726000	5.38262700
42.89999763	0.00000000	13.15822000	-0.42445860
43.09999762	0.00000000	15.80955000	-2.74360200
43.29999761	0.00000000	18.55315000	-0.84276570
43.49999759	0.00000000	20.88459000	4.08464600
43.69999758	0.00000000	22.78543000	10.62992000
43.89999757	0.00000000	23.24680000	16.81225000
44.09999756	0.00000000	22.92692000	21.50590000
44.29999755	0.00000000	22.92076000	24.15723000
44.49999753	0.00000000	22.50861000	23.82505000
44.69999752	0.00000000	22.17643000	20.81078000
44.89999751	0.00000000	22.09030000	16.94759000
45.09999750	0.00000000	21.66585000	12.67224000
45.29999749	0.00000000	20.50935000	8.86441900
45.49999748	0.00000000	18.92839000	6.90821800
45.69999746	0.00000000	16.92298000	6.82209600
45.89999745	0.00000000	14.22859000	7.98474400
46.09999744	0.00000000	11.57726000	9.93479300
46.29999743	0.00000000	10.03937000	12.62918000
46.49999742	0.00000000	10.08243000	15.32357000
46.69999740	0.00000000	12.08784000	17.23056000
46.89999739	0.00000000	16.36319000	18.06102000
47.09999738	0.00000000	22.17643000	17.64887000
47.29999737	0.00000000	28.32185000	16.52928000
47.49999736	0.00000000	33.30462000	14.53617000
47.69999734	0.00000000	35.21161000	12.25394000
47.89999733	0.00000000	33.63066000	9.93479300
48.09999732	0.00000000	28.55561000	8.40305000
48.29999731	0.00000000	20.46014000	7.98474400
48.49999730	0.00000000	11.62032000	8.40305000
48.69999729	0.00000000	4.26919300	9.98400600
48.89999727	0.00000000	0.03690945	12.67224000
49.09999726	0.00000000	0.07997046	15.74188000
49.29999725	0.00000000	4.73671200	18.43627000
49.49999724	0.00000000	13.20128000	19.97416000
49.69999723	0.00000000	23.24680000	19.93110000
49.89999721	0.00000000	32.46801000	18.01796000
50.09999720	0.00000000	38.65034000	14.53617000
50.29999719	0.00000000	39.77608000	10.72219000
50.49999718	0.00000000	35.95595000	7.19734200
50.69999717	-0.15871060	27.86048000	4.91510800
50.89999715	0.00000000	17.85802000	4.12770700
51.09999714	0.00000000	8.63681000	5.33341500
51.29999713	0.00000000	2.46063000	8.40305000
51.49999712	0.00000000	1.29183100	12.62918000
51.69999711	0.00000000	4.69365100	16.85531000
51.89999710	0.00000000	11.66339000	19.97416000
52.09999708	0.00000000	20.46014000	21.50590000
52.29999707	0.00000000	28.55561000	21.08760000
52.49999706	0.00000000	33.58760000	18.39321000
52.69999705	0.00000000	34.70103000	14.21014000
52.89999704	0.00000000	31.25615000	9.98400600
53.09999702	0.00000000	23.99729000	6.91437000
53.29999701	0.00000000	15.98794000	5.70866100
53.49999700	0.00000000	9.43651600	6.44685000
53.69999699	0.00000000	6.31766700	8.35383800
53.89999698	0.00000000	7.05585600	11.09744000
54.09999696	0.00000000	10.88213000	14.11786000
54.29999695	0.00000000	17.05832000	16.43701000
54.49999694	0.00000000	23.57899000	17.23056000
54.69999693	0.00000000	28.97392000	16.85531000
54.89999692	0.00000000	31.62524000	15.32357000
55.09999691	0.00000000	30.46260000	13.09055000
55.29999689	0.00000000	25.90428000	11.55881000
55.49999688	0.00000000	19.43897000	11.14050000
55.69999687	0.00000000	13.66880000	11.55881000
55.89999686	0.00000000	10.13164000	13.09055000
56.09999685	0.00000000	8.96899500	15.32357000
56.29999683	0.00000000	10.54995000	16.85531000
56.49999682	0.00000000	14.73917000	17.23056000
56.69999681	0.00000000	20.08489000	16.39395000
56.89999680	0.00000000	24.74163000	13.69956000
57.09999679	0.00000000	27.86048000	9.93479300
57.29999677	0.00000000	28.97392000	6.86515700
57.49999676	0.00000000	27.43602000	5.33341500
57.69999675	0.00000000	23.67126000	5.75172200
57.89999674	0.00000000	19.48204000	8.48917200
58.09999673	0.00000000	16.32013000	13.09670000
58.29999672	0.00000000	14.32087000	18.47933000
58.49999670	0.00000000	13.24434000	23.03765000
58.69999669	0.00000000	14.04404000	25.35679000
58.89999668	0.00000000	17.05832000	24.57554000
59.09999667	0.00000000	20.46014000	21.08760000
59.29999666	0.00000000	23.20374000	15.27436000
59.49999664	0.00000000	24.74163000	8.40305000
59.69999663	0.00000000	24.78469000	2.63902500
59.89999662	0.00000000	23.62205000	-0.42445860
60.09999661	0.00000000	21.71506000	-0.04921259
60.29999660	0.00000000	19.43897000	3.80167300
60.49999658	0.00000000	17.90108000	9.98400600
60.69999657	0.00000000	17.48277000	17.32283000
60.89999656	0.00000000	17.85802000	24.20029000
61.09999655	0.00000000	19.01451000	28.42643000
61.29999654	0.00000000	20.50935000	28.84473000
61.49999653	0.00000000	21.66585000	25.73203000
61.69999651	0.00000000	22.09030000	19.54970000
61.89999650	0.00000000	22.09030000	11.46653000
62.09999649	0.00000000	21.66585000	3.80167300
62.29999648	0.00000000	20.50935000	-1.58710600
62.49999647	0.00000000	18.97145000	-3.11884800
62.69999645	0.00000000	17.48277000	-0.46751960
62.89999644	0.00000000	16.73843000	5.29035400
63.09999643	0.00000000	17.48277000	12.62918000
63.29999642	0.00000000	18.97145000	19.97416000
63.49999641	0.00000000	20.55241000	25.73203000
63.69999639	0.00000000	22.09030000	28.42643000
63.89999638	0.00000000	23.24680000	27.35605000
64.09999637	0.00000000	23.62205000	23.50517000
64.29999636	0.00000000	23.20374000	18.06102000
64.49999635	0.00000000	21.66585000	11.51575000
64.69999634	0.00000000	19.43897000	5.75172200
64.89999632	0.00000000	17.90108000	2.22071800
65.09999631	0.00000000	17.43356000	1.01501000
65.29999630	0.00000000	17.43356000	2.17765700
65.49999629	0.00000000	17.85802000	5.24729300
65.69999628	0.00000000	19.01451000	9.51648500
65.89999626	0.00000000	20.50935000	14.16708000
66.09999625	0.00000000	21.66585000	18.39321000
66.29999624	0.00000000	22.04109000	21.13066000
66.49999623	0.00000000	21.66585000	22.01033000
66.69999622	0.00000000	20.55241000	22.05955000
66.89999620	0.00000000	19.38976000	21.54897000
67.09999619	0.00000000	18.59621000	19.59892000
67.29999618	0.00000000	17.90108000	16.16018000
67.49999617	0.00000000	18.31939000	12.67224000
67.69999616	0.00000000	20.22022000	9.51648500
67.89999615	0.00000000	22.50861000	6.77903500
68.09999613	0.00000000	24.78469000	4.82283400
68.29999612	0.00000000	25.90428000	3.70939900
68.49999611	0.00000000	25.15994000	4.12770700
68.69999610	0.00000000	23.20374000	6.48991100
68.89999609	0.00000000	20.08489000	10.35310000
69.09999607	0.00000000	16.22785000	15.36663000
69.29999606	0.00000000	12.82603000	20.01722000
69.49999605	0.00000000	10.88213000	23.50517000
69.69999604	0.00000000	11.29429000	25.40600000
69.89999603	0.00000000	13.61959000	24.61860000
70.09999601	0.00000000	17.90108000	21.54897000
70.29999600	0.00000000	23.24680000	16.85531000
70.49999599	0.00000000	27.90354000	11.09744000
70.69999598	0.00000000	30.97318000	5.70866100
70.89999597	0.00000000	31.76058000	2.22071800
71.09999596	0.00000000	29.76747000	1.05807100
71.29999594	0.00000000	25.52903000	2.63902500
71.49999593	0.00000000	19.34670000	6.82209600
71.69999592	0.00000000	13.24434000	12.21087000
71.89999591	0.00000000	8.96899500	17.23056000
72.09999590	0.00000000	7.38804100	21.13066000
72.29999588	0.00000000	8.55068800	23.03765000
72.49999587	0.00000000	12.03863000	22.71161000
72.69999586	0.00000000	17.48277000	20.39247000
72.89999585	0.00000000	23.62205000	16.94759000
73.09999584	0.00000000	29.01698000	13.13976000
73.29999582	0.00000000	32.13582000	10.44537000
73.49999581	0.00000000	32.55413000	9.60875900
73.69999580	0.00000000	30.59793000	9.93479300
73.89999579	0.00000000	26.36565000	11.09744000
74.09999578	0.00000000	20.97072000	12.62918000
74.29999577	0.00000000	15.98794000	14.11786000
74.49999575	0.00000000	12.46309000	14.85605000
74.69999574	0.00000000	11.33735000	14.11786000
74.89999573	0.00000000	12.41388000	12.67224000
75.09999572	0.00000000	15.47736000	11.51575000
75.29999571	0.00000000	18.92839000	11.14050000
75.49999569	0.00000000	22.09030000	11.55881000
75.69999568	0.00000000	24.78469000	13.13976000
75.89999567	0.00000000	26.32259000	15.78494000
76.09999566	0.00000000	26.32259000	18.47933000
76.29999565	0.00000000	24.82775000	20.39247000
76.49999563	0.00000000	22.60088000	21.13066000
76.69999562	0.00000000	21.01993000	19.92495000
76.89999561	0.00000000	20.22022000	16.85531000
77.09999560	0.00000000	19.80807000	12.58612000
77.29999559	0.00000000	20.17716000	7.98474400
77.49999558	0.00000000	20.50935000	4.17076700
77.69999556	0.00000000	20.55241000	2.68208600
77.89999555	0.00000000	20.50935000	4.12770700
78.09999554	0.00000000	20.13410000	7.60949800
78.29999553	0.00000000	19.34670000	11.88484000
78.49999552	0.00000000	18.63927000	16.94759000
78.69999550	0.00000000	18.27633000	21.50590000
78.89999549	0.00000000	19.06373000	24.24335000
79.09999548	0.00000000	20.55241000	24.57554000
79.29999547	0.00000000	22.17643000	22.29331000
79.49999546	0.00000000	24.08957000	17.69808000
79.69999544	0.00000000	25.94734000	12.72146000
79.89999543	0.00000000	26.32259000	8.40305000
80.09999542	0.00000000	25.20300000	5.29035400
80.29999541	-0.15871060	23.24680000	3.75246000
80.49999540	0.00000000	20.50935000	4.12770700
80.69999539	0.00000000	17.48277000	6.44685000
80.89999537	0.00000000	15.20054000	9.89173200
81.09999536	0.00000000	14.78223000	13.79183000
81.29999535	0.00000000	15.90182000	17.23056000
81.49999534	0.00000000	17.85802000	19.59892000
81.69999533	0.00000000	20.55241000	20.43553000
81.89999531	0.00000000	23.24680000	20.48474000
82.09999530	0.00000000	25.20300000	20.06029000
82.29999529	0.00000000	26.32259000	18.85458000
82.49999528	0.00000000	25.94734000	16.90453000
82.69999527	0.00000000	24.04650000	14.21014000
82.89999525	0.00000000	21.75812000	11.46653000
83.09999524	0.00000000	19.43897000	9.14124000
83.29999523	0.00000000	17.90108000	7.19734200
83.49999522	0.00000000	17.48277000	6.44685000
83.69999521	0.00000000	17.80881000	6.82209600
83.89999520	0.00000000	18.63927000	8.44611200
84.09999518	0.00000000	19.76501000	11.51575000
84.29999517	0.00000000	21.29675000	15.36663000
84.49999516	0.00000000	22.04109000	18.85458000
84.69999515	0.00000000	22.13336000	21.59203000
84.89999514	0.00000000	22.13336000	23.08686000
85.09999512	0.00000000	22.13336000	22.71161000
85.29999511	0.00000000	22.13336000	20.34941000
85.49999510	0.00000000	22.09030000	16.48622000
85.69999509	0.00000000	21.75812000	11.51575000
85.89999508	0.00000000	21.38902000	7.28346400
86.09999506	0.00000000	21.71506000	4.91510800
86.29999505	0.00000000	21.66585000	4.17691900
86.49999504	0.00000000	20.92766000	5.75172200
86.69999503	-0.15871060	20.17716000	9.56569900
86.89999502	0.00000000	19.38976000	14.16708000
87.09999501	0.00000000	19.01451000	18.43627000
87.29999499	0.00000000	19.01451000	21.50590000
87.49999498	0.00000000	19.43897000	22.71161000
87.69999497	0.00000000	20.59547000	21.88115000
87.89999496	0.00000000	22.09030000	19.18061000
88.09999495	0.00000000	23.29601000	14.58538000
88.29999493	0.00000000	24.04650000	10.02707000
88.49999492	0.00000000	24.40945000	6.86515700
88.69999491	0.00000000	23.62205000	5.33341500
88.89999490	0.00000000	22.13336000	5.75172200
89.09999489	0.00000000	20.59547000	8.44611200
89.29999487	0.00000000	19.43897000	12.67224000
89.49999486	0.00000000	19.01451000	17.27362000
89.69999485	0.00000000	19.01451000	21.08760000
89.89999484	0.00000000	19.43897000	22.61934000
90.09999483	0.00000000	20.55241000	21.50590000
90.29999482	0.00000000	21.71506000	18.43627000
90.49999480	0.00000000	22.50861000	14.21014000
90.69999479	0.00000000	23.24680000	9.98400600
90.89999478	0.00000000	23.24680000	6.91437000
91.09999477	0.00000000	22.55167000	5.75172200
91.29999476	0.00000000	22.17643000	6.91437000
91.49999474	0.00000000	22.13336000	10.02707000
91.69999473	0.00000000	22.13336000	14.62844000
91.89999472	-0.15871060	22.13336000	19.55585000
92.09999471	0.00000000	22.13336000	22.61934000
92.29999470	0.00000000	22.13336000	23.08686000
92.49999468	0.00000000	22.09030000	21.50590000
92.69999467	0.00000000	21.71506000	18.01796000
92.89999466	0.00000000	20.92766000	13.04749000
93.09999465	0.00000000	20.17716000	8.48917200
93.29999464	0.00000000	19.38976000	5.80093500
93.49999463	0.00000000	19.01451000	5.75172200
93.69999461	0.00000000	19.06373000	8.02780400
93.89999460	0.00000000	19.85728000	11.51575000
94.09999459	0.00000000	21.75812000	15.78494000
94.29999458	0.00000000	23.67126000	19.92495000
94.49999457	0.00000000	25.29527000	22.24409000
94.69999455	0.00000000	26.78395000	21.88115000
94.89999454	0.00000000	27.48524000	19.59892000
95.09999453	0.00000000	26.32259000	15.74188000
95.29999452	0.00000000	23.67126000	11.55881000
95.49999451	0.00000000	20.55241000	8.48917200
95.69999449	0.00000000	17.48277000	7.28346400
95.89999448	0.00000000	15.15748000	8.02780400
96.09999447	0.00000000	14.36393000	9.98400600
96.29999446	0.00000000	14.78223000	13.04749000
96.49999445	0.00000000	16.78149000	16.48622000
96.69999444	0.00000000	20.59547000	18.76845000
96.89999442	0.00000000	24.78469000	19.59892000
97.09999441	0.00000000	27.94660000	18.81152000
97.29999440	0.00000000	29.90280000	16.94759000
97.49999439	0.00000000	30.64714000	14.62844000
97.69999438	0.00000000	29.44143000	12.67224000
97.89999436	0.00000000	26.36565000	11.14050000
98.09999435	0.00000000	22.13336000	10.35310000
98.29999434	0.00000000	17.90108000	10.72219000
98.49999433	0.00000000	14.78223000	11.46653000
98.69999432	0.00000000	13.20128000	12.62918000
98.89999430	0.00000000	13.20128000	13.74262000
99.09999429	0.00000000	14.78223000	14.16708000
99.29999428	0.00000000	17.90108000	14.21014000
99.49999427	0.00000000	22.09030000	14.25320000
99.69999426	0.00000000	25.94734000	14.62844000
99.89999425	0.00000000	28.32185000	15.36663000
100.09999423	0.00000000	29.52756000	15.78494000
100.29999422	0.00000000	29.48450000	16.16018000
100.49999421	0.00000000	27.94660000	16.52928000
100.69999420	0.00000000	25.25221000	16.11712000
100.89999419	0.00000000	22.13336000	15.32357000
101.09999417	0.00000000	19.01451000	13.79183000
101.29999416	0.00000000	16.36319000	11.88484000
101.49999415	0.00000000	15.20054000	10.72219000
101.69999414	0.00000000	15.90182000	9.93479300
101.89999413	-0.15871060	17.43356000	10.02707000
102.09999411	0.00000000	19.38976000	11.55881000
102.29999410	0.00000000	21.75812000	14.21014000
102.49999409	0.00000000	24.04650000	16.90453000
102.69999408	0.00000000	25.99040000	18.85458000
102.89999407	0.00000000	26.78395000	20.01722000
103.09999406	0.00000000	26.78395000	20.01722000
103.29999404	0.00000000	25.99040000	18.81152000
103.49999403	0.00000000	24.08957000	16.48622000
103.69999402	0.00000000	22.17643000	13.04749000
103.89999401	0.00000000	20.55241000	10.02707000
104.09999400	0.00000000	19.01451000	8.44611200
104.29999398	0.00000000	17.90108000	8.40305000
104.49999397	0.00000000	17.90108000	9.55954600
104.69999396	0.00000000	19.01451000	11.51575000
104.89999395	0.00000000	20.55241000	14.21014000
105.09999394	0.00000000	22.13336000	16.90453000
105.29999392	0.00000000	23.67126000	18.81152000
105.49999391	0.00000000	24.82775000	19.59892000
105.69999390	0.00000000	25.20300000	18.81152000
105.89999389	0.00000000	24.82775000	16.94759000
106.09999388	0.00000000	23.67126000	14.62844000
106.29999387	0.00000000	22.17643000	12.72146000
106.49999385	0.00000000	21.01993000	11.55881000
106.69999384	0.00000000	20.64468000	11.51575000
106.89999383	0.00000000	20.97072000	12.29700000
107.09999382	0.00000000	21.75812000	13.46580000
107.29999381	0.00000000	22.50861000	15.36663000
107.49999379	0.00000000	23.29601000	16.89837000
107.69999378	0.00000000	23.67126000	17.69808000
107.89999377	0.00000000	23.67126000	18.06102000
108.09999376	0.00000000	23.29601000	17.23056000
108.29999375	0.00000000	22.50861000	15.40969000
108.49999374	0.00000000	21.75812000	13.46580000
108.69999372	0.00000000	20.97072000	12.34621000
108.89999371	0.00000000	20.64468000	11.88484000
109.09999370	0.00000000	20.97072000	12.29700000
109.29999369	0.00000000	21.75812000	13.04749000
109.49999368	0.00000000	22.50861000	14.25320000
109.69999366	0.00000000	23.33907000	15.74188000
109.89999365	0.00000000	24.08957000	16.89837000
110.09999364	0.00000000	24.82775000	17.27362000
110.29999363	0.00000000	24.78469000	16.89837000
110.49999362	0.00000000	23.71432000	15.74188000
110.69999360	0.00000000	22.55167000	14.25320000
110.89999359	0.00000000	21.75812000	13.04749000
111.09999358	0.00000000	20.97072000	12.25394000
111.29999357	0.00000000	20.59547000	11.51575000
111.49999356	0.00000000	20.59547000	11.51575000
111.69999355	0.00000000	20.97072000	12.25394000
111.89999353	-0.15871060	21.75812000	13.00443000
112.09999352	0.00000000	22.50861000	13.83489000
112.29999351	0.00000000	23.29601000	14.58538000
112.49999350	0.00000000	23.67126000	15.36663000
112.69999349	0.00000000	23.71432000	15.74188000
112.89999347	0.00000000	23.67126000	15.74188000
113.09999346	0.00000000	23.29601000	15.36663000
113.29999345	0.00000000	22.55167000	14.62844000
113.49999344	0.00000000	22.17643000	14.25320000
113.69999343	0.00000000	22.13336000	14.16708000
113.89999341	0.00000000	22.13336000	13.79183000
114.09999340	0.00000000	22.13336000	13.04749000
114.29999339	0.00000000	22.13336000	12.67224000
114.49999338	0.00000000	22.13336000	12.62918000
114.69999337	0.00000000	22.13336000	12.62918000
114.89999336	0.00000000	22.13336000	12.62918000
115.09999334	0.00000000	22.17643000	12.62918000
115.29999333	0.00000000	22.50861000	12.67224000
115.49999332	0.00000000	22.92076000	13.09670000
115.69999331	0.00000000	22.88386000	14.21014000
115.89999330	0.00000000	22.92076000	15.32357000
116.09999328	0.00000000	22.50861000	15.78494000
116.29999327	0.00000000	22.17643000	16.20325000
116.49999326	0.00000000	22.13336000	16.89837000
116.69999325	0.00000000	22.13336000	16.85531000
116.89999324	0.00000000	22.13336000	15.78494000
117.09999322	0.00000000	22.17643000	14.67150000
117.29999321	0.00000000	22.55167000	14.21014000
117.49999320	0.00000000	23.33907000	13.79183000
117.69999319	0.00000000	24.08957000	13.04749000
117.89999318	0.00000000	24.82775000	12.67224000
118.09999317	0.00000000	24.82775000	12.67224000
118.29999315	0.00000000	24.08957000	13.09670000
118.49999314	0.00000000	23.33907000	14.21014000
118.69999313	0.00000000	22.50861000	15.36663000
118.89999312	0.00000000	21.75812000	16.16018000
119.09999311	0.00000000	20.97072000	16.94759000
119.29999309	0.00000000	20.59547000	17.32283000
119.49999308	0.00000000	20.59547000	17.32283000
119.69999307	0.00000000	21.01993000	16.94759000
119.89999306	0.00000000	22.17643000	16.16018000
120.09999305	0.00000000	23.67126000	15.40969000
120.29999303	0.00000000	24.82775000	14.62844000
120.49999302	0.00000000	25.25221000	14.25320000
120.69999301	0.00000000	25.29527000	14.21014000
120.89999300	0.00000000	25.25221000	14.21014000
121.09999299	0.00000000	24.82775000	14.21014000
121.29999298	0.00000000	23.71432000	14.21014000
121.49999296	0.00000000	22.55167000	14.21014000
121.69999295	0.00000000	21.75812000	14.25320000
121.89999294	0.00000000	20.97072000	14.62844000
122.09999293	0.00000000	20.64468000	15.36663000
122.29999292	0.00000000	20.97072000	15.74188000
122.49999290	0.00000000	21.75812000	15.78494000
122.69999289	0.00000000	22.50861000	15.78494000
122.89999288	0.00000000	23.33907000	15.78494000
123.09999287	0.00000000	24.08957000	15.78494000
123.29999286	0.00000000	24.87697000	15.74188000
123.49999284	0.00000000	25.25221000	15.36663000
123.69999283	0.00000000	25.29527000	14.62844000
123.89999282	0.00000000	25.25221000	14.25320000
124.09999281	0.00000000	24.87697000	14.21014000
124.29999280	0.00000000	24.08957000	14.21014000
124.49999279	0.00000000	23.33907000	14.21014000
124.69999277	0.00000000	22.50861000	14.21014000
124.89999276	0.00000000	21.75812000	14.21014000
125.09999275	0.00000000	21.01993000	14.25320000
125.29999274	0.00000000	21.01993000	14.62844000
125.49999273	0.00000000	21.75812000	15.36663000
125.69999271	0.00000000	22.50861000	15.74188000
125.89999270	0.00000000	23.33907000	15.78494000
126.09999269	0.00000000	24.08957000	15.78494000
126.29999268	0.00000000	24.87697000	15.78494000
126.49999267	0.00000000	25.25221000	15.74188000
126.69999265	0.00000000	25.25221000	15.36663000
126.89999264	0.00000000	24.82775000	14.62844000
127.09999263	0.00000000	23.71432000	14.25320000
127.29999262	0.00000000	22.55167000	14.21014000
127.49999261	0.00000000	21.75812000	14.21014000
127.69999260	0.00000000	20.97072000	14.21014000
127.89999258	0.00000000	20.64468000	14.21014000
128.09999257	0.00000000	21.01993000	14.21014000
128.29999256	0.00000000	22.13336000	14.21014000
128.49999255	0.00000000	23.29601000	14.25320000
128.69999254	0.00000000	24.08957000	14.58538000
128.89999252	0.00000000	24.87697000	14.94833000
129.09999251	0.00000000	25.20300000	14.58538000
129.29999250	0.00000000	24.87697000	14.25320000
129.49999249	0.00000000	24.08957000	14.21014000
129.69999248	0.00000000	23.29601000	14.21014000
129.89999246	0.00000000	22.13336000	14.21014000
130.09999245	0.00000000	21.01993000	14.21014000
130.29999244	0.00000000	20.64468000	14.21014000
130.49999243	0.00000000	21.01993000	14.25320000
130.69999242	0.00000000	22.13336000	14.62844000
130.89999241	0.00000000	23.29601000	15.36663000
131.09999239	0.00000000	24.08957000	15.69267000
131.29999238	0.00000000	24.87697000	15.36663000
131.49999237	0.00000000	25.20300000	14.62844000
131.69999236	0.00000000	24.87697000	14.25320000
131.89999235	0.00000000	24.13263000	14.21014000
132.09999233	0.00000000	23.71432000	14.21014000
132.29999232	0.00000000	23.29601000	14.21014000
132.49999231	0.00000000	22.60088000	14.25320000
132.69999230	0.00000000	22.60088000	14.62844000
132.89999229	0.00000000	23.29601000	15.36663000
133.09999227	0.00000000	23.67126000	15.78494000
133.29999226	0.00000000	23.71432000	16.20325000
133.49999225	0.00000000	23.71432000	16.94759000
133.69999224	0.00000000	23.67126000	17.27362000
133.89999223	0.00000000	23.33907000	16.99065000
134.09999222	0.00000000	22.96998000	16.53543000
134.29999220	0.00000000	23.33907000	16.15404000
134.49999219	0.00000000	23.67126000	15.00369000
134.69999218	0.00000000	23.75738000	14.30241000
134.89999217	0.00000000	24.13263000	14.21014000
135.09999216	0.00000000	24.87697000	14.21014000
135.29999214	0.00000000	25.25221000	14.25320000
135.49999213	0.00000000	25.25221000	14.62844000
135.69999212	0.00000000	24.87697000	15.36663000
135.89999211	0.00000000	24.13263000	15.78494000
136.09999210	0.00000000	23.71432000	16.20325000
136.29999208	0.00000000	23.29601000	16.89837000
136.49999207	0.00000000	22.60088000	16.89837000
136.69999206	0.00000000	22.60088000	16.20325000
136.89999205	0.00000000	23.29601000	15.78494000
137.09999204	0.00000000	23.71432000	15.36663000
137.29999203	0.00000000	24.13263000	14.62844000
137.49999201	0.00000000	24.87697000	14.25320000
137.69999200	0.00000000	25.25221000	14.21014000
137.89999199	0.00000000	25.29527000	14.21014000
138.09999198	0.00000000	25.25221000	14.21014000
138.29999197	0.00000000	24.87697000	14.21014000
138.49999195	0.00000000	24.08957000	14.25320000
138.69999194	0.00000000	23.33907000	14.62844000
138.89999193	0.00000000	22.55167000	15.36663000
139.09999192	0.00000000	22.22564000	15.74188000
139.29999191	0.00000000	22.55167000	15.78494000
139.49999189	0.00000000	23.33907000	15.78494000
139.69999188	0.00000000	24.08957000	15.78494000
139.89999187	0.00000000	24.87697000	15.78494000
140.09999186	0.00000000	25.25221000	15.74188000
140.29999185	0.00000000	25.29527000	15.36663000
140.49999184	0.00000000	25.25221000	14.58538000
140.69999182	0.00000000	24.87697000	13.83489000
140.89999181	0.00000000	24.13263000	13.09670000
141.09999180	0.00000000	23.75738000	13.09670000
141.29999179	0.00000000	23.71432000	13.83489000
141.49999178	0.00000000	23.71432000	14.58538000
141.69999176	0.00000000	23.71432000	15.40969000
141.89999175	0.00000000	23.71432000	16.16018000
142.09999174	0.00000000	23.75738000	16.94759000
142.29999173	0.00000000	24.13263000	17.27362000
142.49999172	0.00000000	24.82775000	16.94759000
142.69999170	0.00000000	24.82775000	16.16018000
142.89999169	0.00000000	24.13263000	15.40969000
143.09999168	0.00000000	23.75738000	14.62844000
143.29999167	0.00000000	23.71432000	14.21014000
143.49999166	0.00000000	23.71432000	13.83489000
143.69999165	0.00000000	23.71432000	13.46580000
143.89999163	0.00000000	23.75738000	13.87795000
144.09999162	0.00000000	24.08957000	14.58538000
144.29999161	0.00000000	24.50172000	15.36663000
144.49999160	0.00000000	24.50787000	15.78494000
144.69999159	0.00000000	24.92003000	16.16018000
144.89999157	0.00000000	25.25221000	16.52928000
145.09999156	0.00000000	25.25221000	16.16018000
145.29999155	0.00000000	24.87697000	15.82800000
145.49999154	0.00000000	24.13263000	15.78494000
145.69999153	0.00000000	23.75738000	15.74188000
145.89999151	0.00000000	23.71432000	15.36663000
146.09999150	0.00000000	23.71432000	14.62844000
146.29999149	0.00000000	23.75738000	14.25320000
146.49999148	0.00000000	24.13263000	14.21014000
146.69999147	0.00000000	24.87697000	14.25320000
146.89999146	0.00000000	25.25221000	14.62844000
147.09999144	0.00000000	25.29527000	15.36663000
147.29999143	0.00000000	25.29527000	15.78494000
147.49999142	0.00000000	25.25221000	16.20325000
147.69999141	0.00000000	24.87697000	16.94759000
147.89999140	0.00000000	24.13263000	17.27362000
148.09999138	0.00000000	23.75738000	16.94759000
148.29999137	0.00000000	23.71432000	16.20325000
148.49999136	0.00000000	23.71432000	15.78494000
148.69999135	0.00000000	23.75738000	15.40969000
148.89999134	0.00000000	24.13263000	15.00369000
149.09999132	-0.15871060	24.87697000	14.99139000
149.29999131	0.00000000	25.25221000	14.58538000
149.49999130	0.00000000	25.29527000	14.30241000
149.69999129	0.00000000	25.29527000	14.62844000
149.89999128	0.00000000	25.29527000	15.40969000
150.09999127	0.00000000	25.29527000	16.11712000
150.29999125	0.00000000	25.29527000	16.52928000
150.49999124	0.00000000	25.25221000	16.20325000
150.69999123	0.00000000	24.87697000	16.20325000
150.89999122	0.00000000	24.13263000	16.52928000
151.09999121	0.00000000	23.75738000	16.16018000
151.29999119	0.00000000	23.71432000	15.82800000
151.49999118	0.00000000	23.71432000	15.78494000
151.69999117	0.00000000	23.75738000	15.78494000
151.89999116	0.00000000	24.13263000	15.78494000
152.09999115	0.00000000	24.87697000	15.78494000
152.29999113	0.00000000	25.25221000	15.78494000
152.49999112	0.00000000	25.29527000	15.78494000
152.69999111	0.00000000	25.29527000	15.78494000
152.89999110	0.00000000	25.29527000	15.78494000
153.09999109	0.00000000	25.29527000	15.78494000
153.29999108	0.00000000	25.29527000	15.78494000
153.49999106	0.00000000	25.25221000	15.78494000
153.69999105	0.00000000	24.87697000	15.78494000
153.89999104	0.00000000	24.13263000	15.78494000
154.09999103	0.00000000	23.75738000	15.78494000
154.29999102	0.00000000	23.75738000	15.78494000
154.49999100	0.00000000	24.13263000	15.78494000
154.69999099	0.00000000	24.87697000	15.78494000
154.89999098	0.00000000	25.25221000	15.78494000
155.09999097	0.00000000	25.33834000	15.78494000
155.29999096	0.00000000	25.67052000	15.74188000
155.49999094	0.00000000	26.03961000	15.40969000
155.69999093	0.00000000	25.67052000	15.04675000
155.89999092	0.00000000	25.33834000	15.40969000
156.09999091	0.00000000	25.29527000	15.74188000
156.29999090	0.00000000	25.29527000	15.78494000
156.49999089	0.00000000	25.25221000	15.82800000
156.69999087	0.00000000	24.87697000	16.20325000
156.89999086	0.00000000	24.13263000	16.89837000
157.09999085	0.00000000	23.80659000	16.89837000
157.29999084	0.00000000	24.13263000	16.20325000
157.49999083	0.00000000	24.87697000	15.82800000
157.69999081	0.00000000	25.25221000	15.74188000
157.89999080	0.00000000	25.29527000	15.36663000
158.09999079	0.00000000	25.29527000	14.62844000
158.29999078	0.00000000	25.29527000	14.25320000
158.49999077	0.00000000	25.29527000	14.25320000
158.69999075	0.00000000	25.29527000	14.62844000
158.89999074	0.00000000	25.29527000	15.36663000
159.09999073	0.00000000	25.29527000	15.74188000
159.29999072	0.00000000	25.29527000	15.78494000
159.49999071	0.00000000	25.29527000	15.82800000
159.69999070	0.00000000	25.29527000	16.16018000
159.89999068	0.00000000	25.29527000	16.52928000
160.09999067	0.00000000	25.25221000	16.16018000
160.29999066	0.00000000	24.92003000	15.82800000
160.49999065	0.00000000	24.55093000	15.78494000
160.69999064	0.00000000	24.92003000	15.74188000
160.89999062	0.00000000	25.25221000	15.36663000
161.09999061	0.00000000	25.29527000	14.62844000
161.29999060	0.00000000	25.29527000	14.25320000
161.49999059	0.00000000	25.29527000	14.25320000
161.69999058	0.00000000	25.33834000	14.62844000
161.89999056	0.00000000	25.67052000	15.36663000
162.09999055	0.00000000	26.03961000	15.74188000
162.29999054	0.00000000	25.67052000	15.78494000
162.49999053	0.00000000	25.33834000	15.78494000
162.69999052	0.00000000	25.29527000	15.78494000
162.89999051	0.00000000	25.25221000	15.78494000
163.09999049	0.00000000	24.87697000	15.78494000
163.29999048	0.00000000	24.13263000	15.78494000
163.49999047	0.00000000	23.80659000	15.78494000
163.69999046	0.00000000	24.04650000	15.78494000
163.89999045	0.00000000	24.12647000	15.74188000
164.09999043	0.00000000	23.76968000	15.40969000
164.29999042	0.00000000	24.54478000	15.00369000
164.49999041	0.00000000	25.25221000	15.04060000
164.69999040	0.00000000	25.71358000	15.00369000
164.89999039	0.00000000	26.45792000	15.40969000
165.09999037	0.00000000	26.78395000	15.74188000
165.29999036	0.00000000	26.45792000	15.78494000
165.49999035	0.00000000	25.71358000	15.78494000
165.69999034	0.00000000	25.33834000	15.78494000
165.89999033	0.00000000	25.29527000	15.78494000
166.09999032	0.00000000	25.29527000	15.78494000
166.29999030	0.00000000	25.29527000	15.78494000
166.49999029	0.00000000	25.29527000	15.78494000
166.69999028	0.00000000	25.29527000	15.78494000
166.89999027	0.00000000	25.29527000	15.78494000
167.09999026	0.00000000	25.33834000	15.78494000
167.29999024	0.00000000	25.71358000	15.78494000
167.49999023	0.00000000	26.45792000	15.78494000
167.69999022	0.00000000	26.78395000	15.78494000
167.89999021	0.00000000	26.50098000	15.78494000
168.09999020	0.00000000	26.13189000	15.78494000
168.29999018	0.00000000	26.50098000	15.78494000
168.49999017	0.00000000	26.78395000	15.78494000
168.69999016	0.00000000	26.45792000	15.78494000
168.89999015	0.00000000	25.71358000	15.78494000
169.09999014	0.00000000	25.33834000	15.78494000
169.29999013	0.00000000	25.29527000	15.78494000
169.49999011	0.00000000	25.29527000	15.82800000
169.69999010	0.00000000	25.29527000	16.16018000
169.89999009	0.00000000	25.29527000	16.52928000
170.09999008	0.00000000	25.29527000	16.16018000
170.29999007	0.00000000	25.29527000	15.82800000
170.49999005	0.00000000	25.33834000	15.78494000
170.69999004	0.00000000	25.71358000	15.78494000
170.89999003	0.00000000	26.45792000	15.78494000
171.09999002	0.00000000	26.83317000	15.78494000
171.29999001	0.00000000	26.83317000	15.78494000
171.49998999	0.00000000	26.45792000	15.78494000
171.69998998	0.00000000	25.71358000	15.78494000
171.89998997	0.00000000	25.33834000	15.78494000
172.09998996	0.00000000	25.29527000	15.78494000
172.29998995	0.00000000	25.29527000	15.78494000
172.49998994	0.00000000	25.29527000	15.78494000
172.69998992	0.00000000	25.29527000	15.78494000
172.89998991	0.00000000	25.29527000	15.78494000
173.09998990	0.00000000	25.29527000	15.78494000
173.29998989	0.00000000	25.29527000	15.78494000
173.49998988	0.00000000	25.29527000	15.78494000
173.69998986	0.00000000	25.29527000	15.78494000
173.89998985	0.00000000	25.29527000	15.78494000
174.09998984	0.00000000	25.29527000	15.78494000
174.29998983	0.00000000	25.29527000	15.78494000
174.49998982	0.00000000	25.33834000	15.78494000
174.69998980	0.00000000	25.67052000	15.78494000
174.89998979	0.00000000	26.03961000	15.78494000
175.09998978	0.00000000	25.67052000	15.78494000
175.29998977	0.00000000	25.33834000	15.78494000
175.49998976	0.00000000	25.29527000	15.78494000
175.69998975	0.00000000	25.29527000	15.78494000
175.89998973	0.00000000	25.33834000	15.78494000
176.09998972	0.00000000	25.67052000	15.78494000
176.29998971	0.00000000	26.03961000	15.78494000
176.49998970	0.00000000	25.67052000	15.78494000
176.69998969	0.00000000	25.33834000	15.78494000
176.89998967	0.00000000	25.29527000	15.78494000
177.09998966	0.00000000	25.29527000	15.78494000
177.29998965	0.00000000	25.29527000	15.78494000
177.49998964	0.00000000	25.33834000	15.78494000
177.69998963	0.00000000	25.67052000	15.78494000
177.89998961	0.00000000	26.03961000	15.78494000
178.09998960	0.00000000	25.71358000	15.78494000
178.29998959	0.00000000	25.71358000	15.78494000
178.49998958	0.00000000	26.08268000	15.82800000
178.69998957	0.00000000	26.08883000	16.20325000
178.89998956	0.00000000	26.50098000	16.89837000
179.09998954	0.00000000	26.83317000	16.89837000
179.29998953	0.00000000	26.87623000	16.20325000
179.49998952	0.00000000	26.87623000	15.82800000
179.69998951	0.00000000	26.87623000	15.78494000
179.89998950	0.00000000	26.87623000	15.78494000
180.09998948	0.00000000	26.87623000	15.78494000
180.29998947	0.00000000	26.87623000	15.78494000
180.49998946	0.00000000	26.87623000	15.82800000
180.69998945	0.00000000	26.87623000	16.16018000
180.89998944	0.00000000	26.87623000	16.57234000
181.09998942	0.00000000	26.87623000	16.57849000
181.29998941	0.00000000	26.87623000	16.99065000
181.49998940	0.00000000	26.87623000	17.32283000
181.69998939	0.00000000	26.87623000	17.36589000
181.89998938	0.00000000	26.87623000	17.36589000
182.09998937	0.00000000	26.87623000	17.32283000
182.29998935	0.00000000	26.87623000	16.94759000
182.49998934	0.00000000	26.87623000	16.20325000
182.69998933	0.00000000	26.87623000	15.82800000
182.89998932	0.00000000	26.87623000	15.78494000
183.09998931	0.00000000	26.87623000	15.78494000
183.29998929	0.00000000	26.87623000	15.78494000
183.49998928	0.00000000	26.87623000	15.78494000
183.69998927	0.00000000	26.87623000	15.82800000
183.89998926	0.00000000	26.87623000	16.20325000
184.09998925	0.00000000	26.87623000	16.94759000
184.29998923	0.00000000	26.87623000	17.32283000
184.49998922	0.00000000	26.87623000	17.36589000
184.69998921	0.00000000	26.87623000	17.36589000
184.89998920	0.00000000	26.87623000	17.36589000
185.09998919	0.00000000	26.87623000	17.36589000
185.29998918	0.00000000	26.87623000	17.32283000
185.49998916	0.00000000	26.87623000	16.94759000
185.69998915	0.00000000	26.87623000	16.20325000
185.89998914	0.00000000	26.87623000	15.82800000
186.09998913	0.00000000	26.87623000	15.78494000
186.29998912	0.00000000	26.83317000	15.78494000
186.49998910	0.00000000	26.50098000	15.78494000
186.69998909	0.00000000	26.13189000	15.82800000
186.89998908	0.00000000	26.50098000	16.20325000
187.09998907	0.00000000	26.83317000	16.94759000
187.29998906	0.00000000	26.87623000	17.32283000
187.49998904	0.00000000	26.83317000	17.32283000
187.69998903	0.00000000	26.50098000	16.94759000
187.89998902	0.00000000	26.13189000	16.20325000
188.09998901	0.00000000	26.50098000	15.82800000
188.29998900	0.00000000	26.83317000	15.78494000
188.49998899	0.00000000	26.87623000	15.78494000
188.69998897	0.00000000	26.87623000	15.78494000
188.89998896	0.00000000	26.87623000	15.78494000
189.09998895	0.00000000	26.87623000	15.78494000
189.29998894	0.00000000	26.87623000	15.78494000
189.49998893	0.00000000	26.87623000	15.78494000
189.69998891	0.00000000	26.87623000	15.78494000
189.89998890	0.00000000	26.87623000	15.78494000
190.09998889	0.00000000	26.87623000	15.78494000
190.29998888	0.00000000	26.87623000	15.82800000
190.49998887	0.00000000	26.87623000	16.20325000
190.69998885	0.00000000	26.87623000	16.94759000
190.89998884	0.00000000	26.87623000	17.27362000
191.09998883	0.00000000	26.87623000	16.99065000
191.29998882	0.00000000	26.87623000	16.57849000
191.49998881	0.00000000	26.87623000	16.61540000
191.69998880	0.00000000	26.91929000	16.57849000
191.89998878	0.00000000	27.25147000	16.94759000
192.09998877	0.00000000	27.62057000	16.89837000
192.29998876	0.00000000	27.25147000	16.20325000
192.49998875	0.00000000	26.91929000	15.82800000
192.69998874	0.00000000	26.87623000	15.82800000
192.89998872	0.00000000	26.87623000	16.20325000
193.09998871	0.00000000	26.87623000	16.94759000
193.29998870	0.00000000	26.87623000	17.32283000
193.49998869	0.00000000	26.87623000	17.36589000
193.69998868	0.00000000	26.87623000	17.36589000
193.89998866	0.00000000	26.91929000	17.36589000
194.09998865	0.00000000	27.29453000	17.36589000
194.29998864	0.00000000	28.03888000	17.36589000
194.49998863	0.00000000	28.41412000	17.36589000
194.69998862	0.00000000	28.41412000	17.36589000
194.89998861	0.00000000	28.03888000	17.36589000
195.09998859	0.00000000	27.29453000	17.36589000
195.29998858	0.00000000	26.91929000	17.36589000
195.49998857	0.00000000	26.83317000	17.32283000
195.69998856	0.00000000	26.50098000	16.99065000
195.89998855	0.00000000	26.13189000	16.57849000
196.09998853	0.00000000	26.50098000	16.61540000
